13 472
13 768
13 1012
13 647
13 1135
13 1025
13 463
13 1362
13 480
13 2728
13 926
13 566
13 605
13 1024
13 1275
13 1219
13 1089
13 588
13 390
13 822
13 1375
13 760
13 1694
13 2306
13 1623
13 2455
13 1749
13 820
13 667
13 766
13 1260
13 1460
13 1260
13 544
13 672
13 953
13 1172
13 822
13 570
13 733
13 1574
13 863
13 455
13 1150
13 822
13 537
13 664
13 1094
13 2029
13 792
13 1528
13 1232
13 1040
13 767
13 683
13 1266
13 1493
13 1427
13 565
13 851
13 2560
13 1700
13 1107
13 952
13 803
13 1440
13 511
13 895
13 618
13 520
13 684
13 1202
13 799
13 602
13 556
13 1004
13 700
13 632
13 1158
13 867
13 1044
13 686
13 1523
13 855
13 511
13 1676
13 775
13 1049
13 1505
13 1012
13 814
13 1350
13 899
13 2106
13 624
13 1113
13 1222
13 1726
13 648
13 539
