34 1213
34 1617
34 1450
34 1533
34 1124
34 2021
34 1590
34 1723
34 1672
34 1724
34 1716
34 2044
34 2242
34 2428
34 1535
34 2261
34 1545
34 1600
34 1972
34 1827
34 2191
34 1674
34 2398
34 1840
34 1289
34 1229
34 1442
34 1947
34 2539
34 1467
34 3460
34 1179
34 1212
34 2194
34 1680
34 1050
34 1141
34 1502
34 2046
34 1856
34 1745
34 2625
34 2069
34 2582
34 1203
34 1239
34 1780
34 1650
34 2356
34 1959
34 1642
34 1231
34 1876
34 2342
34 2205
34 1355
34 2275
34 1832
34 2246
34 2257
34 1714
34 1885
34 1460
34 1605
34 1134
34 1960
34 1454
34 1463
34 2157
34 2015
34 1315
34 1662
34 1551
34 2202
34 1561
34 1810
34 2407
34 2063
34 2020
34 1631
34 1279
34 1093
34 1161
34 1455
34 1272
34 1902
34 2087
34 1449
34 1312
34 1348
34 1788
34 2131
34 2009
34 1809
34 1648
34 1908
34 1931
34 1956
34 1642
34 1510
