20 779
20 487
20 630
21 726
23 808
17 656
20 769
18 744
19 658
17 546
19 565
19 1463
14 843
23 854
22 1020
20 1086
16 1159
20 1818
17 555
21 710
18 647
19 616
12 518
18 618
13 586
18 715
17 648
16 586
16 485
18 683
17 584
22 1097
23 828
19 770
16 553
21 796
21 625
18 710
23 687
23 729
17 677
17 1256
16 1520
18 726
19 1190
20 1307
17 929
14 701
20 741
16 856
23 669
21 793
19 627
20 660
20 1089
13 484
8 695
20 3096
17 862
19 1140
16 1605
19 654
17 1180
19 714
23 856
20 887
19 1000
24 597
21 578
21 1091
20 675
21 1015
18 976
17 729
21 1314
21 1605
20 1385
17 1573
23 880
21 1371
19 1122
19 820
20 989
20 758
25 1726
21 621
10 1065
15 557
22 702
22 874
19 694
18 1213
19 680
18 1221
17 818
17 635
21 882
16 647
15 1393
22 893
