15 3125
15 973
15 1154
15 631
15 1358
15 1225
15 2002
15 1045
15 1599
15 907
15 709
15 1296
15 739
15 716
15 915
15 1578
15 1775
15 1075
15 1245
15 2304
15 1543
15 2068
15 1198
15 2933
15 1440
15 664
15 745
15 1557
15 1951
15 1414
15 1969
15 1694
15 1617
15 3076
15 1433
15 1583
15 2076
15 2015
15 1358
15 1309
15 837
15 2120
15 1047
15 2082
15 1293
15 1735
15 1151
15 1453
15 1793
15 1075
15 1496
15 1567
15 1933
15 2092
15 1653
15 812
15 1698
15 2221
15 1312
15 995
15 1051
15 2568
15 1505
15 1660
15 1427
15 881
15 2026
15 1812
15 1090
15 2265
15 2279
15 1236
15 1542
15 2516
15 1391
15 1533
15 1790
15 1751
15 2086
15 2553
15 1274
15 1057
15 1392
15 1437
15 1500
15 1786
15 1238
15 1979
15 1025
15 798
15 769
15 1051
15 2060
15 1345
15 1636
15 1434
15 1521
15 593
15 1177
15 579
