24 485
24 513
24 544
24 528
24 525
24 525
24 727
24 493
24 473
24 723
24 934
24 741
24 858
24 532
24 503
24 438
24 509
24 518
24 509
24 628
24 683
24 657
24 524
24 687
24 533
24 490
24 506
24 498
24 678
24 533
24 508
24 636
24 516
24 559
24 498
24 644
24 518
24 690
24 517
24 486
24 537
24 515
24 751
24 481
24 445
24 519
24 695
24 593
24 1134
24 458
24 579
24 497
24 518
24 474
24 519
24 696
24 660
24 561
24 500
24 901
24 500
24 645
24 514
24 469
24 556
24 537
24 2433
24 726
24 483
24 550
24 563
24 887
24 554
24 671
24 487
24 645
24 510
24 743
24 773
24 550
24 544
24 909
24 676
24 738
24 702
24 521
24 1183
24 499
24 745
24 522
24 534
24 751
24 765
24 552
24 960
24 462
24 494
24 608
24 646
24 554
