2 254
2 430
2 644
2 1212
2 510
2 518
2 221
2 275
2 446
2 770
2 538
2 1220
2 448
2 552
2 573
2 344
2 801
2 252
2 500
2 804
2 405
2 743
2 444
2 1026
2 683
2 546
2 259
2 600
2 610
2 352
2 300
2 262
2 437
2 325
2 556
2 445
2 243
2 543
2 453
2 260
2 424
2 481
2 805
2 764
2 368
2 297
2 472
2 282
2 224
2 1024
2 412
2 866
2 547
2 230
2 339
2 603
2 465
2 729
2 520
2 475
2 628
2 410
2 283
2 684
2 461
2 404
2 247
2 240
2 738
2 853
2 569
2 284
2 256
2 348
2 309
2 201
2 391
2 402
2 717
2 240
2 363
2 306
2 406
2 471
2 526
2 446
2 235
2 544
2 646
2 581
2 465
2 251
2 634
2 552
2 301
2 356
2 507
2 321
2 283
2 580
