17 2461
17 2335
17 2107
17 2261
17 2547
17 1217
17 1885
17 1407
17 1740
17 2198
17 1665
17 1509
17 1648
17 1581
17 2443
17 2261
17 1921
17 1484
17 1456
17 1731
17 1711
17 769
17 2605
17 1878
17 1846
17 1562
17 1327
17 2122
17 1171
17 2703
17 2254
17 1196
17 1476
17 2037
17 1854
17 1458
17 1892
17 1034
17 2072
17 1203
17 2361
17 1697
17 2558
17 2011
17 2155
17 1737
17 1525
17 2198
17 2232
17 2257
17 1792
17 1534
17 2078
17 1598
17 1301
17 1368
17 1298
17 1792
17 1127
17 1776
17 1276
17 1822
17 2300
17 2087
17 2094
17 1764
17 2510
17 2511
17 3019
17 1925
17 2231
17 1225
17 1814
17 2729
17 2170
17 1739
17 1674
17 1268
17 1627
17 1505
17 1857
17 2198
17 2044
17 5347
17 1588
17 1004
17 2082
17 2112
17 1860
17 1715
17 1417
17 1851
17 1830
17 2275
17 2293
17 2137
17 1660
17 1354
17 1898
17 2334
