2 244
2 528
2 325
2 264
2 241
2 254
2 476
2 680
2 583
2 435
2 495
2 369
2 417
2 381
2 420
2 392
2 275
2 562
2 266
2 1052
2 648
2 463
2 221
2 798
2 889
2 875
2 463
2 665
2 580
2 1058
2 651
2 198
2 443
2 308
2 585
2 573
2 725
2 742
2 895
2 701
2 553
2 629
2 468
2 282
2 312
2 608
2 389
2 308
2 415
2 565
2 477
2 280
2 377
2 563
2 708
2 580
2 777
2 319
2 517
2 364
2 298
2 270
2 1269
2 526
2 977
2 473
2 247
2 237
2 417
2 551
2 533
2 301
2 290
2 729
2 307
2 424
2 278
2 1262
2 427
2 590
2 233
2 510
2 609
2 513
2 601
2 392
2 612
2 556
2 381
2 613
2 298
2 537
2 413
2 712
2 235
2 225
2 244
2 249
2 285
2 602
