15 1344
26 2236
26 2626
23 3246
22 2642
27 1918
21 1636
27 2396
23 1296
25 1121
28 1813
22 2390
27 2247
27 1484
23 2609
23 1600
23 1467
26 1958
30 1844
27 1746
20 1954
23 1305
20 1308
26 1940
23 1864
24 1845
23 2106
14 1679
21 1902
22 1984
25 1866
19 1988
25 1967
25 2289
22 2325
24 1942
21 1474
23 2819
23 2338
20 2536
18 1788
23 1675
21 2180
26 2815
23 1505
13 1434
25 1576
22 1767
26 1671
18 1688
20 1738
23 2294
25 2098
23 2076
24 2330
16 2453
22 1462
19 2496
25 2591
25 2691
20 1753
25 2679
22 2072
20 1943
14 1863
22 1622
24 1935
21 2350
26 1810
27 2707
20 1887
26 2117
18 2631
24 2588
21 2727
22 2732
22 2087
21 1896
25 1497
18 2040
25 2250
20 2811
25 2324
27 2593
25 1895
19 1989
22 4698
22 2301
23 1358
25 1836
18 2066
25 3419
24 2257
25 2518
25 2527
23 1791
25 1792
22 2634
26 2882
17 2028
