32 1664
32 2022
32 1872
32 1875
32 1766
32 2003
32 2492
32 6992
32 1534
32 1358
32 1283
32 2655
32 1168
32 1356
32 1375
32 1676
32 1517
32 2280
32 1488
32 1652
32 1569
32 1386
32 2138
32 1361
32 1553
32 1092
32 1085
32 1121
32 1260
32 1744
32 1583
32 1721
32 1367
32 3372
32 1864
32 1929
32 1403
32 1530
32 1612
32 1402
32 1845
32 1150
32 1749
32 1940
32 1681
32 2072
32 1302
32 2125
32 1884
32 1682
32 987
32 1526
32 829
32 1769
32 1877
32 1847
32 1342
32 954
32 2151
32 1493
32 1824
32 1322
32 1780
32 1895
32 1440
32 1863
32 1822
32 2492
32 1670
32 2296
32 1943
32 1081
32 1421
32 1639
32 2414
32 2224
32 1788
32 1614
32 1638
32 1573
32 1358
32 1479
32 1841
32 1950
32 1318
32 1249
32 1478
32 2128
32 2090
32 1150
32 1181
32 1395
32 1221
32 2020
32 2088
32 1646
32 1264
32 2092
32 1626
32 2566
