2 585
2 619
2 640
2 476
2 491
2 639
2 541
2 573
2 623
2 667
2 605
2 420
2 528
2 534
2 631
2 626
2 742
2 581
2 234
2 295
2 516
2 536
2 620
2 797
2 770
2 351
2 669
2 674
2 733
2 423
2 371
2 453
2 712
2 650
2 722
2 465
2 902
2 791
2 1027
2 857
2 715
2 777
2 649
2 552
2 329
2 559
2 572
2 745
2 341
2 506
2 351
2 811
2 359
2 478
2 452
2 680
2 1605
2 480
2 466
2 645
2 678
2 746
2 505
2 479
2 620
2 628
2 598
2 472
2 625
2 574
2 365
2 338
2 370
2 576
2 353
2 597
2 788
2 357
2 504
2 810
2 724
2 732
2 570
2 643
2 548
2 677
2 726
2 594
2 285
2 489
2 606
2 500
2 490
2 364
2 652
2 639
2 332
2 690
2 601
2 752
