10 930
21 2092
22 2010
24 1594
24 2184
25 1851
25 1397
22 1743
20 982
21 2195
21 1429
22 1762
23 1142
25 1205
21 1852
26 1070
21 3047
18 1011
19 888
19 1230
22 1805
17 1372
21 1644
26 1994
20 921
21 1942
19 2336
19 1712
20 1883
25 1451
24 1955
22 1062
27 1841
24 958
17 1225
23 2127
18 4814
20 1070
15 1843
27 1478
24 1454
25 1984
24 1649
18 1751
19 2248
24 1712
21 2128
22 793
22 1411
22 894
22 1633
20 1790
18 1473
19 2046
26 2067
26 3276
20 1326
21 1974
23 1737
18 1461
16 1393
20 1824
22 1308
18 1837
24 1598
19 4327
20 1333
20 1124
23 2261
20 891
22 2351
18 1467
23 798
8 639
21 1294
23 1084
22 1680
24 1923
22 1454
22 2343
20 1621
20 1443
27 1159
23 1537
22 1357
18 1908
22 1675
21 1220
19 1392
24 1606
19 1227
20 2453
17 1885
23 871
24 1339
19 1494
22 1033
21 1093
22 3018
22 1821
