24 2199
23 2530
24 2024
21 2389
23 2222
21 1466
12 1352
26 2268
23 1802
26 1632
25 2164
22 1707
22 1963
27 2076
23 2043
20 2424
21 2709
23 1986
24 2366
23 1907
22 2761
25 2480
22 2446
21 2167
19 2463
23 1853
21 2308
24 2661
21 2811
23 1786
19 2278
22 2629
25 1150
24 1993
26 1722
19 2018
25 2587
27 1784
24 1833
28 2237
18 1473
20 2198
23 2383
24 2253
17 1784
22 2388
22 1792
23 1842
21 2051
23 2549
23 1565
27 2416
22 2211
24 2645
26 2368
21 2323
18 1915
23 2407
17 1974
21 1633
23 1762
24 2209
23 1837
29 1800
25 1920
22 1367
20 2193
26 2752
24 2961
28 1976
26 2011
26 2469
23 1256
25 2008
23 1771
25 2756
25 976
19 1557
23 1661
21 1978
22 1527
19 2425
25 2440
25 2838
25 1939
21 2614
23 2522
26 2368
21 1802
24 1870
22 2197
23 1145
23 1676
25 2780
23 2586
22 2421
27 2872
25 2095
20 1984
23 1979
