32 1783
32 1559
32 1922
32 2638
32 2537
32 2274
32 2226
32 1814
32 1580
32 1157
32 1428
32 1766
32 1188
32 1253
32 2277
32 919
32 1224
32 1148
32 1717
32 1672
32 1957
32 1697
32 2128
32 1515
32 1949
32 1629
32 931
32 1871
32 2008
32 1483
32 3521
32 1648
32 1594
32 1047
32 1455
32 1559
32 1872
32 1436
32 1559
32 1808
32 1205
32 1229
32 2166
32 1192
32 1535
32 1527
32 1739
32 2454
32 2117
32 2330
32 1676
32 2138
32 1669
32 1463
32 1734
32 1489
32 1504
32 2471
32 1856
32 1808
32 1536
32 1035
32 1578
32 1446
32 845
32 1263
32 1950
32 1338
32 1874
32 1516
32 1241
32 1751
32 1661
32 1943
32 1024
32 1198
32 2244
32 1809
32 2792
32 1728
32 1237
32 2436
32 1716
32 1887
32 1822
32 1956
32 806
32 1320
32 1767
32 2127
32 1681
32 1622
32 1973
32 2586
32 1424
32 1975
32 1550
32 1838
32 825
32 1266
