22 1452
27 1848
26 3525
22 1115
27 2273
18 2282
19 1696
25 2494
25 1878
15 1481
28 1442
26 2259
20 1598
20 1729
22 1626
24 1713
21 1502
24 2433
21 3494
24 1949
20 2241
20 2457
19 1686
21 1810
23 1296
23 1751
28 1648
20 2536
19 3732
19 1838
23 1573
25 1976
24 2477
22 2030
20 2114
21 2025
21 1879
26 2477
24 2182
23 1448
24 2827
24 2493
18 1604
24 1941
18 1811
21 15815
25 2482
24 2596
23 2004
25 2420
24 2641
21 1559
19 2417
27 2347
21 1926
17 2711
21 1599
22 2156
21 2343
22 1435
22 1947
26 1998
19 1251
25 1978
20 1774
26 1898
22 962
23 992
23 1880
22 1959
19 2305
25 2609
26 2107
24 2805
19 2097
20 2227
24 2306
23 2189
19 1993
24 1934
19 1061
24 1440
22 2613
23 2192
26 2253
20 1296
14 1739
21 1868
24 2880
22 1836
25 1786
22 1430
23 1940
20 1729
22 2386
23 1933
26 2371
25 2509
24 2465
21 1969
