16 2263
16 2060
16 2064
16 1371
16 1208
16 2061
16 2240
16 2983
16 1640
16 2952
16 2065
16 1678
16 2998
16 1812
16 1972
16 1785
16 836
16 1027
16 886
16 1403
16 1657
16 1635
16 2695
16 1580
16 1926
16 1628
16 1605
16 1832
16 1769
16 2473
16 2062
16 2426
16 1499
16 1612
16 1404
16 876
16 1622
16 2549
16 2800
16 2707
16 1572
16 2119
16 1681
16 1986
16 2655
16 1567
16 1326
16 2049
16 2056
16 1529
16 2348
16 1387
16 862
16 3382
16 2393
16 2383
16 1643
16 1917
16 2058
16 1771
16 1900
16 1654
16 1470
16 2467
16 2219
16 2486
16 1582
16 904
16 1577
16 1633
16 1101
16 2300
16 2173
16 2345
16 2428
16 1536
16 1469
16 2053
16 1670
16 1434
16 1242
16 2265
16 2019
16 1985
16 2116
16 2416
16 1673
16 1860
16 1556
16 1088
16 2121
16 1802
16 1810
16 1314
16 1341
16 1770
16 2168
16 1412
16 3620
16 1844
