15 2025
23 1691
21 1835
22 1104
21 1593
23 1831
19 1628
23 1769
26 1739
22 2087
22 1818
17 1052
23 1200
21 1890
22 1931
23 1348
20 2043
19 1094
23 1755
23 1989
21 1506
22 1503
23 2313
24 1774
21 1012
23 2263
23 1447
18 1674
19 1870
22 1645
21 1985
23 1421
21 2010
19 1514
23 1027
23 2069
22 1057
20 1732
21 1837
21 1454
11 2489
20 2310
22 2038
21 2742
24 1859
25 2137
20 933
21 2000
21 1012
22 2080
23 1781
24 2599
23 2095
25 1907
22 2883
18 2663
20 2564
16 916
18 1814
23 1548
19 824
19 1543
25 2033
22 2540
17 1308
18 786
20 1786
20 1250
24 1625
17 1794
15 1480
22 1271
20 1442
24 1044
21 2389
25 1362
23 1593
21 1937
23 2177
22 2844
19 1999
22 1987
19 2217
19 3033
26 1559
20 1975
25 1765
25 1511
24 2176
26 1569
17 1107
19 1553
21 1025
18 1735
26 1438
27 3178
22 1769
19 1462
21 1355
23 883
