17 1617
17 1921
17 2434
17 1932
17 2170
17 1768
17 1588
17 2488
17 2369
17 2922
17 1735
17 2751
17 2075
17 2881
17 1368
17 1385
17 2020
17 1493
17 1276
17 1696
17 2316
17 2341
17 1689
17 1062
17 2626
17 1811
17 1461
17 1556
17 1456
17 2145
17 1553
17 1121
17 1639
17 2545
17 2454
17 1635
17 1356
17 1352
17 1955
17 1331
17 2174
17 2011
17 2464
17 1916
17 2267
17 1530
17 1334
17 1323
17 2298
17 1791
17 2251
17 1841
17 1265
17 1320
17 3235
17 1824
17 2427
17 1810
17 2098
17 1471
17 1495
17 1141
17 1648
17 1353
17 2018
17 2794
17 2147
17 2586
17 1856
17 1457
17 1886
17 1892
17 1685
17 1813
17 2282
17 2358
17 2044
17 2338
17 2260
17 1010
17 1817
17 1402
17 1713
17 2075
17 1641
17 1646
17 1709
17 904
17 2718
17 1133
17 1956
17 1750
17 1624
17 2510
17 1747
17 2169
17 2152
17 1875
17 2573
17 1725
