20 1444
28 961
25 1442
21 920
18 3273
21 2039
20 800
21 855
23 1586
21 1442
25 787
22 585
23 1837
18 940
22 1992
23 1017
18 673
16 606
20 1579
19 2297
21 1506
13 959
24 2305
21 1416
21 860
12 623
18 1089
20 1037
21 1390
20 936
24 722
19 1535
20 1557
22 2408
18 1825
23 2127
22 945
19 2121
23 1739
19 1984
20 882
23 1450
19 1615
22 1491
24 842
21 2362
26 2187
16 1627
21 1286
18 1155
23 1776
21 1756
24 2163
19 669
21 2017
16 1091
21 1315
21 2596
23 1523
19 793
27 1252
25 1312
21 1649
20 2074
24 1293
17 1571
24 1215
16 2888
14 617
19 912
18 1645
21 838
20 2461
26 1374
21 1790
22 2129
23 2435
12 1356
19 1198
22 1602
27 1273
14 1711
19 1883
20 2035
26 1232
17 1806
21 833
23 781
23 2924
23 866
21 3157
20 1259
19 1416
17 1563
20 1300
12 1337
15 1298
22 1946
23 1777
19 1484
