2 250
2 217
2 208
2 324
2 210
2 266
2 404
2 256
2 245
2 211
2 199
2 241
2 206
2 220
2 373
2 213
2 280
2 232
2 196
2 234
2 211
2 217
2 201
2 207
2 194
2 260
2 258
2 202
2 257
2 243
2 263
2 202
2 321
2 260
2 202
2 201
2 178
2 255
2 205
2 385
2 279
2 250
2 202
2 200
2 268
2 258
2 199
2 661
2 211
2 224
2 268
2 217
2 228
2 246
2 217
2 323
2 210
2 225
2 180
2 251
2 185
2 245
2 216
2 226
2 230
2 227
2 190
2 207
2 201
2 261
2 241
2 276
2 688
2 205
2 201
2 267
2 226
2 220
2 223
2 231
2 201
2 241
2 223
2 238
2 212
2 194
2 249
2 258
2 207
2 250
2 202
2 227
2 207
2 212
2 192
2 325
2 203
2 210
2 229
2 211
