2 211
2 581
2 368
2 204
2 579
2 507
2 169
2 291
2 471
2 300
2 435
2 595
2 498
2 343
2 414
2 586
2 413
2 205
2 587
2 563
2 251
2 203
2 527
2 218
2 492
2 218
2 644
2 383
2 278
2 500
2 724
2 274
2 336
2 447
2 229
2 323
2 271
2 462
2 552
2 671
2 230
2 617
2 502
2 325
2 623
2 184
2 215
2 204
2 315
2 299
2 566
2 278
2 688
2 673
2 597
2 331
2 245
2 663
2 776
2 219
2 303
2 407
2 244
2 392
2 459
2 511
2 402
2 513
2 205
2 646
2 649
2 367
2 258
2 235
2 373
2 425
2 572
2 223
2 287
2 524
2 479
2 221
2 431
2 616
2 870
2 1121
2 590
2 591
2 335
2 362
2 345
2 213
2 473
2 439
2 284
2 660
2 481
2 228
2 266
2 274
