34 1978
34 1814
34 1861
34 2429
34 1391
34 1316
34 1540
34 1861
34 2024
34 2272
34 1827
34 1152
34 1421
34 963
34 1105
34 2855
34 1709
34 1313
34 1631
34 1293
34 2282
34 1488
34 2127
34 2236
34 1843
34 1417
34 1569
34 2002
34 1788
34 1515
34 1591
34 2582
34 1971
34 1035
34 1287
34 1837
34 1407
34 1679
34 2275
34 1646
34 1257
34 1407
34 918
34 1033
34 1327
34 2687
34 1543
34 1779
34 2224
34 1091
34 1581
34 1373
34 2093
34 1279
34 1413
34 1136
34 1583
34 2174
34 1332
34 2063
34 2040
34 2252
34 2283
34 1160
34 2168
34 1840
34 1784
34 2104
34 1563
34 2614
34 1491
34 1904
34 1728
34 1334
34 1019
34 1027
34 1300
34 1370
34 1588
34 3085
34 1291
34 1295
34 1730
34 1664
34 1925
34 1173
34 1647
34 2163
34 2293
34 1969
34 2149
34 2142
34 2014
34 1081
34 1734
34 1995
34 1280
34 2202
34 1590
34 931
