17 2330
17 2311
17 2119
17 1739
17 1726
17 1901
17 2375
17 4494
17 2503
17 2569
17 2434
17 2746
17 2607
17 1761
17 1357
17 1210
17 1410
17 2250
17 1996
17 1670
17 1599
17 1955
17 2160
17 1278
17 2556
17 1949
17 1675
17 2553
17 1406
17 2565
17 3986
17 2238
17 2547
17 1484
17 15570
17 2207
17 2442
17 2833
17 2211
17 2151
17 2019
17 1428
17 1742
17 2155
17 1849
17 1980
17 1581
17 2139
17 2057
17 1969
17 2270
17 1283
17 1269
17 1910
17 2436
17 2169
17 1909
17 2322
17 2456
17 1918
17 1789
17 2150
17 2013
17 2114
17 1644
17 2378
17 2231
17 1960
17 1369
17 1901
17 3004
17 1427
17 1764
17 1595
17 1950
17 2288
17 1627
17 2322
17 2048
17 1992
17 2789
17 2549
17 1609
17 2158
17 1180
17 2821
17 2295
17 2865
17 2401
17 1919
17 2548
17 1793
17 1947
17 1950
17 1949
17 2524
17 2133
17 1914
17 1885
17 1975
