2 675
2 556
2 714
2 1277
2 529
2 448
2 280
2 390
2 453
2 666
2 520
2 792
2 276
2 203
2 622
2 1080
2 940
2 588
2 818
2 691
2 469
2 779
2 620
2 549
2 700
2 330
2 778
2 673
2 649
2 594
2 348
2 588
2 671
2 597
2 659
2 331
2 348
2 310
2 334
2 748
2 659
2 461
2 495
2 699
2 1013
2 590
2 222
2 343
2 304
2 562
2 747
2 379
2 972
2 464
2 659
2 580
2 578
2 625
2 697
2 386
2 461
2 370
2 511
2 684
2 865
2 837
2 650
2 326
2 641
2 1366
2 612
2 720
2 754
2 575
2 675
2 751
2 646
2 1001
2 458
2 790
2 349
2 933
2 567
2 534
2 668
2 331
2 331
2 548
2 695
2 874
2 785
2 537
2 813
2 548
2 332
2 793
2 710
2 744
2 620
2 628
