2 234
2 244
2 808
2 1055
2 525
2 616
2 544
2 526
2 967
2 459
2 771
2 303
2 655
2 243
2 287
2 254
2 532
2 434
2 1413
2 692
2 429
2 692
2 359
2 504
2 528
2 572
2 571
2 958
2 648
2 682
2 739
2 603
2 320
2 469
2 437
2 277
2 470
2 514
2 613
2 648
2 570
2 799
2 256
2 248
2 513
2 1100
2 327
2 741
2 649
2 693
2 988
2 749
2 811
2 343
2 692
2 751
2 281
2 671
2 266
2 574
2 617
2 507
2 420
2 385
2 894
2 568
2 798
2 600
2 535
2 843
2 493
2 725
2 514
2 837
2 729
2 314
2 570
2 1007
2 717
2 683
2 358
2 559
2 281
2 411
2 358
2 340
2 534
2 303
2 687
2 939
2 480
2 458
2 522
2 554
2 644
2 520
2 254
2 332
2 263
2 660
