21 1861
20 2143
22 1344
26 1875
23 1797
23 2031
22 1617
18 2187
18 2370
16 2124
22 2102
22 1788
28 1644
23 2036
24 1972
23 2114
21 1550
23 2223
23 1795
22 1211
15 1364
28 3236
24 2365
17 1819
20 1456
22 1807
21 1780
23 1541
26 1448
24 1768
23 3314
22 1680
19 2424
25 2197
22 2571
22 1776
24 2734
20 1777
22 2223
21 2656
24 2475
20 1643
19 1556
22 1767
22 1254
23 2512
26 1769
20 1838
21 1480
26 1384
27 2023
17 2299
21 1949
26 1777
22 2688
22 1550
20 1862
23 1517
23 2137
23 2328
18 1973
17 1651
24 1142
23 1944
23 1313
20 2040
28 2349
23 1941
23 1542
26 1787
25 2460
23 3787
25 2752
23 1694
21 2681
22 1846
23 1404
23 2046
20 1428
24 1435
27 2327
24 2105
21 2631
26 2252
6 868
19 840
22 1660
23 1562
25 2203
26 2355
23 1839
23 1716
20 2546
26 2023
26 1542
25 1982
22 1823
18 1886
19 1823
25 2251
