22 1255
25 1189
13 499
23 1884
23 1146
20 793
18 1305
19 1270
23 895
23 798
12 754
16 1191
16 1523
21 1585
19 803
22 2102
22 1236
21 568
22 814
22 2102
21 815
18 1312
19 1150
21 1662
19 1813
20 1016
13 1473
17 885
9 1609
22 904
22 1133
21 851
24 1717
22 1660
17 927
22 1682
21 971
20 917
13 1629
9 1112
18 906
24 1050
13 479
19 995
15 774
21 1475
17 1009
19 1850
20 1175
14 1100
15 1625
20 859
17 851
19 761
19 1130
18 1205
24 971
17 911
24 1026
16 1011
21 1161
13 828
23 1368
15 1226
18 1255
20 1548
16 556
19 1821
18 1464
20 892
21 1504
20 1137
17 832
21 3405
15 823
15 775
18 1271
22 1076
19 974
20 2234
16 1614
19 1210
19 681
20 605
19 897
23 2971
19 2427
20 1525
21 1338
21 1906
15 1074
17 1074
23 1544
19 1636
19 1778
16 1833
25 891
21 657
20 1465
22 1138
