24 2489
26 2339
25 2669
28 2705
23 3505
28 2273
26 3095
20 2329
24 1512
26 2601
24 2219
20 2323
26 1539
19 2239
24 2527
22 2354
28 1967
24 2257
25 2736
26 2504
17 2053
28 2010
22 3009
21 2165
25 4038
25 2652
26 2166
22 1982
20 2079
23 1050
18 1509
21 872
23 1015
22 1777
27 1560
22 2532
19 1425
25 1868
22 2311
20 2253
21 2197
25 2252
23 1819
25 1715
22 2567
21 2038
22 1650
21 2622
20 2082
23 2548
22 1873
24 1903
20 2161
28 1214
25 2395
23 1213
19 2018
23 2275
22 1850
23 2249
25 2740
28 3821
25 2339
19 1820
24 2319
20 1765
23 1684
22 1443
24 2200
15 1806
26 2931
26 2029
23 2464
23 2481
23 2182
23 2366
14 1775
21 2491
23 3600
21 2050
24 2204
27 2774
25 1955
19 1758
19 2315
28 1597
23 2626
24 1802
26 2498
20 1509
15 2558
24 2727
24 1949
22 1711
23 1865
21 2555
25 2779
24 1508
25 2220
23 1887
