30 1234
30 807
30 1425
30 1765
30 1241
30 1609
30 1204
30 971
30 1042
30 1397
30 1922
30 1075
30 1985
30 2172
30 2110
30 1885
30 1900
30 2120
30 1161
30 863
30 1550
30 1378
30 2050
30 1368
30 2268
30 1346
30 1797
30 1809
30 2237
30 1178
30 2425
30 1910
30 2208
30 1468
30 1552
30 1207
30 1540
30 1162
30 714
30 1096
30 1365
30 1017
30 995
30 1280
30 1472
30 1347
30 1502
30 1551
30 1584
30 1806
30 1776
30 1611
30 1650
30 1358
30 1166
30 1119
30 970
30 1953
30 1238
30 1932
30 890
30 941
30 2287
30 1593
30 2032
30 1433
30 1418
30 2032
30 1038
30 1195
30 1602
30 1436
30 1205
30 1279
30 1563
30 1838
30 1337
30 3045
30 2307
30 1227
30 1199
30 1463
30 1099
30 1482
30 875
30 1607
30 1584
30 1139
30 1492
30 2156
30 1273
30 861
30 1583
30 916
30 884
30 1270
30 1660
30 1096
30 1505
30 1459
