2 365
2 688
2 484
2 361
2 490
2 289
2 837
2 476
2 719
2 659
2 624
2 441
2 557
2 672
2 533
2 316
2 722
2 794
2 747
2 753
2 361
2 463
2 727
2 292
2 314
2 538
2 536
2 705
2 749
2 436
2 381
2 610
2 748
2 209
2 454
2 556
2 905
2 443
2 313
2 594
2 765
2 624
2 435
2 474
2 366
2 388
2 320
2 599
2 1123
2 350
2 238
2 285
2 310
2 226
2 238
2 261
2 552
2 281
2 730
2 683
2 482
2 429
2 509
2 925
2 845
2 603
2 542
2 1062
2 586
2 276
2 765
2 612
2 642
2 638
2 578
2 326
2 290
2 606
2 681
2 616
2 925
2 595
2 354
2 673
2 519
2 269
2 485
2 807
2 566
2 218
2 558
2 389
2 666
2 437
2 691
2 700
2 661
2 483
2 367
2 271
