29 2616
22 2509
26 1564
24 2538
19 2023
27 2694
21 1973
25 2535
21 2258
21 2309
27 2549
15 1814
26 2538
25 2315
21 1620
26 2551
21 2405
29 2027
18 1741
23 1955
25 1944
27 1981
21 2500
23 1565
22 2210
24 2011
24 2027
24 2650
27 2636
16 1682
20 1999
24 2818
15 1551
24 1587
26 2332
22 1869
25 1426
23 2143
24 1978
23 2190
24 2115
18 1473
27 1503
25 1902
22 2520
22 2028
21 1604
22 1827
20 1855
19 1718
23 2013
20 1852
23 1047
18 1643
22 1847
21 1561
21 1275
22 1887
23 1936
26 2184
23 1438
23 1763
24 1881
26 2204
21 2491
23 1982
28 3569
24 2450
23 1973
28 3074
24 2240
24 2540
26 2352
27 2435
22 2441
24 2211
21 2003
22 1875
23 2265
27 2133
21 1778
20 2098
27 1355
25 1824
23 1470
21 1054
21 2361
21 2074
23 2274
24 1966
21 1671
25 2404
21 1739
21 2161
21 1968
24 2267
19 1779
20 2574
23 1989
22 2831
