23 2460
20 2067
21 1897
20 2402
22 1837
25 1858
26 1773
22 1337
21 938
24 2324
22 2146
25 2610
20 2795
24 1829
21 1559
23 3119
23 2042
21 1989
21 2119
16 1919
17 3358
24 1449
24 3087
21 1994
22 2253
21 2116
21 1577
23 2175
23 1583
26 2310
21 1825
23 2247
20 2403
25 2165
20 2096
21 1114
22 1551
22 1707
24 2869
27 2538
24 2121
22 2341
22 2381
22 3052
24 2883
23 1966
24 2031
29 2143
27 2347
20 2134
24 2400
24 1710
21 1821
16 717
19 727
14 1193
28 2422
23 2415
20 2110
23 1836
22 1459
22 2066
23 2382
22 1636
23 1546
14 1525
20 1488
25 2283
25 1780
23 2234
21 1097
25 1789
20 1782
26 2776
19 1951
20 2596
22 1875
28 1413
26 1867
14 1300
20 1871
21 2232
24 4689
26 2971
25 1116
18 2254
21 1953
24 2336
24 1413
15 1883
24 1623
18 1511
27 1813
22 3011
23 1810
22 1463
23 2110
20 1627
21 1568
20 2048
