22 1824
24 2164
25 2202
21 2386
27 2218
26 2138
25 1741
19 3033
23 2242
21 1467
22 2030
27 2202
24 2244
19 2388
21 1459
22 2173
25 1614
19 1179
26 1780
21 1700
29 2121
18 1892
28 1920
24 5457
23 1924
25 2304
25 3711
20 3446
18 2478
23 1564
25 2025
24 1462
19 2321
22 1722
21 2384
24 1915
20 1840
21 2160
25 1779
22 2537
27 2129
22 1667
22 1494
18 1329
23 1727
28 2769
27 1552
22 2579
21 1425
23 2100
30 2297
19 1531
23 1930
26 2300
29 2078
26 1493
20 1909
23 2461
25 1744
18 1754
21 1684
23 1894
19 2547
25 2295
23 2649
26 2653
9 1086
25 1700
20 2428
25 5150
22 2295
22 2435
21 1841
28 2005
17 1697
28 3184
29 1946
25 1990
23 1597
21 2391
22 2340
22 2017
19 2206
26 1818
26 1627
24 1410
23 1845
27 3362
24 2607
24 1986
20 1935
21 1282
24 2664
26 2023
22 2427
21 2415
18 2142
27 2502
21 1408
24 1711
