30 1118
30 907
30 1801
30 1109
30 947
30 1405
30 1817
30 890
30 1555
30 880
30 826
30 1110
30 1510
30 1511
30 1293
30 1639
30 1357
30 1418
30 1604
30 1275
30 941
30 1418
30 785
30 1107
30 1971
30 2348
30 1400
30 1665
30 1563
30 1950
30 1658
30 1559
30 2268
30 1219
30 1364
30 1156
30 1222
30 3164
30 1395
30 1399
30 1382
30 1425
30 2147
30 1826
30 1492
30 1175
30 1360
30 891
30 1491
30 920
30 1786
30 1430
30 1190
30 1001
30 953
30 1703
30 1135
30 1176
30 1066
30 1886
30 1686
30 1544
30 1438
30 1279
30 2236
30 1769
30 1499
30 2110
30 1555
30 1830
30 1439
30 1258
30 916
30 1499
30 1406
30 1881
30 1839
30 1128
30 884
30 2086
30 1584
30 1085
30 1026
30 2302
30 1771
30 1508
30 1245
30 1191
30 2222
30 1030
30 755
30 1759
30 1236
30 958
30 806
30 15463
30 879
30 1567
30 1262
30 698
