34 1544
34 1968
34 1800
34 1211
34 1172
34 1408
34 1467
34 2225
34 2268
34 1471
34 1977
34 1336
34 2973
34 1704
34 2046
34 1686
34 1518
34 2095
34 1997
34 1172
34 2036
34 1856
34 1421
34 1951
34 1049
34 1591
34 1146
34 1611
34 984
34 1895
34 2982
34 1912
34 2257
34 1126
34 1044
34 2544
34 1985
34 1385
34 2528
34 2037
34 2574
34 1421
34 1552
34 1553
34 2672
34 1941
34 1066
34 1035
34 1044
34 1245
34 1246
34 1783
34 1352
34 1694
34 1318
34 1832
34 1734
34 1478
34 3105
34 2249
34 2908
34 1830
34 1730
34 1489
34 1800
34 1606
34 2186
34 2199
34 2008
34 937
34 1302
34 1964
34 2456
34 1655
34 1295
34 2003
34 1915
34 1957
34 1825
34 949
34 1813
34 1327
34 2037
34 2311
34 1466
34 1458
34 1416
34 1127
34 2018
34 2032
34 1379
34 1620
34 2056
34 1800
34 2103
34 1258
34 2225
34 1270
34 1689
34 2190
