17 1813
17 1977
17 1952
17 1234
17 1595
17 1775
17 1489
17 2670
17 2374
17 2181
17 1951
17 2382
17 1720
17 2278
17 2147
17 2147
17 2323
17 1941
17 2343
17 1869
17 2195
17 1739
17 1663
17 2268
17 1846
17 3084
17 2760
17 2244
17 2013
17 2026
17 2029
17 2081
17 2389
17 2491
17 2034
17 2057
17 2172
17 1005
17 1528
17 1667
17 1977
17 2367
17 1982
17 1341
17 1634
17 1832
17 1673
17 2821
17 1734
17 3236
17 2140
17 1806
17 1822
17 1696
17 2635
17 2114
17 2440
17 1858
17 1104
17 1616
17 1767
17 1491
17 2173
17 1837
17 1732
17 1704
17 1986
17 1820
17 2674
17 1927
17 2637
17 1481
17 2274
17 3132
17 1729
17 1428
17 1142
17 1877
17 1556
17 2186
17 2068
17 1263
17 1725
17 1237
17 2449
17 2447
17 1502
17 2111
17 1363
17 2092
17 2356
17 1543
17 2425
17 2177
17 1668
17 1262
17 1685
17 1820
17 2422
17 1506
