2 576
2 642
2 398
2 628
2 310
2 594
2 506
2 211
2 296
2 209
2 389
2 221
2 563
2 316
2 477
2 601
2 387
2 704
2 527
2 267
2 560
2 427
2 571
2 198
2 620
2 394
2 539
2 527
2 432
2 489
2 458
2 777
2 302
2 540
2 556
2 935
2 622
2 548
2 199
2 558
2 481
2 218
2 195
2 948
2 770
2 512
2 460
2 380
2 453
2 617
2 559
2 504
2 415
2 653
2 482
2 395
2 619
2 555
2 647
2 451
2 629
2 382
2 257
2 363
2 224
2 231
2 221
2 198
2 884
2 469
2 215
2 232
2 377
2 267
2 255
2 423
2 798
2 470
2 861
2 452
2 215
2 225
2 409
2 565
2 334
2 310
2 285
2 442
2 448
2 525
2 665
2 572
2 674
2 414
2 400
2 237
2 286
2 605
2 809
2 477
