2 148
2 274
2 164
2 153
2 149
2 206
2 179
2 183
2 343
2 280
2 683
2 286
2 636
2 193
2 147
2 480
2 165
2 167
2 174
2 187
2 152
2 275
2 190
2 322
2 163
2 170
2 265
2 275
2 214
2 164
2 152
2 130
2 174
2 238
2 178
2 220
2 231
2 233
2 347
2 206
2 152
2 181
2 196
2 195
2 167
2 175
2 152
2 217
2 313
2 174
2 259
2 308
2 215
2 239
2 269
2 184
2 167
2 284
2 179
2 275
2 307
2 284
2 190
2 287
2 143
2 252
2 286
2 327
2 305
2 172
2 168
2 180
2 500
2 259
2 258
2 326
2 257
2 169
2 186
2 195
2 291
2 217
2 321
2 173
2 285
2 266
2 187
2 169
2 248
2 284
2 237
2 318
2 185
2 379
2 163
2 238
2 214
2 401
2 287
2 242
