14 1453
14 1001
14 2141
14 1039
14 995
14 1765
14 1489
14 1840
14 1086
14 2851
14 1729
14 3300
14 2495
14 1030
14 1643
14 674
14 992
14 1569
14 960
14 2535
14 1499
14 771
14 896
14 564
14 1375
14 705
14 729
14 635
14 480
14 1232
14 1269
14 675
14 1350
14 1060
14 1183
14 1694
14 1500
14 1605
14 1300
14 1637
14 925
14 921
14 2168
14 2102
14 1531
14 708
14 1562
14 1730
14 1148
14 1663
14 864
14 1503
14 610
14 1129
14 1323
14 1126
14 1031
14 2354
14 789
14 1477
14 822
14 712
14 700
14 780
14 1733
14 667
14 937
14 1383
14 973
14 796
14 1353
14 1784
14 1823
14 2139
14 997
14 1217
14 1427
14 1200
14 1212
14 1583
14 1068
14 1839
14 2528
14 800
14 712
14 859
14 863
14 1338
14 1611
14 1223
14 769
14 1397
14 1134
14 733
14 1117
14 1431
14 593
14 1055
14 544
14 578
