22 1215
20 1463
24 1439
11 778
24 1690
22 1346
25 1267
21 1855
21 1553
20 1072
22 979
21 2254
19 2145
22 1104
19 1022
23 1963
18 1539
23 1435
19 1796
20 1841
23 1721
23 1445
21 1378
24 1355
16 983
24 1757
21 1357
13 1657
23 1459
25 1682
22 1330
24 1176
22 943
17 2662
25 1929
23 4033
23 2375
21 1907
17 1097
24 1360
15 1202
21 2830
23 2063
19 746
27 1417
22 1588
17 653
22 1276
22 1537
25 2090
23 1695
23 1380
19 1828
23 1547
25 1756
20 1115
23 2172
18 2249
24 1045
25 1428
23 1984
20 1985
23 1171
21 907
26 2010
17 2003
23 1836
24 1364
25 1738
23 2008
17 1522
21 1095
25 1113
19 1589
24 1279
22 1534
21 1015
20 1131
11 1933
24 1336
20 1426
22 3086
24 1905
21 1233
25 994
22 832
16 573
19 1801
20 2063
14 1251
23 2184
19 1396
19 2175
23 1954
20 1384
24 2067
19 1011
22 1041
21 1740
22 1767
