24 1940
24 2090
28 2202
26 2713
21 2138
25 2477
19 1881
28 1392
19 1559
19 1783
22 2193
23 1003
17 1513
27 1842
20 2110
23 1910
20 3045
20 2297
19 2459
27 2502
23 1561
19 1666
19 2682
20 2012
16 1648
28 1611
24 2118
19 2255
21 2239
26 2165
23 2174
23 1207
27 1916
20 1813
19 1924
26 2204
21 2277
26 1440
22 2025
19 2304
25 2428
26 2570
23 2082
24 1523
24 2412
26 1520
23 2215
20 2075
23 2994
23 2637
21 1237
22 2113
26 2280
24 1687
25 2450
22 2891
20 3302
19 2009
23 1199
24 1890
24 2588
25 2545
23 2366
24 2387
23 1721
27 2296
24 2102
21 1492
22 2160
20 2047
22 2192
25 2940
23 1612
22 1859
28 2409
24 2111
24 3146
23 2273
22 1860
24 2740
24 1933
21 2121
20 2614
18 1664
25 2912
23 2176
24 2523
24 2294
23 2024
20 1777
21 2039
24 1527
23 1368
24 3056
24 2126
26 2131
23 1907
21 2554
21 1784
17 2076
