2 715
2 309
2 705
2 657
2 796
2 653
2 900
2 538
2 501
2 200
2 260
2 552
2 655
2 514
2 631
2 438
2 437
2 672
2 889
2 510
2 629
2 464
2 520
2 559
2 574
2 252
2 397
2 442
2 606
2 924
2 666
2 663
2 995
2 635
2 862
2 806
2 642
2 338
2 331
2 298
2 497
2 348
2 530
2 477
2 469
2 440
2 715
2 627
2 649
2 547
2 619
2 576
2 663
2 290
2 296
2 421
2 638
2 800
2 746
2 580
2 568
2 320
2 463
2 764
2 205
2 361
2 450
2 741
2 475
2 583
2 749
2 637
2 661
2 540
2 348
2 504
2 632
2 584
2 882
2 575
2 562
2 348
2 706
2 376
2 355
2 568
2 321
2 246
2 595
2 243
2 633
2 556
2 645
2 625
2 431
2 540
2 679
2 881
2 380
2 475
