16 1484
16 2730
16 2548
16 2272
16 1689
16 2082
16 1805
16 1082
16 1803
16 1089
16 2168
16 1566
16 2107
16 2162
16 1612
16 2057
16 1487
16 1632
16 2084
16 1578
16 1782
16 2306
16 2695
16 2334
16 1678
16 1199
16 1735
16 1822
16 2008
16 1479
16 2200
16 2861
16 1088
16 1483
16 1734
16 2045
16 1968
16 1509
16 1717
16 2512
16 1857
16 1778
16 1512
16 1520
16 1266
16 2092
16 1806
16 1767
16 2176
16 2844
16 1605
16 1314
16 1238
16 2008
16 1222
16 1255
16 1373
16 1605
16 1599
16 1670
16 2026
16 2270
16 1577
16 1172
16 3328
16 1934
16 2317
16 2230
16 2040
16 1868
16 1699
16 1071
16 937
16 1461
16 1589
16 1770
16 1367
16 2105
16 2360
16 1894
16 1782
16 2450
16 2212
16 1645
16 1401
16 1323
16 1646
16 1603
16 3636
16 1850
16 1972
16 1760
16 2206
16 2497
16 2097
16 1455
16 1415
16 1302
16 2952
16 1756
