21 2705
19 1955
31 1962
21 2551
21 2597
26 1751
22 2874
26 1682
21 2144
20 2012
24 1526
20 2221
25 1518
24 2379
23 2346
22 2030
26 1136
25 2768
23 1875
25 1544
22 2290
23 2117
23 2525
26 1852
21 2532
25 2171
24 1931
28 2104
24 1634
23 1895
25 1384
22 2245
21 1516
24 1735
19 1161
25 1127
21 2394
27 2162
24 2360
27 2559
27 2046
27 1897
24 2133
26 1484
23 1755
23 2384
24 1873
25 1940
22 2259
27 2251
26 1433
26 2447
25 2941
22 2305
24 2254
26 1804
22 2315
27 1903
21 1759
25 1480
28 1768
19 2370
25 2070
26 2011
23 1998
18 1094
24 2216
27 2612
26 2156
20 2894
24 2716
23 2319
17 2150
26 2976
24 1686
27 2062
25 1559
29 2098
22 1673
19 2408
22 2237
25 2024
20 2689
24 1833
18 1596
26 2246
24 3193
23 2283
21 2242
27 2711
17 1632
23 1750
16 2034
22 1922
27 2525
18 2119
22 1982
24 3392
20 3157
25 2177
