17 1111
24 1527
22 2164
21 2067
17 1876
22 1017
23 1517
13 1114
23 1567
16 1062
17 1787
16 1279
19 1256
25 1230
24 1460
21 2004
24 1564
18 1614
25 2128
20 1430
24 2106
24 1768
23 1184
22 1761
23 1070
21 1823
21 1742
25 1055
18 1266
21 1950
20 1144
20 1835
20 1683
23 2953
18 2352
24 1910
21 1082
15 1799
22 1034
23 883
18 1440
22 1250
21 2108
23 1262
19 1485
23 1398
26 1510
25 2318
23 1777
18 2076
18 1814
15 1507
20 1454
27 1637
19 2337
17 1305
22 1795
22 1631
20 2541
21 1290
14 1239
18 1881
25 1343
19 2287
19 1725
20 2380
22 1528
22 2188
16 2287
19 1676
22 1441
22 1915
22 2150
24 1758
21 1777
19 2000
27 1106
24 1445
22 1946
19 1971
19 1467
23 1702
24 1621
20 2363
22 1264
24 1203
19 1796
24 1968
23 1850
24 1811
25 2545
23 1610
24 1669
22 1640
21 1404
18 1707
22 924
10 1647
21 1510
17 1013
