21 2363
24 1926
21 2759
21 1976
21 2192
21 2199
26 2353
20 1890
19 1709
23 1662
21 2162
23 1887
22 1416
23 2127
23 1895
25 2772
19 1813
21 2073
19 1830
23 2402
25 4425
27 2072
26 2454
21 2357
14 1705
19 822
18 1046
20 1452
25 2413
19 2153
24 2217
19 1634
25 2091
20 2434
23 2299
22 2355
23 1998
25 2751
26 1852
27 2402
24 2791
26 2707
18 2526
22 2257
24 2224
23 2474
26 2696
22 2229
21 1887
23 2295
26 1741
21 1350
23 2156
24 1783
20 1991
28 2304
20 1798
26 1697
26 2386
23 2146
19 2026
26 2546
23 1858
25 2797
22 1817
28 1856
20 2135
24 1943
23 1688
23 1355
22 1367
23 1985
28 2309
14 2066
16 1855
20 1265
25 1281
27 1330
25 1599
26 1696
21 1188
22 1772
25 3136
25 1747
24 1548
24 2114
23 2298
21 2038
23 2951
21 1424
19 1413
28 2668
25 2297
26 2350
14 1594
28 1441
28 4692
22 3208
25 2612
22 2175
