10 413
10 401
10 393
10 413
10 370
10 435
10 378
10 655
10 949
10 335
10 398
10 533
10 361
10 410
10 442
10 371
10 377
10 615
10 393
10 375
10 388
10 373
10 339
10 409
10 442
10 502
10 361
10 316
10 396
10 424
10 402
10 464
10 386
10 356
10 371
10 437
10 369
10 367
10 330
10 355
10 363
10 383
10 400
10 433
10 370
10 405
10 394
10 333
10 383
10 405
10 391
10 309
10 395
10 400
10 482
10 374
10 368
10 470
10 392
10 591
10 452
10 314
10 392
10 656
10 386
10 451
10 425
10 414
10 360
10 495
10 370
10 394
10 349
10 402
10 370
10 366
10 416
10 351
10 346
10 629
10 337
10 814
10 562
10 344
10 391
10 351
10 370
10 346
10 385
10 441
10 390
10 379
10 511
10 398
10 359
10 377
10 349
10 302
10 426
10 323
