30 1135
30 1617
30 1611
30 835
30 843
30 1548
30 1122
30 1498
30 758
30 995
30 987
30 1484
30 850
30 1566
30 1360
30 1493
30 1097
30 675
30 1565
30 744
30 1534
30 1378
30 1351
30 1457
30 1350
30 1403
30 1137
30 1571
30 1329
30 1150
30 663
30 2442
30 1630
30 2316
30 1889
30 874
30 874
30 1208
30 1633
30 1647
30 1039
30 1367
30 1850
30 969
30 738
30 1461
30 1747
30 970
30 1563
30 1679
30 929
30 793
30 812
30 911
30 1892
30 1415
30 1648
30 1664
30 1070
30 1271
30 1491
30 1839
30 1095
30 912
30 784
30 992
30 1363
30 1720
30 1560
30 1445
30 1267
30 1348
30 1502
30 1713
30 1500
30 996
30 1243
30 1147
30 1608
30 1407
30 909
30 1323
30 1542
30 1132
30 1505
30 973
30 959
30 1052
30 1209
30 741
30 745
30 1856
30 1673
30 1583
30 1793
30 1706
30 1392
30 1415
30 1718
30 871
