2 379
2 201
2 541
2 630
2 601
2 421
2 456
2 966
2 772
2 593
2 590
2 460
2 694
2 294
2 211
2 619
2 545
2 569
2 576
2 688
2 635
2 442
2 612
2 199
2 218
2 398
2 615
2 217
2 570
2 440
2 925
2 496
2 632
2 469
2 443
2 591
2 750
2 658
2 534
2 389
2 254
2 390
2 800
2 367
2 323
2 326
2 307
2 330
2 446
2 362
2 334
2 669
2 447
2 543
2 766
2 652
2 583
2 580
2 704
2 639
2 478
2 532
2 638
2 267
2 318
2 627
2 783
2 526
2 401
2 546
2 301
2 412
2 493
2 463
2 510
2 454
2 248
2 629
2 270
2 652
2 233
2 456
2 531
2 474
2 410
2 540
2 363
2 678
2 471
2 600
2 427
2 370
2 416
2 1011
2 238
2 1060
2 607
2 703
2 740
2 519
