34 1805
34 1332
34 1635
34 1199
34 1107
34 2557
34 1665
34 1287
34 1080
34 1295
34 1446
34 1688
34 1171
34 1490
34 1135
34 901
34 1552
34 1023
34 1661
34 1761
34 1294
34 1154
34 1649
34 948
34 1232
34 1529
34 1099
34 2441
34 1155
34 1841
34 1516
34 2750
34 1497
34 1547
34 1879
34 1405
34 1240
34 1015
34 926
34 1684
34 1394
34 972
34 915
34 2541
34 1339
34 1935
34 1397
34 1588
34 2220
34 2401
34 1652
34 1625
34 1344
34 1650
34 1830
34 1099
34 1347
34 2275
34 1299
34 909
34 1916
34 1306
34 1903
34 1665
34 1060
34 1289
34 1006
34 1603
34 2061
34 2100
34 1593
34 2081
34 1783
34 1037
34 1815
34 1001
34 1780
34 2059
34 1101
34 1320
34 1834
34 1438
34 2008
34 2236
34 1312
34 2044
34 1317
34 1502
34 1993
34 1189
34 959
34 1768
34 1674
34 2149
34 1860
34 1612
34 2335
34 2077
34 1462
34 1563
