19 840
20 520
20 1045
11 437
19 691
15 676
17 586
15 444
18 564
16 441
16 556
21 570
20 978
16 789
19 615
20 512
19 707
19 691
20 771
17 530
22 662
17 590
17 633
21 500
20 663
11 432
17 666
20 1362
20 582
21 803
17 532
18 687
18 568
14 669
21 844
22 522
21 710
18 1429
17 553
21 935
19 798
19 534
18 878
17 646
17 508
17 513
16 547
20 581
18 727
17 544
22 711
16 523
16 855
17 753
18 625
23 709
22 725
19 611
19 745
18 712
22 1053
20 654
18 742
13 554
16 665
16 474
17 637
21 499
18 625
17 715
10 635
18 561
16 648
16 595
16 609
17 536
19 514
20 588
17 783
18 597
19 749
22 616
18 568
16 494
19 664
19 728
16 672
22 614
22 635
16 686
19 550
18 627
18 613
19 554
13 697
20 714
16 749
17 882
18 2474
19 1553
