16 1620
16 1044
16 2017
16 1275
16 1625
16 2049
16 1561
16 1481
16 1192
16 1620
16 2444
16 1650
16 2930
16 2277
16 3176
16 1445
16 1959
16 2065
16 1407
16 1551
16 1191
16 1337
16 2376
16 2300
16 1784
16 3486
16 2662
16 1761
16 2407
16 2544
16 2082
16 1992
16 1885
16 1551
16 1837
16 1883
16 1928
16 1590
16 1446
16 1767
16 1875
16 1713
16 2070
16 2250
16 2174
16 2507
16 1200
16 1695
16 1362
16 902
16 2560
16 2423
16 1752
16 1602
16 1394
16 2278
16 1655
16 1961
16 2112
16 1695
16 1576
16 1888
16 1617
16 1758
16 1926
16 1999
16 1560
16 1601
16 1490
16 2084
16 2164
16 1990
16 1820
16 4572
16 2419
16 1885
16 1541
16 1286
16 1525
16 2476
16 1552
16 2816
16 2100
16 2006
16 1466
16 2194
16 1505
16 2111
16 1643
16 1384
16 2440
16 1680
16 1639
16 2945
16 4234
16 1695
16 1463
16 1856
16 1922
16 1391
