2 375
2 732
2 571
2 642
2 640
2 635
2 796
2 557
2 600
2 663
2 478
2 309
2 511
2 564
2 457
2 349
2 377
2 441
2 302
2 660
2 856
2 571
2 744
2 363
2 384
2 747
2 489
2 408
2 605
2 360
2 370
2 596
2 551
2 403
2 791
2 576
2 334
2 705
2 547
2 609
2 1461
2 520
2 276
2 297
2 326
2 736
2 833
2 1062
2 666
2 684
2 741
2 971
2 440
2 518
2 1112
2 610
2 559
2 641
2 615
2 347
2 287
2 258
2 390
2 583
2 813
2 646
2 485
2 569
2 468
2 350
2 320
2 270
2 301
2 256
2 243
2 317
2 1336
2 738
2 391
2 623
2 642
2 1051
2 743
2 750
2 387
2 649
2 587
2 652
2 427
2 309
2 539
2 635
2 567
2 295
2 790
2 936
2 588
2 293
2 661
2 306
