13 472
13 494
13 723
13 806
13 507
13 830
13 460
13 474
13 542
13 669
13 464
13 599
13 511
13 600
13 553
13 561
13 399
13 450
13 529
13 461
13 488
13 512
13 428
13 462
13 433
13 466
13 444
13 462
13 489
13 617
13 424
13 502
13 678
13 406
13 544
13 403
13 455
13 397
13 391
13 473
13 472
13 587
13 470
13 646
13 486
13 470
13 448
13 442
13 456
13 584
13 385
13 434
13 474
13 527
13 495
13 498
13 590
13 875
13 899
13 473
13 530
13 434
13 418
13 561
13 503
13 488
13 493
13 552
13 407
13 427
13 710
13 477
13 424
13 493
13 652
13 454
13 565
13 510
13 650
13 540
13 460
13 448
13 575
13 433
13 578
13 424
13 724
13 496
13 563
13 425
13 439
13 570
13 530
13 626
13 510
13 600
13 473
13 575
13 440
13 588
