34 1653
34 766
34 1851
34 1174
34 1779
34 1156
34 1614
34 2056
34 826
34 827
34 2351
34 1220
34 1833
34 958
34 1139
34 940
34 1614
34 2092
34 2247
34 2199
34 1467
34 2404
34 2244
34 1838
34 2672
34 1138
34 1831
34 1949
34 2442
34 1917
34 1946
34 1674
34 1724
34 1737
34 1750
34 1478
34 1343
34 1324
34 2225
34 1543
34 1145
34 1710
34 1956
34 1726
34 1712
34 2355
34 1058
34 1479
34 1734
34 2476
34 1516
34 1606
34 1013
34 1351
34 1459
34 917
34 942
34 1687
34 961
34 1528
34 1908
34 1241
34 2830
34 1638
34 2722
34 1100
34 1182
34 1188
34 1926
34 1918
34 1673
34 1324
34 3399
34 1637
34 1492
34 1963
34 1726
34 2344
34 1728
34 1530
34 1684
34 2475
34 2138
34 1514
34 1363
34 1852
34 1634
34 1378
34 1253
34 1009
34 1240
34 1266
34 1412
34 1804
34 1463
34 1178
34 1272
34 1347
34 1587
34 2073
