26 2706
25 1711
24 1746
23 1922
25 2054
29 1571
24 2234
22 2350
24 2231
24 1733
22 2034
24 3985
25 2199
25 2061
24 1979
21 2119
21 1950
25 3637
26 2942
29 1882
25 2493
24 2420
23 2635
22 1893
24 2424
23 1770
22 1341
25 1503
22 1981
24 1700
26 2291
19 1393
18 1218
23 2673
23 3385
23 2254
16 775
22 1460
26 1611
24 2085
22 2202
23 1562
24 1672
25 2276
22 2124
23 1808
24 2171
25 2077
22 2299
24 3065
23 4282
23 2318
21 2108
27 2105
22 1904
22 2511
13 2078
22 2664
23 1610
23 2347
24 2050
16 1356
24 1845
26 2563
23 2392
23 2255
20 2067
29 2758
27 2235
23 2432
25 1968
26 2281
25 2562
17 2073
26 2134
26 2670
28 2675
26 2127
25 1982
25 2239
21 2254
29 1064
26 1591
21 1777
22 2765
24 2719
29 3245
20 2164
24 2510
23 2286
13 1569
22 2530
22 1887
26 2384
23 15134
24 4154
22 2053
22 2609
19 2130
18 2233
