17 1398
17 2701
17 2458
17 1988
17 2628
17 1991
17 2313
17 2381
17 2055
17 2114
17 2540
17 2462
17 3192
17 2173
17 1851
17 1352
17 3100
17 2020
17 2166
17 1780
17 2514
17 2586
17 1335
17 1657
17 2494
17 1431
17 2005
17 2255
17 2610
17 2047
17 1578
17 1737
17 1231
17 4173
17 802
17 831
17 1536
17 2681
17 972
17 2115
17 1672
17 1715
17 2074
17 2037
17 1457
17 1489
17 1405
17 4017
17 2485
17 2202
17 1394
17 1268
17 1558
17 1886
17 2299
17 2262
17 1898
17 2507
17 3041
17 1665
17 1293
17 1744
17 2058
17 1495
17 1749
17 1747
17 1730
17 1585
17 2227
17 1758
17 2476
17 1674
17 2398
17 1863
17 1613
17 1776
17 2621
17 2090
17 1084
17 2197
17 2223
17 2851
17 1483
17 2297
17 1604
17 2544
17 2213
17 1714
17 2427
17 1775
17 1685
17 1692
17 1553
17 1416
17 2484
17 2462
17 1676
17 2080
17 1481
17 2383
