34 1839
34 1971
34 1608
34 1558
34 904
34 944
34 1243
34 920
34 1273
34 2226
34 1814
34 2204
34 2356
34 1702
34 1606
34 1638
34 1915
34 1646
34 1869
34 1869
34 1354
34 2201
34 1647
34 2234
34 1505
34 1528
34 1735
34 1285
34 1059
34 1260
34 1545
34 2062
34 1324
34 1477
34 1655
34 2307
34 1584
34 2736
34 1780
34 1779
34 1408
34 1174
34 1276
34 936
34 1604
34 1713
34 2370
34 1668
34 1352
34 1293
34 926
34 1051
34 1071
34 1590
34 1723
34 1337
34 1625
34 1096
34 1229
34 2046
34 1593
34 2019
34 1916
34 1209
34 1880
34 1295
34 1364
34 2414
34 1814
34 1096
34 1857
34 1822
34 1688
34 1887
34 1294
34 1333
34 1503
34 1478
34 1726
34 1820
34 1620
34 2070
34 1588
34 1105
34 1097
34 1560
34 1068
34 968
34 1265
34 1297
34 1814
34 2000
34 1918
34 2211
34 2168
34 2061
34 2383
34 1332
34 1420
34 1833
