18 501
20 494
16 482
14 528
15 534
19 606
18 682
19 620
15 493
15 470
19 528
17 570
16 490
17 501
18 596
18 959
14 468
12 374
21 509
15 522
22 495
21 521
17 550
15 1059
15 547
13 475
17 518
14 448
17 514
20 626
15 477
19 448
16 500
21 542
15 737
17 570
13 494
18 571
10 426
19 527
20 703
16 537
18 556
8 404
12 387
17 522
12 432
16 527
15 493
16 489
20 740
16 496
17 542
20 479
15 461
15 503
14 483
16 481
13 402
21 829
19 524
9 361
17 524
8 970
16 428
16 548
15 440
16 485
14 623
17 400
18 539
14 514
17 448
20 765
8 429
18 500
13 389
20 625
14 447
22 478
17 482
15 495
13 625
11 477
18 488
19 611
15 583
14 446
19 628
18 591
14 518
17 566
19 517
17 550
14 482
14 467
17 516
19 535
17 505
10 418
