384 86
399 94
384 86
397 94
400 97
400 97
386 92
384 92
388 101
387 95
384 86
398 94
398 91
400 97
385 89
386 92
386 89
387 92
385 86
383 80
384 83
386 89
398 91
386 89
385 89
384 86
384 86
397 85
385 92
383 83
384 83
402 100
385 86
402 103
386 92
387 95
413 99
399 100
399 100
384 83
387 92
386 89
401 97
398 91
386 89
386 92
384 86
397 88
385 86
385 92
385 86
400 97
390 98
397 88
385 89
385 86
401 97
387 92
385 86
399 91
387 95
397 97
384 89
397 85
399 91
401 103
384 83
388 95
385 95
397 88
387 98
396 88
415 105
398 94
384 86
387 92
384 86
386 89
385 86
398 91
397 85
386 89
384 83
386 89
386 89
388 95
400 94
411 99
411 90
387 92
399 94
398 88
387 95
386 89
388 95
396 88
388 95
399 91
384 89
384 86
