64371 6199
64398 6188
64410 6143
64382 6214
64445 6224
64402 6253
64380 6155
64469 6249
64413 6275
64346 6174
64352 6244
64430 6156
64435 6126
64402 6236
64416 6251
64333 6150
64432 6209
64382 6259
64410 6286
64408 6227
64369 6135
64368 6202
64406 6227
64503 6190
64383 6143
64376 6158
64460 6130
64422 6245
64394 6207
64407 6185
64318 6208
64315 6235
64379 6150
64376 6202
64394 6194
64476 6227
64481 6157
64406 6189
64387 6165
64477 6205
64444 6248
64323 6261
64511 6146
64361 6240
64430 6167
64500 6203
64441 6184
64354 6156
64401 6188
64436 6175
64494 6225
64338 6233
64436 6145
64390 6167
64365 6225
64425 6207
64393 6151
64487 6214
64328 6126
64339 6237
64349 6213
64365 6258
64365 6148
64401 6174
64472 6236
64385 6245
64415 6220
64385 6259
64427 6143
64381 6226
64257 6180
64444 6147
64342 6205
64396 6201
64361 6175
64442 6193
64434 6175
64350 6118
64372 6194
64258 6172
64378 6150
64469 6142
64382 6216
64439 6141
64381 6181
64437 6227
64343 6198
64372 6132
64452 6217
64314 6118
64342 6179
64347 6183
64396 6206
64402 6156
64342 6221
64312 6188
64388 6157
64379 6288
64414 6211
64482 6168
