27617 16082
26647 16027
25724 16240
29447 16054
25344 16177
28266 15706
26343 16052
30408 15655
27035 16093
26483 15995
27621 16041
27505 16030
26537 16063
26691 16237
27626 15891
27680 16037
26169 16193
26619 16050
27366 16077
26232 16067
26284 16146
26108 16122
24516 16409
26826 16160
29156 16112
28312 15942
29288 15826
25266 16278
25614 16402
25637 16231
26696 16086
27469 15827
25895 16070
26341 16228
25158 16539
26299 16172
29132 15661
28181 15856
26388 16181
27981 16088
26209 16192
26892 15982
25014 16421
27301 16180
26647 16010
27762 16057
26865 16159
25968 16167
25530 16211
25707 16143
26711 16252
27983 15937
26768 16048
26306 15884
26451 16261
25934 16157
28130 15925
26393 16163
26490 16102
27136 15927
28085 15965
25598 16228
26480 15988
27569 15936
27854 16032
25955 16147
25830 16296
28187 15871
26534 16121
25235 16320
26385 15810
26395 16254
25824 16374
26563 16046
26006 15958
26734 16185
25306 16432
25046 16357
26251 16134
26682 16150
27988 15899
27088 16087
26252 16051
26109 16128
27883 15986
27218 16322
26109 16578
26063 16013
25881 16318
25824 16136
26126 16210
26603 16035
25298 16180
27031 16104
25857 16091
26264 16039
29257 16025
27004 16247
26556 16035
26192 16014
