88319 8212
88331 8275
88323 8221
88307 8194
88333 8257
88325 8194
88337 8275
88326 8257
88313 8209
88337 8293
88335 8242
88347 8356
88342 8248
88307 8209
88321 8203
88328 8224
88308 8152
88317 8230
88324 8239
88298 8119
88329 8203
88323 8200
88298 8158
88311 8218
88298 8230
88301 8182
88344 8305
88339 8272
88325 8209
88304 8200
88329 8239
88319 8221
88333 8293
88320 8185
88325 8248
88310 8149
88324 8248
88309 8188
88326 8227
88322 8236
88342 8320
88329 8230
88334 8257
88308 8215
88307 8203
88314 8161
88315 8236
88337 8236
88340 8287
88335 8269
88285 8140
88322 8188
88288 8167
88302 8137
88310 8203
88361 8332
88344 8257
88326 8248
88293 8149
88316 8182
88320 8227
88325 8254
88330 8245
88336 8269
88324 8230
88336 8257
88323 8194
88344 8281
88339 8281
88353 8287
88307 8167
88322 8212
88328 8263
88328 8248
88313 8191
88315 8188
88314 8230
88312 8203
88362 8320
88313 8188
88314 8218
88326 8197
88302 8176
88302 8140
88349 8353
88318 8182
88347 8281
88333 8260
88326 8233
88338 8218
88307 8155
88315 8155
88345 8293
88345 8305
88323 8257
88325 8227
88339 8239
88342 8257
88333 8314
88345 8278
