585 369
534 358
522 408
546 418
647 383
646 362
605 380
578 377
596 362
562 391
512 399
562 364
487 370
564 376
620 404
563 398
528 359
567 379
544 397
549 373
536 394
670 412
524 398
578 403
497 365
580 368
558 424
572 405
460 397
518 377
599 375
520 356
533 401
562 386
623 357
609 380
590 399
622 387
617 369
647 387
532 387
529 380
517 375
542 339
566 406
602 379
550 411
569 388
578 380
582 407
624 364
536 350
486 377
541 369
545 382
647 362
494 365
538 369
516 380
541 378
607 417
634 395
527 380
499 405
577 354
624 408
564 368
529 371
556 391
569 369
602 413
539 383
519 403
575 420
516 395
616 380
500 378
564 365
520 394
586 373
526 366
585 408
546 350
509 390
528 368
510 401
568 371
604 390
536 390
565 387
624 391
549 375
554 386
621 399
617 351
560 364
602 394
599 387
577 357
572 377
