1856 1075
2094 1153
1601 1126
1801 1132
1829 1188
1970 1093
1803 1159
1648 1174
1870 1170
1715 1134
1667 1218
1843 1152
1863 1177
1737 1106
1793 1116
1719 1164
1879 1107
1838 1111
1871 1147
1675 1098
1695 1126
1771 1128
1723 1151
1886 1118
1653 1167
1858 1177
1835 1087
1698 1147
1688 1131
1781 1176
1847 1166
1741 1079
1777 1114
1812 1168
1598 1147
1697 1154
1792 1128
1549 1149
1856 1154
1764 1161
1904 1148
1769 1124
1632 1137
1856 1163
1925 1158
1783 1118
1677 1131
1703 1186
1696 1204
1646 1229
1960 1089
1981 1092
1766 1132
1814 1179
1609 1182
1766 1171
1773 1070
1604 1147
1745 1081
1739 1156
1640 1152
1719 1166
1953 1136
1684 1158
1531 1148
1878 1151
1611 1148
1844 1150
1809 1118
1910 1088
1790 1145
1668 1156
1790 1173
2041 1210
1984 1113
1700 1182
1776 1175
1893 1122
1760 1161
1801 1070
1843 1100
1915 1131
1901 1105
1934 1198
1983 1156
1727 1182
2251 1137
1913 1134
1678 1164
1812 1112
2031 1169
1576 1160
1753 1172
1839 1163
1703 1131
1665 1167
1676 1179
1561 1086
1586 1134
1756 1144
