279 62
281 68
282 71
284 77
279 65
280 65
281 71
281 71
281 71
281 68
279 65
281 74
281 71
280 71
282 74
282 71
279 65
280 68
281 71
282 71
280 68
282 71
282 71
285 80
281 71
283 74
280 65
281 71
283 80
281 68
282 74
281 68
281 68
282 74
282 71
280 68
283 74
282 74
283 74
279 65
281 68
282 71
283 80
281 71
282 74
281 71
281 71
279 65
281 68
281 71
283 74
281 68
280 68
282 71
283 77
282 71
280 71
281 71
283 77
280 65
279 65
281 68
282 71
280 71
280 74
282 71
281 68
279 65
281 68
281 71
281 68
283 74
283 80
281 74
282 74
280 68
280 65
281 71
283 74
283 77
281 74
282 71
283 74
283 77
281 68
282 71
280 68
282 71
280 68
281 68
280 68
282 71
283 74
282 71
279 68
282 71
283 74
281 68
282 71
282 71
