507 258
504 252
493 253
503 246
502 240
507 258
497 262
506 255
504 249
506 261
490 244
494 253
505 252
482 260
504 246
504 249
504 252
501 240
505 261
507 258
486 266
505 249
506 252
496 256
504 249
505 261
505 255
503 246
504 252
502 243
503 255
503 249
502 243
504 246
504 249
496 259
505 249
506 258
507 258
505 252
503 249
509 264
503 243
502 246
506 255
505 252
506 255
502 240
507 255
505 252
502 240
503 249
508 261
506 255
495 259
502 243
480 248
502 240
505 249
501 240
506 255
496 259
506 252
502 243
506 252
506 255
504 252
502 240
504 249
506 255
501 240
494 253
506 264
505 249
507 258
504 252
503 252
504 252
492 244
506 252
506 252
506 252
506 252
504 252
494 256
503 258
503 252
505 249
493 250
506 252
506 255
507 255
507 255
506 261
505 252
503 246
504 255
504 249
504 246
504 252
