259072 151501
276750 149841
251975 152076
257730 152129
260632 151143
261429 150869
268491 149672
253541 150775
261748 151005
267705 150230
264517 150499
257964 150746
259956 151729
266143 149688
260387 150971
262994 149975
269586 150263
270008 149345
266011 150552
285405 149866
279591 148423
259805 150497
263941 151081
264267 151606
272479 150830
259210 151294
252749 151542
255822 151184
256494 151336
248540 152209
251910 151104
258250 151709
258397 151002
264329 150961
255897 151651
265118 150491
281125 148390
260823 151451
262621 150222
271792 149161
276783 149707
261135 150975
252810 152052
259081 151163
273856 150416
270941 149249
261349 150775
271442 150242
256544 151637
256341 152075
249837 151561
263648 151595
254904 152294
242798 153348
260332 150616
266349 150717
258719 151002
258572 151100
258001 149854
271018 149965
255222 150615
269333 150446
273450 149268
283955 148883
247039 153134
278076 150143
282447 149447
255348 151574
282279 149160
255846 151201
262281 151347
249233 152018
266474 150008
256758 150893
266638 150614
256154 151339
260963 150504
260413 151565
267415 151251
263291 152784
272326 149765
260823 150228
252079 152142
277186 148465
272229 151030
254117 152297
287163 148267
254343 151302
284157 149187
265580 150323
268049 151306
253947 151299
255615 152184
253540 152210
269599 149437
292796 149721
251164 151527
250672 151833
254180 151717
267667 149647
