480 304
489 337
449 357
428 322
502 327
546 324
471 328
453 316
434 342
414 314
407 340
430 342
502 328
442 347
540 309
447 311
407 341
555 318
465 309
481 338
458 335
520 306
425 348
444 339
432 328
419 322
489 317
467 301
488 309
463 353
517 324
474 323
463 316
437 352
497 329
428 366
508 307
481 280
500 319
448 316
413 314
500 335
455 325
573 335
490 308
458 338
431 318
453 307
467 361
439 343
521 327
507 320
524 327
483 338
462 336
501 318
551 306
477 316
433 322
442 345
473 332
417 337
505 344
423 329
434 340
449 312
411 349
519 325
485 294
545 352
474 334
460 302
533 320
487 305
524 334
473 336
422 312
435 325
540 347
404 320
430 307
530 311
419 317
516 342
485 359
456 341
520 328
465 329
611 335
480 293
487 322
461 329
548 308
470 345
477 291
408 321
455 293
505 300
546 321
455 323
