502 93
504 102
492 109
503 105
493 103
503 99
493 103
505 102
503 99
503 102
505 105
504 108
508 117
504 108
508 114
481 104
494 106
505 108
492 103
504 102
507 108
506 111
492 106
505 105
503 102
503 99
492 100
491 97
503 99
503 99
494 103
503 99
505 114
492 100
492 103
503 99
501 102
504 102
502 96
506 105
502 96
502 93
492 97
502 93
505 108
498 118
505 111
503 96
503 102
500 87
493 103
493 109
495 109
491 97
493 103
504 105
504 102
492 109
505 102
503 108
504 99
502 96
504 102
504 108
504 99
508 114
501 93
506 111
503 99
503 99
492 103
507 108
504 102
502 102
503 102
492 100
503 96
490 97
505 108
500 90
491 106
504 105
504 102
507 108
494 106
504 99
492 103
494 106
502 96
494 109
506 111
503 99
506 105
496 112
504 99
502 96
502 96
492 103
503 99
509 117
