703 136
702 142
706 145
704 145
701 133
705 145
702 136
704 139
703 139
710 157
705 148
703 139
705 145
707 148
704 142
703 139
708 160
700 130
702 139
703 142
701 133
702 139
703 136
707 151
702 139
701 133
701 133
701 136
704 142
702 136
703 142
705 142
700 130
702 136
702 139
705 148
705 145
706 148
702 136
704 148
702 133
703 142
706 145
703 139
703 145
706 145
703 139
704 139
703 148
702 139
705 142
706 148
707 148
701 130
703 139
706 145
708 160
708 154
706 145
702 142
703 145
708 157
704 142
703 142
704 139
703 142
704 142
706 145
703 139
701 130
704 142
707 151
705 142
703 142
704 142
703 148
704 142
705 142
704 139
705 145
701 130
704 142
701 133
706 148
704 145
703 139
703 142
701 136
705 148
704 139
704 139
706 154
702 142
704 142
702 136
706 148
702 136
702 136
704 145
706 145
