300342 185969
304690 186368
323059 184219
310587 185396
334175 182877
304241 185475
313987 184582
304351 186367
331595 182673
332093 182321
312304 184573
342900 184180
323887 183049
324006 184333
320534 183867
317997 184646
340211 182582
327818 184866
320617 184232
316662 185845
325372 182810
321207 184258
312186 184888
311533 185011
318569 185167
335593 183472
308758 186113
323668 184528
311204 185117
331189 184316
308140 186445
345970 184145
331165 183343
324132 183655
314664 184941
315864 185938
319635 184207
322001 183510
340286 182347
321559 183860
336124 182269
346205 182811
315158 184107
316809 184049
316218 185255
312850 184740
306165 185500
317135 184644
316551 184367
326286 183631
334612 182054
314475 184707
331996 183508
319666 184813
308710 185493
312077 184150
322428 183588
331386 184900
321412 183747
316549 184260
313550 184639
308127 186038
336081 181820
312141 184490
335336 182630
342581 182292
320530 184440
308787 185607
304745 185696
335014 183077
314308 186115
335748 183627
307829 185225
339392 181665
330752 184662
349427 182016
338144 182408
331997 184390
308262 185350
342373 182096
303910 185745
316687 185507
376497 179159
309282 186502
310088 184417
315678 183832
308429 184199
347861 182896
335963 183196
325484 183558
325064 183560
317834 185431
370923 182090
319611 185383
323307 183576
303800 185274
304537 185967
312083 186036
317339 184724
322509 182761
