99303 22679
99349 22784
99324 22718
99307 22670
99308 22661
99330 22736
99305 22613
99338 22775
99341 22772
99318 22715
99352 22835
99332 22724
99324 22772
99312 22697
99322 22718
99310 22712
99331 22739
99326 22739
99344 22778
99345 22793
99321 22739
99361 22864
99302 22628
99314 22679
99333 22772
99315 22685
99332 22754
99321 22703
99327 22775
99325 22733
99315 22718
99327 22688
99315 22718
99305 22625
99319 22730
99302 22670
99350 22756
99324 22751
99326 22754
99318 22673
99304 22703
99340 22781
99328 22706
99357 22808
99305 22610
99349 22820
99317 22724
99327 22724
99340 22814
99332 22796
99311 22688
99298 22649
99333 22736
99319 22673
99342 22781
99317 22706
99335 22712
99320 22694
99302 22691
99343 22723
99316 22721
99348 22793
99309 22640
99314 22712
99307 22730
99332 22739
99340 22781
99325 22715
99332 22754
99313 22679
99338 22745
99315 22700
99332 22763
99324 22709
99317 22685
99318 22691
99321 22757
99333 22742
99326 22724
99329 22748
99334 22775
99324 22751
99313 22670
99314 22688
99293 22610
99309 22667
99341 22775
99308 22688
99344 22817
99302 22679
99347 22793
99336 22820
99307 22670
99279 22565
99347 22796
99324 22664
99321 22739
99333 22781
99324 22775
99325 22736
