351870 208487
369669 207601
348623 209555
342221 208517
351148 207152
384344 203099
373045 203936
346758 208326
360906 206828
366486 206205
359191 206591
367115 205327
350963 207778
355175 207748
355415 207072
373389 205506
383111 204813
355670 207969
385345 203209
363750 207131
351311 207103
367978 206458
355344 208331
357966 207350
339286 208774
369574 206742
358255 207054
367216 205897
349969 208063
344206 209697
356290 206815
365773 207203
346324 208551
358594 207467
366373 206368
358006 206516
347305 209025
373053 206738
367606 207902
356738 207796
350994 207886
353033 208285
362722 207001
369458 205753
350929 207662
377313 204545
360063 206982
361265 207120
355862 207111
354328 207598
396422 204326
369962 205366
374081 206018
373932 203914
380022 205423
367053 205963
355041 206852
352788 207965
357551 206176
357623 207623
356399 206182
362715 206476
363728 206643
393935 204178
349213 207663
349419 208148
354481 207664
358845 207002
346726 208031
358737 207426
352755 208721
364469 205135
348783 207804
366189 206277
373936 206908
348192 209360
357045 207053
336783 208145
356061 207682
351572 207366
360313 207140
394416 204755
364697 205588
351959 207547
349157 208330
353753 206926
366289 206927
358338 206467
358341 206991
351020 207635
350300 208506
351944 208921
360912 205940
354541 208359
383487 203905
368893 206757
376077 206102
374061 205045
355632 207290
388584 203913
