979 185
952 187
954 181
976 179
954 187
944 191
957 190
953 178
950 172
955 184
964 180
965 177
955 184
951 178
948 163
980 188
953 178
980 188
953 178
966 180
954 190
979 182
949 175
966 186
975 182
963 174
968 186
964 177
950 178
967 186
956 187
969 195
978 182
989 184
968 186
950 172
970 195
968 189
963 177
965 180
966 183
969 192
977 191
952 175
967 189
970 195
962 171
969 192
951 178
1021 206
965 183
964 174
953 181
978 185
964 177
965 177
954 190
983 194
977 182
976 176
955 184
950 169
964 174
992 193
954 190
953 184
968 189
967 183
952 181
991 187
969 192
956 187
949 169
977 182
966 186
977 179
951 175
964 186
953 181
954 181
950 169
952 178
980 191
978 185
965 180
967 186
965 183
967 192
976 182
965 186
963 180
955 184
964 180
977 179
981 194
951 178
970 189
991 187
949 169
952 175
