40169 4148
40156 4103
40155 4112
40162 4130
40167 4148
40177 4133
40160 4103
40162 4139
40153 4088
40175 4172
40164 4157
40142 4040
40158 4103
40172 4130
40162 4121
40147 4079
40156 4094
40171 4166
40145 4022
40170 4166
40159 4082
40166 4103
40137 4022
40152 4091
40174 4160
40166 4130
40155 4115
40161 4136
40165 4130
40146 4064
40180 4163
40164 4115
40164 4136
40176 4157
40152 4070
40180 4136
40162 4118
40170 4127
40164 4118
40173 4157
40150 4088
40137 4010
40162 4133
40176 4160
40162 4097
40172 4115
40164 4148
40153 4115
40147 4103
40170 4142
40165 4115
40156 4109
40148 4082
40179 4145
40159 4097
40156 4091
40152 4070
40166 4148
40162 4088
40164 4115
40156 4130
40163 4094
40163 4142
40146 4061
40162 4106
40153 4085
40177 4178
40179 4145
40155 4103
40148 4079
40167 4097
40165 4112
40144 4082
40159 4112
40145 4094
40140 4049
40163 4106
40170 4136
40159 4106
40161 4100
40184 4196
40153 4052
40162 4121
40151 4043
40154 4094
40162 4127
40171 4124
40172 4151
40154 4091
40162 4088
40173 4148
40165 4151
40160 4094
40147 4082
40148 4070
40138 4082
40153 4118
40178 4142
40162 4103
40142 4019
