204632 17469
204638 17478
204641 17436
204660 17574
204619 17382
204584 17349
204648 17484
204661 17481
204614 17373
204626 17370
204646 17460
204661 17481
204645 17454
204659 17439
204628 17358
204656 17502
204635 17430
204661 17550
204629 17421
204643 17469
204691 17592
204648 17481
204710 17673
204615 17436
204658 17487
204649 17511
204631 17424
204648 17412
204652 17499
204653 17478
204682 17598
204625 17460
204636 17433
204650 17439
204646 17487
204637 17424
204661 17502
204650 17472
204654 17487
204656 17472
204649 17499
204646 17508
204666 17439
204598 17328
204671 17529
204663 17460
204643 17457
204659 17565
204624 17451
204620 17421
204640 17454
204634 17454
204646 17394
204658 17463
204687 17535
204676 17589
204656 17493
204654 17517
204671 17484
204636 17418
204652 17556
204679 17511
204651 17517
204633 17427
204650 17463
204608 17412
204620 17292
204636 17442
204620 17412
204646 17469
204640 17487
204617 17412
204653 17475
204641 17421
204644 17430
204652 17511
204658 17508
204664 17520
204628 17445
204616 17340
204653 17454
204616 17349
204650 17517
204646 17442
204634 17415
204678 17499
204610 17364
204635 17418
204638 17436
204685 17550
204620 17394
204652 17520
204642 17418
204617 17397
204665 17511
204663 17493
204613 17328
204654 17475
204620 17412
204630 17424
