21 1817
25 2548
18 1886
23 2585
23 1781
26 1401
27 1703
21 1732
17 1851
22 1831
13 1963
24 1669
24 1417
21 921
23 2282
23 1580
23 977
17 2640
22 2495
20 2801
22 1433
22 1663
20 886
23 1900
18 1600
19 2797
20 1760
19 2251
23 1791
21 1129
23 1937
15 2313
19 1576
22 2469
22 1052
21 865
22 1760
21 1465
20 1673
20 1772
21 1804
23 6392
23 1890
22 1454
24 1451
22 2627
19 2309
25 2500
19 1862
24 1308
27 1772
23 1763
24 2104
26 2150
17 3171
24 2559
26 3753
20 1896
20 2004
18 1924
26 1547
22 2389
20 2269
24 2180
24 1941
18 814
27 1509
22 1317
25 1288
25 1493
23 1809
23 1837
23 1344
19 2756
23 1598
10 706
24 1261
23 2041
20 1463
24 2012
27 1327
24 1594
25 1694
16 1480
25 1915
23 2215
21 1780
16 2112
19 1634
21 1189
24 2049
22 2074
22 2015
17 1520
20 1763
23 2213
12 643
25 1348
24 2059
21 1680
