34 2170
34 1965
34 1307
34 1269
34 1682
34 2433
34 1416
34 1300
34 1782
34 2060
34 1257
34 1908
34 1342
34 1208
34 2713
34 1415
34 1948
34 1314
34 2003
34 1966
34 1695
34 2301
34 1430
34 935
34 1340
34 1547
34 2188
34 1854
34 1541
34 1607
34 1124
34 1557
34 1710
34 2179
34 2667
34 2097
34 1906
34 1418
34 1059
34 1481
34 994
34 955
34 1478
34 1904
34 1253
34 1274
34 1444
34 1000
34 1881
34 2269
34 1877
34 2236
34 1594
34 1282
34 1659
34 1121
34 2879
34 1615
34 1726
34 2437
34 2008
34 2247
34 1657
34 1381
34 1402
34 1608
34 1704
34 1462
34 1845
34 957
34 1313
34 1261
34 1720
34 2161
34 1135
34 1777
34 2399
34 1671
34 1451
34 1665
34 1267
34 2578
34 1794
34 2550
34 1369
34 2255
34 1431
34 2518
34 1867
34 2409
34 1755
34 1447
34 2768
34 2112
34 1533
34 2396
34 1690
34 2315
34 1749
34 1107
