25 1448
23 1414
22 1756
23 2536
16 1857
25 2411
26 1915
20 2103
25 2771
22 2689
20 2301
22 2675
22 2542
27 1746
21 2590
24 2155
22 2841
23 16167
24 2551
22 2314
25 1999
19 1496
25 2999
24 1882
22 1725
19 2192
22 2765
24 2303
21 1653
21 1751
20 1309
27 1989
25 1615
24 1690
24 2097
23 2990
22 2543
21 1756
25 2663
23 2028
13 1752
25 2426
24 2170
21 1979
22 2039
22 1332
22 1185
22 4661
18 2576
22 847
20 2908
24 2093
22 3033
17 2561
14 1379
23 1921
23 2969
20 1958
23 4072
21 2592
20 2598
24 2087
23 2247
24 1460
20 2171
21 2542
14 1652
20 1760
24 2251
17 1967
26 2090
27 2385
24 2223
25 3053
16 2716
23 2191
21 2714
25 2091
24 2909
22 2358
26 3708
26 2009
21 2539
22 1794
25 2651
27 1574
26 1463
25 2661
22 2501
23 1745
28 2434
21 1940
20 2056
23 2558
24 2594
21 1758
23 1358
24 2144
21 2382
25 2559
