2 4236
2 500
2 474
2 1893
2 378
2 495
2 2943
2 542
2 1824
2 1523
2 1451
2 492
2 436
2 405
2 337
2 369
2 540
2 1740
2 1509
2 500
2 4485
2 1098
2 563
2 1427
2 525
2 529
2 940
2 601
2 555
2 517
2 509
2 366
2 810
2 432
2 672
2 3444
2 438
2 464
2 895
2 480
2 478
2 427
2 3070
2 392
2 5727
2 556
2 473
2 715
2 636
2 26636
2 2021
2 242
2 5298
2 1534
2 1425
2 1246
2 2821
2 1542
2 516
2 585
2 495
2 512
2 507
2 461
2 453
2 515
2 413
2 1464
2 420
2 489
2 494
2 1264
2 467
2 428
2 783
2 547
2 469
2 1386
2 763
2 615
2 407
2 3002
2 627
2 435
2 804
2 433
2 779
2 1277
2 845
2 2311
2 477
2 2614
2 596
2 1038
2 794
2 543
2 543
2 4208
2 624
2 940
