22 1484
17 2070
20 1465
21 1887
21 2228
22 1751
21 2170
19 1632
21 1850
23 1866
19 1960
21 1483
15 818
21 839
19 1996
20 1583
21 2025
23 1335
25 2000
23 1783
19 1933
19 773
20 1310
25 818
23 1613
23 1137
20 1367
14 794
21 1216
15 2310
20 1202
21 2696
23 1380
21 750
21 1849
23 2160
17 808
24 867
20 1074
16 1584
23 814
21 1703
21 2840
19 1876
17 1136
23 861
19 1297
16 1859
24 1173
22 1799
23 812
12 1115
21 2158
23 1040
20 1185
18 851
16 2031
19 1176
22 1088
22 1040
18 2208
25 2164
22 1260
16 1259
19 1921
9 1417
18 2389
21 1124
23 1629
22 2292
17 1360
17 1791
19 1959
15 1610
23 1414
21 966
16 1330
18 1583
22 1425
22 1136
19 822
21 1400
18 1197
16 1726
17 1009
21 1342
21 1443
16 1263
21 1863
16 875
21 706
24 1335
23 1100
24 1514
18 676
20 808
21 2145
18 1777
19 2827
20 970
