21 2238
25 1162
22 2239
20 2006
20 2698
23 2470
21 2031
18 1818
23 1396
23 2661
23 1530
22 2450
23 3285
16 1218
22 889
19 1518
14 1300
15 1411
23 1290
25 2264
24 1531
23 2158
23 2310
23 1584
23 2449
21 1094
16 2206
22 1873
21 2667
22 3292
16 1030
23 2215
21 1040
24 1862
20 1565
24 1546
22 1983
20 1947
24 2280
24 1894
24 1654
20 2040
21 2014
19 1739
20 1820
23 1717
25 2698
21 1810
19 2175
22 1453
21 1422
26 3388
22 1732
24 1655
21 1957
19 1542
18 1031
19 1051
21 1996
15 1282
20 1602
20 1977
21 1561
23 2056
18 1230
22 935
21 1950
26 1676
20 2705
24 1914
26 1283
21 1843
24 1362
22 1831
23 1555
17 1495
21 1873
22 964
19 935
22 1550
23 836
25 832
19 1365
16 780
17 1936
22 2517
19 2188
16 1483
24 1928
20 2251
19 1972
10 2014
23 2996
20 2087
22 1763
22 1841
22 2110
21 1616
22 1443
10 1396
