25 2324
22 2850
20 1780
28 1900
24 1612
25 1750
16 2689
26 2139
24 2736
27 2715
22 1760
24 1943
25 2416
28 1995
22 1716
19 2955
23 3260
24 3187
27 2324
22 1284
25 1675
24 2033
23 3002
20 2083
26 2285
26 2286
24 2080
26 1873
25 2960
23 2655
24 2314
25 2369
24 2590
22 2705
25 2000
30 2578
23 2157
20 1376
27 3285
23 2153
25 2918
21 2610
27 1528
26 2670
24 2586
20 2094
22 1940
26 2291
27 2599
23 2378
25 2278
20 1895
21 3344
23 2055
26 2101
23 3164
22 3861
22 1252
24 1629
21 1848
16 1885
27 2608
20 1538
26 2395
16 1478
21 1779
24 2628
23 2741
23 2156
21 2923
17 2149
24 1947
21 1894
21 2199
26 1815
23 1972
21 2602
26 2177
23 1542
23 2209
25 2682
25 2012
23 1996
23 2309
22 1435
26 2650
24 2042
21 3076
23 1782
25 2271
26 1489
25 1351
24 2064
25 1471
20 2522
22 1733
28 2320
26 2126
24 2241
24 2426
