24 957
22 890
26 932
21 887
19 807
28 1006
24 954
24 981
24 856
28 949
24 1004
27 1023
15 698
25 1144
25 931
23 949
28 876
21 853
27 806
25 941
22 859
14 828
22 934
22 919
21 953
21 1104
23 875
24 977
23 1072
26 921
22 1008
25 980
23 889
24 962
21 915
19 875
22 911
24 988
26 906
28 941
23 921
21 863
24 905
26 1066
23 907
24 1011
25 857
26 919
21 990
25 930
25 1115
23 780
25 875
22 867
27 915
25 1042
19 786
23 969
12 632
25 885
29 975
18 867
24 918
24 813
27 1048
24 766
26 984
27 907
20 751
29 979
23 919
11 695
28 1153
24 897
24 814
24 823
20 1101
20 878
24 884
25 879
23 881
26 992
26 837
21 872
26 1055
21 900
30 865
24 808
21 764
25 900
21 868
25 985
23 1075
28 1051
28 861
22 1024
24 988
20 764
21 950
26 1173
