18 1234
20 2102
23 1178
18 1798
24 1240
23 2012
15 962
26 923
21 2058
21 2048
23 1181
25 1629
24 1565
23 1906
24 1321
18 1515
19 1094
24 2699
20 1170
19 1631
26 866
24 1321
21 2069
24 1992
25 1409
19 1219
19 1758
17 1026
18 1181
16 1347
23 1654
22 1196
26 1401
18 1942
20 1274
20 1763
21 4330
21 2341
20 1027
24 857
24 1342
21 819
24 1876
24 1899
21 2120
18 1949
21 1491
22 1748
23 1865
23 1079
19 1596
23 2102
23 1452
25 1376
16 1333
24 1397
17 1266
18 1261
23 1375
26 1485
24 1708
25 976
15 1551
23 1757
18 1501
18 1797
22 1550
22 953
22 1596
28 860
17 1628
24 881
18 1623
22 1571
21 1684
21 848
19 1594
13 839
21 1549
23 1976
19 1482
22 1914
21 1217
22 1567
21 1811
16 984
22 1637
18 1652
21 832
16 2023
21 746
22 3557
27 1642
22 1507
18 1702
19 1710
19 1088
25 2560
20 2717
21 1853
