16 839
16 824
16 859
16 761
16 776
16 655
16 780
16 640
16 1177
16 1132
16 4791
16 619
16 631
16 613
16 693
16 604
16 638
16 837
16 605
16 575
16 722
16 648
16 678
16 771
16 968
16 682
16 570
16 687
16 751
16 702
16 700
16 705
16 710
16 687
16 613
16 847
16 1011
16 707
16 703
16 670
16 824
16 688
16 674
16 607
16 925
16 644
16 690
16 633
16 745
16 679
16 690
16 787
16 663
16 598
16 1291
16 565
16 1478
16 710
16 721
16 1367
16 1087
16 1187
16 700
16 681
16 596
16 617
16 620
16 680
16 752
16 1364
16 689
16 702
16 633
16 662
16 696
16 1067
16 649
16 638
16 656
16 745
16 716
16 705
16 673
16 662
16 605
16 659
16 645
16 969
16 782
16 615
16 818
16 802
16 729
16 654
16 817
16 683
16 667
16 855
16 645
16 646
