2 428
2 253
2 457
2 254
2 454
2 431
2 351
2 472
2 621
2 230
2 500
2 235
2 416
2 200
2 442
2 209
2 435
2 230
2 432
2 187
2 421
2 1542
2 208
2 364
2 233
2 308
2 1008
2 361
2 202
2 400
2 207
2 425
2 217
2 449
2 235
2 449
2 215
2 344
2 539
2 393
2 676
2 882
2 195
2 418
2 245
2 1697
2 518
2 292
2 440
2 205
2 377
2 209
2 430
2 207
2 371
2 269
2 415
2 209
2 907
2 367
2 2720
2 544
2 1856
2 477
2 695
2 344
2 757
2 426
2 332
2 455
2 220
2 482
2 503
2 258
2 376
2 837
2 201
2 470
2 371
2 932
2 413
2 299
2 458
2 222
2 411
2 211
2 543
2 218
2 386
2 651
2 422
2 1401
2 210
2 543
2 338
2 471
2 567
2 404
2 477
2 1214
