2 3406
2 552
2 445
2 461
2 274
2 909
2 452
2 3948
2 526
2 543
2 582
2 575
2 365
2 3846
2 787
2 1522
2 529
2 559
2 1413
2 526
2 448
2 695
2 512
2 512
2 578
2 570
2 1859
2 646
2 799
2 396
2 531
2 454
2 466
2 472
2 638
2 494
2 541
2 510
2 371
2 605
2 597
2 519
2 525
2 677
2 1047
2 480
2 479
2 563
2 379
2 556
2 590
2 519
2 616
2 2721
2 885
2 239
2 1434
2 502
2 448
2 442
2 478
2 598
2 578
2 283
2 607
2 874
2 481
2 520
2 2191
2 612
2 606
2 572
2 454
2 4777
2 4223
2 560
2 550
2 519
2 550
2 426
2 1170
2 720
2 670
2 524
2 432
2 654
2 421
2 518
2 765
2 492
2 641
2 610
2 575
2 642
2 491
2 498
2 657
2 505
2 525
2 504
