32 2141
32 1747
32 1641
32 2027
32 2026
32 2149
32 1378
32 1691
32 1942
32 1230
32 1532
32 1258
32 1234
32 740
32 1718
32 1736
32 2072
32 2249
32 938
32 1213
32 1775
32 1797
32 1356
32 914
32 785
32 1090
32 1261
32 871
32 2027
32 1543
32 1911
32 2082
32 2106
32 1845
32 1458
32 1645
32 1609
32 2085
32 1496
32 2274
32 2027
32 2556
32 1023
32 2204
32 1352
32 2454
32 1405
32 1152
32 2027
32 1006
32 1174
32 2102
32 2258
32 2125
32 1808
32 2210
32 1992
32 1739
32 2005
32 2384
32 1717
32 2018
32 2027
32 1808
32 1802
32 1542
32 1142
32 1607
32 1687
32 885
32 2036
32 1787
32 2324
32 2165
32 1534
32 904
32 1718
32 1787
32 1305
32 1960
32 1614
32 999
32 1046
32 799
32 1083
32 1846
32 1376
32 1933
32 890
32 1926
32 2335
32 1507
32 1655
32 3623
32 1734
32 1786
32 1364
32 1775
32 2418
32 1657
