2 2017
2 257
2 166
2 215
2 253
2 254
2 345
2 1518
2 4063
2 214
2 191
2 206
2 161
2 195
2 2513
2 210
2 162
2 262
2 197
2 3412
2 3540
2 169
2 218
2 177
2 181
2 297
2 417
2 1844
2 184
2 1058
2 228
2 274
2 273
2 253
2 179
2 197
2 182
2 176
2 265
2 225
2 161
2 205
2 426
2 304
2 2380
2 1346
2 177
2 233
2 180
2 4195
2 843
2 178
2 185
2 174
2 2349
2 874
2 216
2 252
2 216
2 209
2 384
2 196
2 199
2 606
2 219
2 404
2 1190
2 795
2 187
2 232
2 228
2 19760
2 721
2 384
2 257
2 417
2 219
2 184
2 210
2 213
2 162
2 273
2 201
2 164
2 171
2 182
2 322
2 2808
2 183
2 188
2 144
2 145
2 186
2 182
2 497
2 645
2 206
2 226
2 1322
2 274
