32 1636
32 2149
32 1366
32 1299
32 1660
32 1391
32 1699
32 1605
32 1681
32 16349
32 1387
32 1488
32 1286
32 1161
32 1292
32 1417
32 1397
32 850
32 2076
32 1860
32 1656
32 1256
32 1643
32 1202
32 1381
32 1003
32 1575
32 1201
32 873
32 2014
32 1517
32 1755
32 1133
32 1053
32 1397
32 1433
32 1417
32 1751
32 1485
32 1390
32 1633
32 2121
32 1691
32 2279
32 1790
32 1703
32 1856
32 1786
32 1695
32 1279
32 844
32 941
32 2020
32 1320
32 1848
32 1213
32 1209
32 1993
32 1634
32 954
32 797
32 1097
32 1807
32 2248
32 1924
32 1094
32 1669
32 1200
32 1778
32 964
32 1855
32 2141
32 1529
32 959
32 1554
32 1311
32 1536
32 1769
32 1246
32 1799
32 1584
32 1158
32 885
32 1260
32 1054
32 3304
32 1188
32 1363
32 1557
32 1496
32 2112
32 1139
32 1059
32 2188
32 2108
32 1043
32 1517
32 934
32 1328
32 1229
