2 522
2 820
2 685
2 1630
2 791
2 640
2 2066
2 2574
2 2479
2 2482
2 560
2 917
2 508
2 611
2 638
2 739
2 930
2 3171
2 2230
2 1171
2 486
2 1256
2 6177
2 421
2 678
2 717
2 529
2 2746
2 3222
2 6056
2 989
2 951
2 464
2 583
2 3209
2 3739
2 590
2 433
2 3027
2 754
2 720
2 464
2 2597
2 926
2 483
2 961
2 3083
2 652
2 536
2 641
2 1480
2 519
2 1952
2 1242
2 765
2 522
2 6955
2 719
2 773
2 745
2 502
2 575
2 463
2 518
2 538
2 508
2 479
2 517
2 563
2 1082
2 1015
2 1612
2 469
2 1312
2 636
2 600
2 810
2 1438
2 554
2 1479
2 896
2 598
2 3185
2 2835
2 504
2 615
2 272
2 396
2 474
2 520
2 678
2 1687
2 1426
2 677
2 2717
2 956
2 565
2 2560
2 504
2 1191
