2 539
2 908
2 501
2 786
2 632
2 847
2 843
2 407
2 1667
2 498
2 571
2 420
2 497
2 729
2 523
2 535
2 545
2 534
2 463
2 560
2 1847
2 585
2 421
2 793
2 421
2 1082
2 510
2 507
2 446
2 301
2 379
2 487
2 393
2 699
2 7099
2 600
2 444
2 536
2 428
2 706
2 588
2 762
2 456
2 537
2 661
2 398
2 636
2 499
2 468
2 619
2 535
2 644
2 499
2 568
2 457
2 2756
2 442
2 530
2 453
2 553
2 733
2 506
2 437
2 544
2 517
2 415
2 699
2 526
2 510
2 652
2 598
2 2573
2 518
2 546
2 538
2 555
2 783
2 454
2 605
2 555
2 695
2 485
2 548
2 957
2 645
2 753
2 523
2 4071
2 809
2 904
2 5099
2 516
2 523
2 410
2 446
2 955
2 1046
2 2497
2 516
2 868
