2 2243
2 475
2 540
2 503
2 516
2 2524
2 2732
2 556
2 1891
2 1839
2 870
2 675
2 351
2 483
2 413
2 740
2 2873
2 5470
2 516
2 5909
2 6005
2 844
2 459
2 1957
2 974
2 650
2 2971
2 871
2 1680
2 5394
2 241
2 356
2 431
2 5215
2 414
2 426
2 938
2 432
2 375
2 457
2 2312
2 414
2 231
2 454
2 1763
2 2334
2 443
2 484
2 436
2 3214
2 676
2 441
2 781
2 527
2 4504
2 966
2 2855
2 1441
2 405
2 6870
2 1774
2 6005
2 1333
2 433
2 517
2 436
2 636
2 5542
2 3265
2 762
2 2851
2 855
2 928
2 1641
2 511
2 615
2 1129
2 1485
2 6192
2 503
2 401
2 909
2 559
2 474
2 1022
2 417
2 960
2 1963
2 600
2 784
2 579
2 2794
2 493
2 514
2 4465
2 572
2 686
2 567
2 533
2 346
