10 363
10 372
10 378
10 350
10 378
10 597
10 504
10 360
10 418
10 390
10 422
10 519
10 461
10 1061
10 514
10 358
10 497
10 507
10 414
10 432
10 391
10 430
10 411
10 357
10 385
10 427
10 1290
10 375
10 384
10 410
10 588
10 1471
10 377
10 424
10 593
10 386
10 607
10 485
10 421
10 416
10 418
10 456
10 410
10 439
10 525
10 341
10 355
10 421
10 1033
10 478
10 349
10 590
10 412
10 435
10 383
10 366
10 481
10 4960
10 468
10 387
10 429
10 561
10 1329
10 474
10 533
10 649
10 556
10 504
10 1179
10 374
10 332
10 454
10 3706
10 546
10 363
10 392
10 433
10 618
10 392
10 347
10 326
10 411
10 354
10 353
10 392
10 438
10 494
10 368
10 417
10 555
10 398
10 869
10 383
10 559
10 392
10 344
10 371
10 397
10 373
10 412
