32 1552
32 1217
32 1854
32 1716
32 1374
32 1654
32 1663
32 1441
32 1642
32 1689
32 1750
32 1629
32 1593
32 1449
32 1471
32 2083
32 1866
32 1716
32 1261
32 1218
32 1992
32 2086
32 1352
32 1467
32 1838
32 1450
32 1173
32 2357
32 2299
32 2538
32 1850
32 2016
32 2259
32 1640
32 1205
32 2137
32 1688
32 1805
32 1559
32 1482
32 1676
32 2031
32 2161
32 902
32 1255
32 1519
32 2187
32 944
32 1573
32 885
32 1163
32 1399
32 1638
32 3170
32 1380
32 1975
32 1368
32 1466
32 1092
32 3963
32 1924
32 1342
32 2035
32 1916
32 1417
32 2275
32 2129
32 1636
32 1479
32 1618
32 2434
32 1186
32 1301
32 1189
32 1308
32 1472
32 1302
32 1797
32 2157
32 2332
32 1471
32 1818
32 2049
32 1727
32 1766
32 1666
32 1974
32 1825
32 1677
32 1679
32 1126
32 1160
32 1803
32 2237
32 1217
32 1421
32 2022
32 1978
32 1786
32 1276
