2 441
2 595
2 364
2 410
2 542
2 189
2 407
2 441
2 744
2 409
2 677
2 469
2 1028
2 2964
2 443
2 464
2 1193
2 379
2 1680
2 247
2 376
2 440
2 594
2 307
2 445
2 620
2 366
2 401
2 870
2 450
2 462
2 1008
2 289
2 373
2 397
2 5188
2 383
2 1321
2 390
2 371
2 811
2 507
2 479
2 901
2 307
2 451
2 1272
2 354
2 760
2 272
2 436
2 2002
2 448
2 714
2 505
2 377
2 697
2 200
2 412
2 367
2 797
2 574
2 992
2 395
2 763
2 1696
2 614
2 464
2 4006
2 367
2 282
2 539
2 666
2 411
2 621
2 644
2 580
2 3615
2 427
2 534
2 307
2 502
2 610
2 202
2 434
2 518
2 702
2 395
2 434
2 513
2 202
2 826
2 2144
2 1475
2 446
2 1376
2 394
2 393
2 459
2 195
