13 477
13 442
13 580
13 1968
13 6290
13 6319
13 525
13 916
13 770
13 420
13 587
13 438
13 473
13 431
13 3340
13 609
13 465
13 501
13 451
13 1595
13 3674
13 1726
13 465
13 1360
13 577
13 501
13 721
13 554
13 1365
13 596
13 700
13 437
13 564
13 495
13 722
13 478
13 473
13 5542
13 624
13 466
13 435
13 516
13 785
13 568
13 490
13 752
13 445
13 533
13 887
13 1102
13 478
13 453
13 4262
13 729
13 1809
13 3181
13 499
13 456
13 597
13 577
13 7513
13 434
13 594
13 573
13 713
13 756
13 446
13 2668
13 471
13 422
13 450
13 440
13 14291
13 1916
13 2825
13 927
13 1661
13 4895
13 9686
13 2418
13 845
13 738
13 534
13 497
13 445
13 4959
13 1183
13 2227
13 414
13 430
13 486
13 502
13 2349
13 5863
13 7981
13 5582
13 5118
13 488
13 542
13 493
