16 661
16 713
16 679
16 676
16 617
16 920
16 682
16 678
16 780
16 656
16 695
16 767
16 650
16 731
16 623
16 596
16 1498
16 1530
16 789
16 1241
16 1128
16 10576
16 632
16 691
16 1426
16 741
16 715
16 616
16 668
16 628
16 1515
16 687
16 634
16 864
16 679
16 704
16 723
16 684
16 1474
16 1198
16 763
16 775
16 650
16 974
16 731
16 1269
16 583
16 627
16 951
16 592
16 788
16 629
16 622
16 730
16 869
16 828
16 705
16 1578
16 656
16 1018
16 678
16 864
16 746
16 713
16 798
16 678
16 727
16 679
16 646
16 1153
16 872
16 2604
16 934
16 1565
16 1125
16 1728
16 1550
16 1737
16 1432
16 670
16 604
16 727
16 688
16 696
16 637
16 595
16 606
16 1181
16 1324
16 2469
16 2546
16 918
16 1163
16 1941
16 639
16 1273
16 1262
16 805
16 623
16 633
