2 1051
2 1172
2 1355
2 2873
2 663
2 592
2 719
2 830
2 454
2 475
2 3161
2 1700
2 419
2 2889
2 326
2 411
2 556
2 410
2 943
2 4787
2 477
2 497
2 3571
2 540
2 887
2 865
2 5253
2 582
2 571
2 616
2 455
2 480
2 742
2 462
2 547
2 659
2 491
2 453
2 3926
2 701
2 554
2 677
2 575
2 1108
2 1216
2 2904
2 1584
2 751
2 764
2 2930
2 496
2 15303
2 1604
2 2604
2 710
2 3831
2 569
2 531
2 410
2 581
2 711
2 618
2 910
2 625
2 528
2 1809
2 545
2 2715
2 673
2 525
2 1398
2 3669
2 3265
2 610
2 2972
2 432
2 5042
2 552
2 570
2 521
2 544
2 660
2 4459
2 762
2 628
2 1632
2 940
2 5587
2 5025
2 850
2 505
2 564
2 3116
2 16456
2 494
2 678
2 3501
2 8818
2 2619
2 544
