14 563
14 615
14 537
14 1952
14 586
14 533
14 3428
14 872
14 594
14 599
14 1193
14 579
14 604
14 600
14 3325
14 563
14 603
14 543
14 7101
14 660
14 527
14 509
14 543
14 6473
14 1109
14 562
14 550
14 1368
14 625
14 534
14 539
14 6743
14 1156
14 523
14 563
14 1374
14 940
14 609
14 1325
14 503
14 537
14 563
14 854
14 1533
14 752
14 620
14 576
14 588
14 4031
14 1461
14 594
14 824
14 1475
14 496
14 781
14 607
14 3505
14 3804
14 660
14 616
14 782
14 1029
14 3843
14 956
14 606
14 2023
14 580
14 619
14 1944
14 2499
14 1117
14 588
14 596
14 7483
14 1844
14 1134
14 491
14 564
14 677
14 526
14 2973
14 1328
14 606
14 632
14 3977
14 1192
14 522
14 584
14 8882
14 4030
14 1267
14 575
14 495
14 577
14 528
14 618
14 1130
14 610
14 519
14 493
