27 2146
26 2180
23 2261
21 2418
26 1682
23 2342
29 2134
18 2167
21 1963
23 1510
21 1755
20 2010
20 2006
25 3002
18 2087
13 1450
24 2319
21 2236
19 1627
26 1859
20 1550
24 2875
21 2511
22 1735
22 1459
26 1783
24 2154
18 1923
22 2139
25 1997
23 2167
26 2380
28 2887
24 2208
26 2822
26 2175
24 1812
24 2130
20 3156
21 2280
21 2076
17 2311
22 2726
24 2160
29 2220
21 1679
21 3347
22 2333
23 2330
23 2429
22 2202
25 2284
22 2111
28 1478
22 3855
22 2390
24 2356
23 3024
26 2064
28 3021
28 2176
24 2333
24 2848
22 2195
23 2987
22 2198
24 1482
22 2261
20 1646
23 2452
19 1718
22 3388
22 2301
24 1269
23 1704
26 1447
23 1819
24 2554
20 2337
24 1745
21 2735
24 1702
20 1854
23 2071
25 3020
24 2367
22 2321
22 2532
23 3076
19 2649
16 2957
23 2690
24 2313
22 2202
14 1816
23 1547
26 2098
24 2700
25 2054
22 2402
