16 702
16 611
16 651
16 559
16 764
16 689
16 604
16 640
16 714
16 640
16 676
16 640
16 784
16 650
16 687
16 729
16 641
16 757
16 1807
16 836
16 970
16 1088
16 655
16 964
16 674
16 660
16 748
16 591
16 1325
16 4126
16 886
16 1525
16 732
16 654
16 645
16 632
16 682
16 1179
16 621
16 582
16 640
16 654
16 618
16 598
16 967
16 668
16 1738
16 13028
16 1052
16 1287
16 1663
16 1016
16 679
16 688
16 646
16 624
16 670
16 638
16 618
16 648
16 681
16 680
16 1215
16 613
16 820
16 627
16 747
16 616
16 646
16 896
16 776
16 854
16 649
16 729
16 990
16 606
16 777
16 677
16 661
16 685
16 1154
16 656
16 715
16 566
16 1269
16 783
16 658
16 726
16 632
16 578
16 684
16 631
16 643
16 618
16 655
16 1893
16 632
16 731
16 657
16 1102
