2 439
2 449
2 544
2 1340
2 575
2 691
2 497
2 803
2 1114
2 554
2 358
2 876
2 527
2 450
2 1731
2 465
2 466
2 1078
2 595
2 368
2 561
2 3355
2 623
2 401
2 672
2 538
2 454
2 558
2 5156
2 640
2 1040
2 661
2 507
2 477
2 740
2 2409
2 434
2 2919
2 2143
2 576
2 568
2 486
2 545
2 766
2 456
2 526
2 1909
2 717
2 501
2 513
2 823
2 379
2 4076
2 1950
2 5413
2 487
2 5116
2 905
2 552
2 1818
2 571
2 683
2 396
2 622
2 3199
2 525
2 503
2 2101
2 524
2 4237
2 1775
2 1767
2 737
2 770
2 5649
2 1343
2 423
2 569
2 612
2 547
2 473
2 490
2 581
2 3191
2 611
2 513
2 2622
2 489
2 1088
2 573
2 951
2 573
2 2245
2 571
2 4211
2 1080
2 526
2 444
2 898
2 3424
