2 499
2 521
2 2342
2 492
2 604
2 870
2 1257
2 538
2 758
2 779
2 627
2 843
2 544
2 665
2 1266
2 487
2 757
2 526
2 591
2 609
2 720
2 1155
2 558
2 758
2 802
2 560
2 635
2 537
2 575
2 828
2 541
2 1013
2 582
2 740
2 456
2 606
2 531
2 789
2 2012
2 537
2 383
2 568
2 538
2 721
2 1960
2 683
2 1212
2 3209
2 578
2 606
2 567
2 921
2 2599
2 5472
2 699
2 597
2 762
2 702
2 540
2 541
2 993
2 2503
2 627
2 639
2 633
2 2699
2 3757
2 575
2 553
2 2405
2 611
2 583
2 716
2 1215
2 535
2 2381
2 815
2 516
2 482
2 609
2 988
2 2936
2 580
2 7709
2 635
2 548
2 1032
2 662
2 627
2 1293
2 558
2 584
2 884
2 5243
2 531
2 625
2 508
2 517
2 848
2 543
