2 872
2 450
2 1067
2 508
2 540
2 1229
2 510
2 489
2 700
2 495
2 946
2 533
2 2138
2 539
2 1051
2 526
2 527
2 854
2 788
2 490
2 418
2 978
2 542
2 359
2 685
2 454
2 843
2 1042
2 20640
2 614
2 568
2 594
2 469
2 943
2 1580
2 503
2 409
2 594
2 605
2 515
2 591
2 599
2 2549
2 537
2 459
2 514
2 493
2 618
2 1031
2 532
2 523
2 539
2 749
2 535
2 625
2 357
2 1827
2 683
2 521
2 478
2 476
2 483
2 459
2 644
2 478
2 579
2 2671
2 527
2 2547
2 676
2 555
2 519
2 592
2 623
2 506
2 502
2 516
2 574
2 2124
2 999
2 2308
2 803
2 4332
2 4063
2 2389
2 494
2 4740
2 3436
2 649
2 911
2 588
2 786
2 502
2 6497
2 600
2 554
2 531
2 592
2 518
2 499
