16 610
16 592
16 724
16 605
16 737
16 638
16 694
16 902
16 633
16 904
16 618
16 703
16 700
16 642
16 714
16 669
16 683
16 718
16 715
16 649
16 626
16 815
16 660
16 655
16 622
16 689
16 653
16 592
16 638
16 736
16 725
16 1022
16 1296
16 765
16 715
16 627
16 678
16 616
16 590
16 742
16 896
16 645
16 647
16 646
16 668
16 696
16 587
16 953
16 624
16 712
16 1021
16 652
16 700
16 608
16 667
16 624
16 725
16 655
16 656
16 1064
16 600
16 579
16 648
16 761
16 645
16 1482
16 640
16 746
16 673
16 656
16 651
16 745
16 596
16 723
16 662
16 688
16 788
16 665
16 683
16 672
16 695
16 661
16 621
16 654
16 817
16 732
16 955
16 594
16 831
16 708
16 767
16 654
16 717
16 680
16 622
16 610
16 717
16 696
16 718
16 671
