2 435
2 446
2 488
2 478
2 526
2 362
2 482
2 483
2 709
2 672
2 549
2 603
2 502
2 3793
2 718
2 428
2 474
2 563
2 1010
2 710
2 611
2 445
2 1205
2 467
2 485
2 423
2 871
2 483
2 554
2 1009
2 441
2 492
2 494
2 854
2 2228
2 1567
2 506
2 481
2 492
2 430
2 412
2 800
2 529
2 964
2 5928
2 538
2 445
2 505
2 3830
2 638
2 2735
2 2043
2 3797
2 7605
2 770
2 1371
2 557
2 259
2 530
2 567
2 583
2 545
2 479
2 531
2 593
2 482
2 3259
2 546
2 452
2 663
2 497
2 2633
2 398
2 417
2 3381
2 283
2 847
2 474
2 403
2 507
2 684
2 614
2 372
2 495
2 607
2 1634
2 766
2 389
2 596
2 429
2 574
2 429
2 1089
2 540
2 3145
2 539
2 466
2 365
2 661
2 2154
