22 2586
24 2475
23 2628
23 2179
28 2687
19 5467
27 2855
24 3282
26 1120
23 1408
22 1876
17 2033
22 2247
17 2637
23 1490
22 2582
26 2592
25 2618
23 2140
24 1779
21 1922
23 1768
24 2450
19 1839
24 1535
27 2502
25 1181
23 2094
24 1668
23 2137
24 1807
21 2995
20 1828
24 2317
24 2913
22 2440
25 2886
22 1946
22 2285
21 1909
26 2130
17 1806
25 1398
20 1725
24 1817
20 1877
27 1937
23 2347
24 2824
18 1341
28 1815
22 1848
25 2511
26 2020
23 2515
26 1809
20 1861
24 2317
21 2871
22 3125
25 2224
22 1961
23 1751
22 3153
28 2280
22 2469
22 2126
23 2863
21 1802
22 2549
27 2132
27 2167
25 2792
26 2141
24 2460
21 2036
21 2062
27 2380
27 3144
16 1762
16 1975
23 2811
20 2000
20 3615
20 2250
23 2354
23 1919
25 2786
23 2703
22 1990
20 2655
24 1690
25 2144
24 1937
20 1601
25 2902
26 3584
24 2629
23 2551
24 2640
