2 443
2 426
2 544
2 1185
2 875
2 1398
2 3447
2 1416
2 497
2 1797
2 686
2 12809
2 1917
2 949
2 828
2 976
2 3800
2 1032
2 469
2 5301
2 645
2 527
2 618
2 778
2 517
2 451
2 601
2 526
2 593
2 556
2 1033
2 458
2 491
2 920
2 600
2 731
2 585
2 1565
2 619
2 1000
2 1014
2 1854
2 486
2 981
2 1763
2 2834
2 645
2 631
2 508
2 522
2 545
2 4965
2 809
2 3377
2 558
2 1073
2 1904
2 628
2 397
2 389
2 480
2 505
2 497
2 525
2 543
2 558
2 472
2 560
2 507
2 710
2 508
2 457
2 376
2 494
2 519
2 923
2 1200
2 1376
2 644
2 546
2 1609
2 896
2 522
2 759
2 936
2 1576
2 736
2 847
2 485
2 553
2 503
2 551
2 2869
2 3801
2 293
2 556
2 530
2 751
2 1051
2 2003
