26 828
26 717
26 866
26 1045
26 616
26 826
26 595
26 792
26 900
26 1099
26 1089
26 1156
26 570
26 516
26 622
26 878
26 1420
26 603
26 565
26 600
26 721
26 1324
26 1099
26 700
26 742
26 1032
26 610
26 2006
26 611
26 554
26 1040
26 581
26 1253
26 843
26 977
26 689
26 1223
26 1015
26 1618
26 668
26 591
26 1475
26 1428
26 987
26 1155
26 1372
26 575
26 754
26 1111
26 1427
26 737
26 600
26 484
26 1491
26 1787
26 670
26 1085
26 944
26 632
26 1058
26 1038
26 760
26 1012
26 1005
26 1235
26 1548
26 555
26 1141
26 1098
26 1943
26 846
26 1184
26 712
26 619
26 876
26 1168
26 668
26 843
26 610
26 642
26 924
26 563
26 649
26 1170
26 979
26 1553
26 557
26 814
26 558
26 1064
26 663
26 944
26 1704
26 914
26 1035
26 590
26 640
26 951
26 611
26 931
