16 716
16 704
16 717
16 919
16 743
16 748
16 758
16 673
16 702
16 587
16 791
16 587
16 672
16 833
16 622
16 607
16 731
16 645
16 635
16 1131
16 721
16 678
16 620
16 712
16 661
16 697
16 612
16 663
16 630
16 726
16 641
16 676
16 614
16 713
16 616
16 725
16 634
16 876
16 660
16 747
16 628
16 608
16 737
16 632
16 571
16 951
16 658
16 660
16 540
16 631
16 1144
16 629
16 966
16 715
16 719
16 649
16 800
16 690
16 575
16 854
16 835
16 655
16 687
16 677
16 675
16 619
16 713
16 605
16 668
16 591
16 658
16 679
16 657
16 722
16 756
16 628
16 557
16 666
16 820
16 638
16 618
16 702
16 650
16 690
16 811
16 748
16 777
16 1136
16 2511
16 1495
16 4825
16 1737
16 3135
16 1722
16 2025
16 1693
16 914
16 1713
16 5874
16 1203
