2 492
2 228
2 367
2 236
2 212
2 907
2 776
2 6180
2 538
2 743
2 399
2 447
2 2020
2 228
2 2866
2 381
2 235
2 299
2 3504
2 204
2 3003
2 441
2 235
2 1171
2 365
2 239
2 701
2 257
2 194
2 502
2 194
2 1342
2 317
2 296
2 441
2 233
2 1052
2 382
2 248
2 3909
2 428
2 226
2 2948
2 219
2 228
2 361
2 313
2 224
2 473
2 211
2 5093
2 498
2 221
2 1338
2 767
2 261
2 448
2 219
2 3603
2 500
2 308
2 407
2 249
2 350
2 183
2 217
2 434
2 202
2 700
2 395
2 219
2 403
2 205
2 2083
2 567
2 261
2 440
2 238
2 3860
2 191
2 6916
2 300
2 163
2 219
2 489
2 434
2 810
2 367
2 481
2 491
2 660
2 224
2 444
2 222
2 274
2 726
2 4994
2 192
2 949
2 201
