32 1905
32 1895
32 1039
32 2581
32 1545
32 1428
32 1597
32 1809
32 2720
32 1528
32 1313
32 1413
32 2076
32 1464
32 2218
32 2044
32 2056
32 1526
32 1555
32 1768
32 2114
32 1893
32 3001
32 1919
32 1949
32 1847
32 1405
32 2661
32 1732
32 1310
32 2662
32 1730
32 1517
32 982
32 1715
32 1256
32 1979
32 2601
32 1931
32 2383
32 2006
32 2243
32 1305
32 1388
32 1340
32 1628
32 1230
32 1825
32 1159
32 2106
32 2113
32 1436
32 1606
32 1130
32 1213
32 1665
32 1847
32 1492
32 1905
32 1482
32 1501
32 1637
32 1583
32 1259
32 2219
32 2134
32 1478
32 1042
32 1663
32 1777
32 1112
32 1565
32 2146
32 1714
32 1365
32 1054
32 1075
32 1595
32 1942
32 1860
32 1809
32 1535
32 2285
32 2309
32 3077
32 2042
32 1181
32 1174
32 825
32 1683
32 2030
32 2008
32 1635
32 1049
32 1947
32 1334
32 1398
32 1305
32 1193
32 1186
