16 654
16 645
16 675
16 744
16 638
16 667
16 672
16 661
16 654
16 631
16 653
16 695
16 724
16 656
16 659
16 679
16 708
16 637
16 804
16 710
16 955
16 675
16 615
16 628
16 677
16 681
16 686
16 598
16 725
16 635
16 669
16 679
16 685
16 803
16 680
16 570
16 655
16 857
16 795
16 609
16 627
16 653
16 847
16 725
16 810
16 630
16 721
16 667
16 702
16 848
16 1036
16 713
16 776
16 702
16 593
16 765
16 1151
16 629
16 748
16 712
16 617
16 637
16 781
16 917
16 824
16 725
16 626
16 695
16 830
16 860
16 799
16 621
16 697
16 738
16 648
16 660
16 668
16 776
16 699
16 621
16 1062
16 663
16 808
16 661
16 682
16 672
16 792
16 826
16 582
16 676
16 1443
16 696
16 757
16 671
16 591
16 704
16 582
16 1740
16 734
16 615
