2 490
2 370
2 420
2 422
2 406
2 757
2 461
2 416
2 392
2 483
2 461
2 600
2 474
2 457
2 715
2 468
2 445
2 432
2 492
2 426
2 567
2 704
2 864
2 239
2 338
2 454
2 499
2 551
2 1205
2 393
2 371
2 336
2 445
2 597
2 459
2 431
2 427
2 476
2 513
2 453
2 605
2 2370
2 3246
2 329
2 437
2 373
2 369
2 560
2 1433
2 3648
2 395
2 435
2 2266
2 1385
2 1836
2 1031
2 1456
2 489
2 393
2 502
2 566
2 767
2 705
2 494
2 725
2 4986
2 1642
2 825
2 607
2 427
2 454
2 513
2 534
2 1987
2 2763
2 2345
2 419
2 425
2 400
2 445
2 558
2 1472
2 1327
2 517
2 485
2 686
2 1212
2 1200
2 1800
2 2105
2 1032
2 1693
2 939
2 2720
2 4277
2 653
2 668
2 462
2 607
2 543
