25 1073
22 1956
21 1435
21 1498
15 878
19 1175
22 1434
12 995
22 732
21 1670
19 827
20 2079
20 985
19 2496
21 970
21 2133
20 1934
20 815
18 1374
18 1125
22 2159
18 712
20 1532
20 788
13 1992
17 2109
22 1062
18 827
20 662
24 1249
22 1260
17 1022
23 1690
15 1328
23 1181
18 982
19 1368
19 1732
19 1191
16 817
18 890
18 1138
21 1563
21 1433
26 695
14 1426
19 1756
20 1668
21 785
16 1421
23 856
20 1201
20 2398
21 1027
23 2115
15 1425
18 1301
10 2465
25 884
22 785
16 1734
23 1181
18 1061
20 795
20 1100
17 1291
19 836
22 1635
19 820
14 1232
18 1036
11 840
21 4854
16 1622
21 908
22 1519
16 1656
20 1034
22 1810
15 1046
18 952
23 1308
25 1656
19 1099
18 1746
17 1775
20 764
20 920
21 757
17 1409
19 1302
23 950
20 1521
20 1192
16 680
15 1074
16 1013
19 878
20 895
21 882
