2 610
2 1600
2 431
2 490
2 718
2 4719
2 620
2 476
2 531
2 493
2 480
2 2334
2 930
2 569
2 568
2 595
2 538
2 543
2 451
2 4107
2 750
2 723
2 573
2 501
2 1204
2 466
2 1229
2 562
2 516
2 530
2 518
2 808
2 524
2 586
2 474
2 417
2 680
2 550
2 544
2 620
2 545
2 4420
2 580
2 1134
2 1091
2 557
2 848
2 653
2 730
2 599
2 584
2 625
2 1542
2 546
2 565
2 521
2 484
2 533
2 539
2 519
2 536
2 5064
2 2372
2 600
2 942
2 3919
2 482
2 540
2 1714
2 775
2 1516
2 515
2 596
2 692
2 503
2 864
2 697
2 465
2 515
2 3005
2 552
2 893
2 410
2 615
2 713
2 665
2 492
2 596
2 3114
2 2723
2 1330
2 2513
2 544
2 516
2 505
2 540
2 749
2 697
2 541
2 637
