2 601
2 1038
2 656
2 456
2 398
2 549
2 581
2 700
2 391
2 606
2 522
2 578
2 684
2 609
2 473
2 474
2 736
2 403
2 1604
2 696
2 432
2 552
2 508
2 465
2 837
2 410
2 444
2 553
2 409
2 872
2 525
2 473
2 486
2 506
2 507
2 834
2 666
2 507
2 726
2 701
2 681
2 902
2 878
2 861
2 502
2 435
2 525
2 470
2 8830
2 892
2 525
2 4165
2 521
2 526
2 674
2 554
2 506
2 511
2 485
2 867
2 519
2 512
2 432
2 699
2 1190
2 584
2 500
2 710
2 453
2 423
2 591
2 408
2 483
2 440
2 456
2 410
2 2547
2 1097
2 756
2 548
2 298
2 542
2 805
2 509
2 340
2 879
2 627
2 662
2 3066
2 520
2 662
2 525
2 507
2 627
2 514
2 235
2 474
2 500
2 1330
2 454
