2 434
2 652
2 678
2 625
2 2651
2 597
2 495
2 425
2 1762
2 541
2 650
2 365
2 436
2 556
2 572
2 503
2 708
2 1414
2 670
2 704
2 489
2 654
2 540
2 834
2 519
2 630
2 627
2 349
2 496
2 569
2 536
2 584
2 511
2 510
2 396
2 569
2 547
2 603
2 487
2 613
2 562
2 296
2 454
2 1096
2 734
2 578
2 634
2 760
2 2762
2 709
2 569
2 653
2 678
2 737
2 601
2 663
2 444
2 642
2 281
2 212
2 432
2 777
2 499
2 528
2 448
2 3029
2 655
2 590
2 428
2 513
2 711
2 453
2 437
2 3286
2 801
2 700
2 591
2 419
2 465
2 399
2 945
2 599
2 586
2 421
2 5165
2 535
2 635
2 451
2 377
2 819
2 853
2 385
2 4906
2 571
2 449
2 512
2 604
2 1751
2 2616
2 1923
