28 752
28 824
28 1178
28 1221
28 2185
28 631
28 1440
28 921
28 1503
28 672
28 762
28 752
28 1464
28 1320
28 680
28 1498
28 1323
28 1401
28 1340
28 1353
28 769
28 1301
28 1570
28 1305
28 967
28 980
28 1149
28 951
28 964
28 770
28 828
28 1172
28 2282
28 1197
28 1436
28 1386
28 715
28 760
28 1021
28 1560
28 1604
28 903
28 1051
28 1550
28 1195
28 1226
28 1321
28 1212
28 1409
28 1613
28 1627
28 1276
28 1773
28 689
28 1665
28 771
28 945
28 663
28 1536
28 1522
28 1617
28 668
28 993
28 1133
28 1552
28 1334
28 953
28 1368
28 956
28 900
28 954
28 1172
28 1940
28 878
28 1220
28 936
28 971
28 1089
28 1799
28 1071
28 1908
28 626
28 800
28 870
28 1554
28 1608
28 1446
28 1689
28 2229
28 1235
28 1363
28 696
28 751
28 744
28 810
28 1404
28 2120
28 1072
28 740
28 848
