32 1754
32 1715
32 1603
32 1502
32 2034
32 1497
32 1397
32 1567
32 1418
32 2191
32 1839
32 1790
32 1513
32 1524
32 1753
32 1520
32 2324
32 1689
32 1431
32 2382
32 1356
32 1464
32 1528
32 2093
32 1705
32 1502
32 2539
32 1570
32 1691
32 1969
32 1419
32 2254
32 2030
32 1732
32 1262
32 1856
32 1646
32 2439
32 1804
32 1490
32 1592
32 1250
32 1773
32 1347
32 1642
32 1195
32 2308
32 905
32 1820
32 1015
32 1485
32 2066
32 2202
32 1474
32 1299
32 1370
32 1265
32 1409
32 1290
32 1160
32 1172
32 1420
32 1500
32 894
32 1191
32 1631
32 1995
32 2094
32 1488
32 1233
32 1905
32 1812
32 1164
32 870
32 1610
32 1683
32 1718
32 1959
32 1874
32 1792
32 2062
32 1686
32 2333
32 1396
32 1446
32 1206
32 1338
32 1227
32 2023
32 1593
32 1251
32 2068
32 1904
32 1458
32 1992
32 2050
32 1723
32 1503
32 1976
32 2326
