2 572
2 319
2 261
2 196
2 188
2 376
2 494
2 437
2 540
2 303
2 3670
2 353
2 1109
2 226
2 264
2 1051
2 692
2 177
2 228
2 1944
2 536
2 177
2 409
2 342
2 271
2 320
2 439
2 288
2 196
2 2129
2 219
2 495
2 428
2 1059
2 204
2 403
2 338
2 270
2 422
2 217
2 191
2 223
2 1597
2 354
2 166
2 219
2 253
2 352
2 517
2 202
2 206
2 217
2 581
2 259
2 215
2 341
2 1268
2 363
2 184
2 210
2 1238
2 471
2 394
2 235
2 194
2 276
2 198
2 1332
2 425
2 562
2 284
2 245
2 230
2 250
2 186
2 297
2 169
2 651
2 274
2 344
2 407
2 571
2 719
2 189
2 196
2 198
2 514
2 222
2 247
2 2272
2 599
2 198
2 210
2 554
2 780
2 180
2 215
2 794
2 291
2 245
