32 1478
32 2192
32 1138
32 1932
32 1461
32 1300
32 1589
32 1476
32 1843
32 1344
32 1221
32 1726
32 2770
32 1046
32 1364
32 1135
32 2004
32 1471
32 3785
32 2002
32 1427
32 1750
32 1280
32 2313
32 1385
32 2394
32 1829
32 2418
32 1980
32 1202
32 2604
32 1482
32 1515
32 1194
32 1442
32 2490
32 1531
32 2076
32 1209
32 696
32 1176
32 1879
32 726
32 3150
32 1492
32 1578
32 995
32 1565
32 853
32 1552
32 1127
32 1589
32 1576
32 1059
32 1103
32 1541
32 1108
32 2345
32 1405
32 1099
32 1725
32 2062
32 1813
32 1635
32 1221
32 1595
32 1937
32 1895
32 1390
32 1502
32 1694
32 1300
32 809
32 1128
32 1636
32 1142
32 910
32 1868
32 1641
32 2330
32 1480
32 2053
32 1361
32 1122
32 1574
32 2226
32 1408
32 1983
32 2074
32 1314
32 1346
32 796
32 1854
32 1334
32 945
32 1756
32 1438
32 2039
32 1802
32 2350
