17 1346
17 6515
17 1630
17 880
17 1510
17 893
17 864
17 1378
17 1257
17 1354
17 771
17 785
17 678
17 1110
17 788
17 1118
17 1120
17 714
17 697
17 723
17 768
17 786
17 816
17 1239
17 1071
17 1579
17 1261
17 1276
17 1494
17 1201
17 952
17 1384
17 724
17 658
17 752
17 748
17 722
17 826
17 1343
17 772
17 808
17 748
17 861
17 718
17 801
17 898
17 705
17 735
17 758
17 671
17 698
17 704
17 729
17 713
17 724
17 743
17 783
17 644
17 699
17 689
17 701
17 695
17 672
17 715
17 788
17 707
17 690
17 825
17 633
17 681
17 745
17 727
17 775
17 715
17 848
17 691
17 754
17 660
17 726
17 814
17 805
17 773
17 719
17 633
17 714
17 1347
17 986
17 2931
17 833
17 679
17 688
17 713
17 748
17 663
17 650
17 663
17 728
17 690
17 734
17 736
