32 1156
32 2045
32 1395
32 1224
32 1353
32 1750
32 1330
32 1974
32 1946
32 2145
32 1553
32 1633
32 1905
32 1395
32 1726
32 1442
32 1005
32 1108
32 1982
32 2156
32 1966
32 1793
32 1597
32 1022
32 1657
32 1621
32 1441
32 1253
32 1287
32 1120
32 2768
32 1692
32 1714
32 2208
32 1997
32 1723
32 2311
32 1333
32 841
32 1639
32 1649
32 1809
32 1253
32 2357
32 1290
32 1898
32 1560
32 1141
32 1415
32 1506
32 1844
32 1986
32 1454
32 1209
32 1537
32 1883
32 1725
32 1353
32 8919
32 1221
32 888
32 1229
32 1513
32 2045
32 1195
32 1803
32 1261
32 1582
32 2545
32 1682
32 1249
32 914
32 1770
32 971
32 1244
32 1778
32 1773
32 951
32 1148
32 1894
32 1795
32 1117
32 1419
32 2376
32 2095
32 934
32 1472
32 1091
32 1526
32 2179
32 1795
32 2846
32 1920
32 2165
32 1180
32 1588
32 1275
32 1248
32 2212
32 1482
