2 2614
2 585
2 488
2 827
2 506
2 3573
2 443
2 996
2 536
2 660
2 581
2 606
2 494
2 563
2 559
2 597
2 512
2 1384
2 549
2 777
2 842
2 991
2 467
2 783
2 3571
2 595
2 667
2 6161
2 601
2 927
2 653
2 3791
2 615
2 824
2 527
2 501
2 2883
2 4009
2 1916
2 679
2 472
2 598
2 771
2 600
2 858
2 611
2 593
2 558
2 567
2 630
2 551
2 863
2 7495
2 560
2 760
2 566
2 546
2 1313
2 2750
2 8675
2 558
2 6740
2 4467
2 764
2 592
2 573
2 635
2 534
2 816
2 596
2 568
2 546
2 543
2 506
2 795
2 610
2 889
2 601
2 462
2 1257
2 564
2 436
2 2770
2 572
2 2584
2 526
2 654
2 524
2 3832
2 558
2 568
2 833
2 752
2 570
2 604
2 448
2 742
2 1235
2 648
2 587
