15 540
15 583
15 1270
15 551
15 567
15 4318
15 812
15 645
15 993
15 609
15 572
15 906
15 595
15 720
15 1040
15 603
15 1061
15 558
15 872
15 591
15 962
15 600
15 512
15 1425
15 557
15 577
15 1079
15 636
15 580
15 1104
15 589
15 686
15 910
15 688
15 8752
15 1163
15 616
15 578
15 796
15 698
15 612
15 1107
15 671
15 551
15 1016
15 640
15 536
15 974
15 585
15 534
15 787
15 684
15 908
15 576
15 613
15 1323
15 625
15 564
15 1022
15 620
15 712
15 1342
15 589
15 4176
15 1110
15 634
15 1043
15 693
15 798
15 499
15 577
15 657
15 821
15 598
15 6112
15 1163
15 538
15 595
15 1043
15 585
15 4425
15 766
15 665
15 1165
15 588
15 2265
15 791
15 659
15 992
15 633
15 2464
15 880
15 602
15 7216
15 710
15 3005
15 576
15 656
15 646
15 524
