32 865
32 1650
32 1255
32 1356
32 1721
32 1492
32 1322
32 3265
32 1905
32 1890
32 1205
32 1955
32 1782
32 1421
32 1493
32 1846
32 1479
32 1710
32 1903
32 1185
32 1177
32 1256
32 1043
32 851
32 2293
32 1376
32 1464
32 1149
32 1291
32 1442
32 1538
32 1296
32 1742
32 1366
32 1377
32 1383
32 1963
32 1361
32 807
32 1437
32 1364
32 1488
32 1131
32 846
32 1116
32 892
32 1419
32 2263
32 1132
32 1661
32 1143
32 1680
32 1952
32 2107
32 1200
32 1493
32 1633
32 790
32 835
32 1070
32 1670
32 1205
32 1322
32 1989
32 1386
32 1285
32 1564
32 1976
32 1611
32 1735
32 1651
32 1334
32 1323
32 1347
32 938
32 1748
32 1902
32 1378
32 1921
32 1744
32 1771
32 2122
32 1372
32 971
32 858
32 1161
32 1264
32 1549
32 1360
32 2427
32 1945
32 1327
32 1545
32 1516
32 1847
32 1588
32 1415
32 1296
32 1696
32 1212
