16 675
16 740
16 851
16 633
16 905
16 643
16 661
16 652
16 632
16 701
16 568
16 723
16 723
16 729
16 641
16 614
16 3494
16 1124
16 1442
16 1360
16 1371
16 1293
16 1079
16 700
16 656
16 685
16 623
16 668
16 627
16 666
16 838
16 766
16 676
16 682
16 671
16 899
16 596
16 674
16 691
16 699
16 662
16 750
16 6787
16 1552
16 1436
16 1598
16 1319
16 1162
16 2593
16 4509
16 5345
16 1323
16 1051
16 2688
16 1506
16 1423
16 662
16 867
16 630
16 682
16 731
16 704
16 722
16 698
16 700
16 615
16 580
16 616
16 616
16 671
16 643
16 658
16 1040
16 767
16 639
16 783
16 756
16 650
16 651
16 1029
16 694
16 723
16 698
16 679
16 607
16 620
16 876
16 679
16 670
16 779
16 779
16 715
16 720
16 668
16 642
16 732
16 638
16 1014
16 847
16 712
