34 1070
34 2020
34 2043
34 1772
34 1718
34 1989
34 1550
34 2267
34 2065
34 1625
34 2812
34 1938
34 1673
34 1349
34 1697
34 2844
34 3089
34 2079
34 2793
34 1187
34 1672
34 2255
34 2005
34 1650
34 2089
34 2222
34 2640
34 1580
34 2554
34 1750
34 1960
34 2309
34 1326
34 1014
34 1602
34 1357
34 5259
34 1638
34 1477
34 2141
34 1921
34 1959
34 2077
34 1528
34 1438
34 2233
34 1734
34 1354
34 1855
34 1994
34 2037
34 1818
34 1079
34 1492
34 1501
34 2461
34 2001
34 1639
34 1189
34 1477
34 1542
34 1744
34 2495
34 2222
34 2450
34 1415
34 1821
34 1539
34 2167
34 2131
34 1935
34 1679
34 1749
34 1293
34 1707
34 2414
34 2167
34 2313
34 1589
34 1796
34 937
34 875
34 2076
34 14925
34 1324
34 1747
34 1245
34 1278
34 1221
34 1543
34 1478
34 1770
34 1453
34 1590
34 935
34 2300
34 1637
34 2077
34 2210
34 2579
