2 595
2 486
2 434
2 585
2 593
2 5194
2 905
2 753
2 580
2 449
2 543
2 525
2 742
2 533
2 3333
2 669
2 579
2 723
2 500
2 550
2 534
2 516
2 375
2 500
2 550
2 624
2 494
2 469
2 336
2 743
2 481
2 588
2 536
2 446
2 616
2 574
2 592
2 503
2 619
2 880
2 612
2 474
2 513
2 481
2 549
2 499
2 501
2 406
2 503
2 790
2 661
2 565
2 2462
2 511
2 595
2 467
2 602
2 509
2 670
2 477
2 563
2 303
2 577
2 591
2 888
2 1532
2 540
2 754
2 587
2 517
2 340
2 558
2 534
2 498
2 541
2 593
2 498
2 450
2 497
2 5647
2 2391
2 580
2 546
2 991
2 486
2 624
2 505
2 615
2 560
2 581
2 394
2 840
2 532
2 414
2 425
2 998
2 713
2 816
2 506
2 506
