15 580
15 647
15 887
15 628
15 2417
15 569
15 534
15 1080
15 576
15 4812
15 653
15 1751
15 721
15 1742
15 629
15 4813
15 616
15 8969
15 588
15 6509
15 695
15 6068
15 615
15 620
15 1294
15 789
15 598
15 949
15 654
15 1346
15 639
15 1553
15 635
15 559
15 1171
15 651
15 914
15 990
15 556
15 1186
15 608
15 923
15 902
15 1587
15 589
15 1758
15 716
15 5649
15 834
15 555
15 1927
15 890
15 618
15 565
15 1918
15 859
15 644
15 1268
15 700
15 3796
15 582
15 5227
15 798
15 1010
15 583
15 1045
15 939
15 3680
15 600
15 651
15 924
15 693
15 883
15 602
15 592
15 896
15 1182
15 8197
15 958
15 538
15 2840
15 1179
15 605
15 704
15 1452
15 678
15 553
15 5961
15 897
15 715
15 620
15 1128
15 994
15 663
15 988
15 771
15 40924
15 937
15 609
15 920
