21 1760
23 1779
13 1195
21 1498
22 1337
22 1421
25 1775
22 1463
24 2061
21 2038
22 2179
21 2796
11 1660
23 1212
20 1276
25 1708
26 2463
22 1493
25 932
23 1461
21 1564
20 2083
22 1126
14 1652
15 880
19 2010
20 1873
17 1546
23 1738
26 1382
17 1215
20 1762
22 2546
23 2197
21 1241
25 1394
18 1361
19 1571
24 873
22 1640
21 1813
27 3187
17 2408
23 2147
25 1649
12 1858
21 1306
22 1573
24 1334
19 1233
21 1876
23 1575
24 1540
23 2202
20 1467
25 1307
24 1965
19 848
21 1234
19 1531
25 2158
18 2364
24 1702
21 1511
18 1841
20 2945
23 1871
20 1649
25 1808
22 1926
22 2117
22 1241
21 1989
22 1732
25 1647
21 1466
22 2060
22 2277
27 2002
20 1323
21 2069
27 2012
21 2192
17 1441
24 1840
18 2081
24 1483
23 2223
24 1016
23 1452
17 1056
18 2143
19 1953
23 3236
22 2001
28 1236
24 1744
20 1630
24 1656
14 2083
