17 660
17 676
17 717
17 1790
17 1458
17 4837
17 630
17 750
17 781
17 762
17 779
17 921
17 836
17 1942
17 1268
17 1595
17 1652
17 1794
17 5704
17 1780
17 2264
17 901
17 1068
17 1306
17 3473
17 2627
17 1382
17 2101
17 9775
17 1508
17 1548
17 1380
17 1585
17 2083
17 1658
17 714
17 1630
17 1059
17 1363
17 1351
17 1602
17 1483
17 13704
17 1689
17 1556
17 1241
17 739
17 785
17 734
17 852
17 967
17 750
17 730
17 1830
17 1664
17 1906
17 1257
17 1268
17 8216
17 10319
17 6632
17 5454
17 675
17 688
17 803
17 608
17 1396
17 1236
17 948
17 716
17 710
17 1186
17 1399
17 694
17 1207
17 1610
17 1691
17 908
17 810
17 968
17 759
17 780
17 712
17 1149
17 866
17 651
17 1069
17 783
17 684
17 780
17 1506
17 1409
17 4150
17 823
17 790
17 808
17 731
17 700
17 691
17 1061
