37114 47598 2198
37484 48179 2178
37631 48483 2257
37697 48513 7208
37372 48012 2264
37670 48345 2305
38121 49114 2290
38026 49074 2196
37532 48337 1523
37607 48525 1464
37174 47715 1955
37177 47837 2262
35922 46241 6384
37398 48217 2166
37564 48394 2502
37168 47633 2312
38044 48968 1554
37691 48506 2329
37834 48697 2241
37558 48484 2108
37180 47765 1982
37765 48643 2078
34921 44741 2096
37176 47821 2073
36634 47068 1346
35517 45596 2067
37802 48653 2166
37741 48739 2486
37401 48019 2224
37858 48888 2164
37284 47962 2244
37709 48387 2075
35484 45414 2236
37442 48204 1371
37824 48778 2192
37995 49185 3783
37259 47973 2104
36750 47214 2353
37800 48733 3421
37619 48506 3214
37594 48381 1956
37433 48094 3778
38057 49055 2357
37879 48755 2341
35897 46097 1427
37877 48801 2525
37808 48718 4027
37868 48720 2315
38579 49810 1590
37473 48207 2179
38382 49692 6906
37319 47979 2166
37305 47986 1957
37757 48733 2141
37021 47493 1442
37472 48361 1539
37530 48263 1554
37399 48134 1806
37343 47944 2205
36731 47261 2176
37115 47650 2312
37638 48267 6370
37165 47639 1346
38129 49164 2191
37422 48310 2221
37778 48571 2184
37277 47793 2199
37491 48201 2077
38022 49004 1597
35585 45661 1799
36294 46480 2192
37730 48652 2365
37667 48316 1761
37551 48364 2176
36182 46475 1411
37375 48139 1510
37515 48212 2278
37008 47406 1532
35796 45880 1288
37279 47930 1470
37725 48578 3113
37859 48829 2256
37029 47675 1384
37993 48837 2210
37668 48271 2127
37001 47533 2321
37319 47947 2239
36466 46674 2228
37644 48541 1560
38003 49024 2313
37884 48867 5715
37570 48403 2313
37026 47323 2205
37524 48377 2431
37118 47531 2199
37960 49095 2134
37900 48950 2294
37501 48482 2036
37393 48089 2242
37462 48086 2228
