69522 116116 5463
69474 116299 3585
69509 116335 5999
69587 116121 6295
70008 116527 5773
69608 116154 5605
69961 116355 5663
69618 116307 4885
69585 116134 5625
69598 116118 7673
69543 116381 9539
68366 114332 5855
69564 116096 3704
69774 116750 8855
69594 116111 5721
69521 115995 5918
69534 116071 7052
69548 116519 5996
69581 116120 6286
69574 116108 7384
69651 116242 5393
69972 117043 5765
69642 116231 5501
69537 116123 12382
69617 116196 6257
69574 116101 5908
69582 116105 5963
69555 116158 7807
69625 116205 7256
69511 116017 5733
69466 115906 3630
69398 116095 6094
69498 115989 5146
69619 116207 5882
69931 116938 8555
69442 115872 3466
69597 116124 5422
69565 116087 5849
69612 116170 3753
69528 116040 5446
69364 116113 5958
69549 116152 8082
69970 117048 8348
69207 115453 5927
69631 116202 5771
69572 116107 5925
69535 116062 3996
69551 116053 5994
69591 116150 5594
69590 116133 10491
69564 116081 4121
69495 116342 5654
69826 116735 5475
69556 116061 3643
69511 116036 5825
69605 116182 4277
69552 116148 5195
69640 116250 3392
69419 116218 3650
69355 115977 5246
69532 116053 5332
69489 116292 5489
69585 116229 5852
69954 117004 7579
69567 116167 3933
69925 116945 4360
69500 116311 3535
69868 116825 5568
69611 116293 7840
69598 116133 5861
69620 116159 5577
69825 116678 5868
69567 116109 5566
69647 116227 6577
69882 116786 3696
69493 115957 5797
69506 116337 6034
69487 115919 5562
68667 114642 6191
69418 115874 6246
69948 117001 5172
69569 116134 3498
69730 116368 7756
69929 116909 4631
69595 116139 3469
69969 117056 5897
69953 116983 6087
69955 116989 3700
69655 116238 5455
70049 116780 5957
69618 116180 3919
69983 116936 5542
69530 116115 3527
69591 116108 7741
70112 117088 6408
69587 116148 5946
69916 116889 5810
69393 115689 5321
69604 116138 3652
69622 116153 10467
