20661 32422 1775
21179 33451 1711
18592 28796 1254
20339 31867 1688
20634 32325 1540
20409 31938 1863
20605 32300 1878
21162 33143 1190
19801 30840 1776
20803 32701 1678
20944 32900 1665
20893 32911 1541
20735 32601 1792
20184 31474 1587
20692 32408 1580
20776 32536 1731
20215 31670 1654
20726 32588 1196
19975 31117 1517
20689 32392 1740
20644 32349 1729
20473 31897 1570
20050 31349 1673
20586 32385 1753
20474 32043 1565
20508 32084 1621
21133 33395 1913
20458 31944 1739
20629 32151 1498
20411 31899 1639
20887 32797 1608
20612 32250 1091
21042 32984 1628
20273 31700 1580
19224 30008 1448
20846 32788 1612
20713 32558 2013
19956 31099 1667
20632 32241 1730
19371 30467 1827
20719 32677 1752
20652 32495 1818
20606 32402 1862
20528 32285 1144
20994 32879 1109
21030 33160 1436
20864 32753 1066
20773 32815 1644
20599 32165 1729
20531 32004 1232
20413 31976 1739
20691 32598 1766
20385 31946 1681
20273 31545 1602
20807 32608 1622
20425 32146 1652
20836 32600 1353
20773 32667 1768
20325 31662 1646
20294 31688 1720
20564 32319 1711
20573 32315 1805
20740 32693 1836
18605 28838 1478
20453 32078 1510
20567 32108 1545
20526 32036 1624
20730 32520 1914
18664 29007 1016
20378 31819 1687
20532 32249 1835
20436 32063 1895
20359 31789 1244
20915 32829 1176
21004 32945 1827
20609 32225 1757
20783 32548 1806
20252 31596 1851
20613 32332 1801
20467 31991 1774
20913 32889 1769
20851 32615 1840
20258 31812 2327
21121 33200 1252
20693 32493 1850
20577 32059 2191
20634 32317 1727
21383 33838 1804
20843 32741 1863
20875 32778 1679
20422 31997 1910
20542 32194 1707
19403 30501 1573
20604 32234 1898
20584 32200 1740
21120 33176 1788
20792 32634 1774
20515 32136 2202
20483 31985 1731
20504 32009 1827
