71565 98437 5233
70921 97258 6930
71035 97391 5305
70582 96690 10261
71145 97691 5262
72004 99159 6474
71380 97959 5464
71111 97493 3585
70415 96547 4509
72550 99761 4960
71286 97711 4585
71590 98522 3918
70856 97096 8796
70354 96426 7064
71385 98167 8140
71728 98706 8498
71238 97839 3955
71690 98510 5876
70775 97149 4806
71632 98437 4315
71665 98473 5379
70992 97086 3635
70635 96846 5892
71006 97482 5759
71546 98277 8125
71885 98907 5557
71793 98559 5432
71468 98122 4739
70528 96558 5391
72273 99452 8667
71974 98760 5264
71113 97663 5553
70919 97049 5806
71180 97709 4150
71570 98419 4947
71779 98636 4831
67279 92322 9798
71064 97154 5162
70616 96807 4706
71771 98614 5816
71226 97454 5297
72421 99571 5121
71190 97634 5079
70343 96287 6069
72179 99346 5737
71856 98806 6121
70956 97684 7386
70542 96563 4944
71319 97728 5062
71391 98018 5320
71984 99051 5236
65632 89496 5237
70992 97440 4412
69812 95649 5277
69700 95200 6717
70887 97146 3612
72054 99276 4691
71006 97407 4710
71820 98779 5384
71132 97614 4999
71277 98016 5490
71048 97362 5128
71130 97527 5309
71144 97227 5484
70104 96045 4791
70510 96672 8319
71581 98469 5303
71012 97399 6797
71870 98962 5208
71768 98389 4219
71863 98483 4931
71711 98296 7337
71157 97444 6039
70960 97244 8022
69913 96097 4650
71190 97862 7913
70790 96823 5636
71120 97480 4904
72171 99144 5306
70810 97156 3685
71143 97485 5395
71473 98425 5376
70706 96920 5915
70697 96904 4940
72096 99220 6024
71633 98618 4855
70814 97098 5378
71419 97629 6736
72069 99191 7545
70683 96755 4887
72203 99271 7727
71601 98434 5374
71396 97744 5332
71091 97357 3584
71738 98479 5312
71291 97849 5866
71172 97746 4797
70788 97252 6284
70888 97050 7198
71858 98690 4067
