32348 54127 2437
32330 54122 2556
32294 54043 1690
32333 54130 2551
32390 54256 2479
32379 54296 2496
32317 54113 1655
32344 54231 2624
32216 53845 2304
32326 54124 2387
32245 53895 2306
32558 54413 2304
32353 54319 2445
32258 53994 2544
32306 54087 2265
32167 53806 2292
32279 54001 3864
32420 54216 2523
32213 53865 1583
32208 53863 2505
32291 54020 2348
32260 54080 2000
32305 54071 2158
32243 53924 2344
32388 54246 1667
32366 54334 2194
32300 54047 5051
32355 54150 1573
32324 54085 2391
32306 54060 1704
32288 54029 1622
32330 54158 2482
32320 54103 1707
32301 54077 1944
32255 54153 1471
32300 54086 2033
32294 54080 2435
32305 54067 2379
32179 53813 2364
32319 54100 3884
32381 54326 1961
32307 54048 2720
32362 54278 2204
32289 54066 2559
32321 54245 2948
32281 54037 2212
32348 54285 2185
32341 54147 2488
32357 54327 2518
32401 54324 4811
32368 54177 2288
32330 54148 2430
32313 54078 2428
32191 53840 2494
32372 54328 2523
32260 53971 2371
32114 53828 1630
32318 54262 1560
32257 53944 1687
32388 54246 1688
32368 54176 2241
32342 54233 2436
32298 54060 2369
32288 54015 2638
32293 54051 2540
32307 54081 2324
32507 54485 2473
32311 54107 1677
32329 54201 2381
32340 54105 2553
32424 54320 2433
32403 54346 1817
32363 54334 2348
32209 53888 2368
32305 54094 2182
32248 53904 1784
32258 53992 2330
32280 54024 2501
32336 54301 2548
32300 54083 3394
32294 54051 1686
32294 54061 2534
32213 53865 2461
32370 54335 2260
32260 53958 2355
32232 53956 1613
32408 54397 2407
32307 54063 2384
32298 54033 2377
32325 54118 2354
32289 54154 2365
32238 53949 2391
32345 54231 2409
32358 54156 2380
32372 54181 2469
32253 53976 2235
32425 54212 2448
32283 54029 2023
32245 53932 2424
32316 54106 2598
