20354 42734 2080
19370 40413 1888
20286 42515 1963
20290 42510 2124
20218 42290 2153
20257 42529 2076
20344 42695 1399
20370 42779 2575
20345 42678 1671
19686 41266 2109
20342 42765 2160
20239 42299 2043
20444 42851 2030
19584 40969 2042
20252 42450 2096
20383 42738 1899
20301 42442 1806
20196 42298 2243
19454 40601 1196
20297 42559 2007
19300 40195 1761
20375 42774 1981
20187 42192 1969
20281 42591 1314
20329 42674 1963
19933 41756 1932
20355 42757 1755
20283 42521 1612
20214 42324 1273
20148 42158 1907
20272 42501 2280
20254 42374 2250
20315 42605 2003
19482 40689 1945
19500 40754 1138
20390 42671 1315
20570 43161 2205
20161 42140 2147
20295 42423 1675
20287 42519 2189
20364 42749 2143
20141 42128 2182
20292 42443 2141
20317 42647 2157
20290 42549 2586
20420 42903 2208
20285 42557 6698
20225 42169 2128
20237 42392 2139
20355 42743 2241
20316 42657 1930
19455 40584 2096
19541 40858 1934
19768 41224 2275
20278 42503 2083
20167 42180 2061
20288 42521 1900
20240 42414 1376
19915 41688 2086
19858 41573 1894
20284 42515 1974
20259 42244 1969
20155 42087 2126
20274 42460 2394
20313 42611 1634
20208 42355 1294
19686 41175 1813
20296 42533 2034
20285 42488 1988
20268 42463 1182
20214 42294 1279
20264 42489 2291
20310 42473 2063
20289 42576 1794
20243 42483 2104
20158 42136 2286
19743 41325 1922
20335 42725 5325
20312 42589 1916
20292 42476 1949
20376 42777 1986
20196 42287 2102
20387 42800 3972
20381 42797 2012
20238 42401 2050
20312 42644 2026
20244 42400 2184
20391 42664 6046
20289 42534 2122
20215 42368 1995
20319 42706 2146
20405 42839 1295
19348 40326 2030
20184 42160 1850
19684 41258 1929
20371 42783 2083
20224 42335 1971
20283 42356 2010
20301 42572 1923
20385 42879 1982
