19179 27531 1441
19111 27424 1387
19174 27519 1461
19187 27539 1319
19112 27419 1426
19212 27563 1444
19201 27568 1422
19167 27518 1415
19297 27706 1472
19178 27555 1417
19223 27566 1574
19174 27523 1313
19187 27537 1471
19220 27590 1466
19184 27559 1374
19040 27348 1186
19130 27455 1452
19167 27513 1658
19169 27513 919
19166 27504 890
19173 27531 1357
19050 27354 1308
19180 27530 1432
19175 27514 1846
19200 27558 1427
19189 27541 1065
19153 27470 1416
19129 27452 1021
19133 27455 1571
19039 27346 4853
19211 27587 1549
19201 27526 1487
19113 27430 1365
19177 27518 1498
19214 27574 4892
19087 27453 1027
19155 27468 1002
19176 27534 1404
19206 27565 1363
19180 27544 1362
19057 27385 1364
19197 27548 1303
19034 27341 1369
19170 27548 1324
19285 27693 1371
19067 27395 1390
19253 27640 1035
19031 27339 1360
19214 27572 1493
19216 27592 1596
19109 27410 1472
19150 27505 1521
19137 27458 1409
19192 27539 1547
19214 27582 1593
19228 27585 1351
19165 27517 1439
19200 27554 1419
19251 27606 1693
19097 27452 1512
19175 27505 1451
19207 27571 1538
19216 27563 1119
19196 27543 984
19083 27439 1377
19188 27552 1382
19221 27585 905
19175 27526 1387
19144 27455 1067
19122 27426 1385
19111 27411 1405
19139 27454 1637
19218 27588 1398
19196 27551 1221
19189 27542 1474
19148 27477 1546
19245 27601 1525
19183 27523 1514
19099 27457 1406
19211 27588 1449
19173 27522 1426
19075 27418 1303
19273 27666 1520
19206 27566 1435
19211 27570 3435
19193 27535 1434
19065 27436 1499
19091 27417 1437
19196 27550 1450
19187 27546 1300
19177 27536 1417
19150 27475 1306
19177 27530 1406
19178 27497 926
19185 27534 1381
19183 27537 1323
19147 27467 1359
19138 27456 1333
19110 27428 3207
19189 27550 1438
