71577 110983 6882
72032 111384 5962
72014 111600 5213
70156 108073 4079
70888 109369 5812
70865 109369 5395
71741 110880 5584
71850 111015 5497
72626 112639 5557
71554 110631 6046
71309 110321 4737
71449 110243 3830
72256 111777 5780
71244 110078 8604
71680 110640 5767
65272 100629 6135
71257 109699 4374
71349 110217 5872
70405 108215 3701
65065 100509 5315
72101 111822 3994
72511 112316 6112
70711 109237 3864
72093 111535 5821
71720 110951 5748
72485 112116 6005
71801 111140 6011
71694 110747 3922
71861 111067 5903
71779 111204 6402
65357 100761 5472
71942 111267 3691
71587 110890 4249
64778 99826 5706
71746 110849 5474
72115 111900 5423
70817 109522 6018
71470 110682 3881
72019 111620 4417
72291 112015 5638
72001 111582 5505
72907 113060 4676
71570 110306 6235
72232 111571 5696
70087 108075 6191
71852 111144 6235
71586 110509 7449
72163 111798 3858
72516 112246 8300
71669 110582 5520
71878 111483 6283
71593 110621 4261
71081 109831 3703
70692 108754 5398
72230 111993 10921
70701 109091 8970
72138 111580 5187
71006 109620 4030
71884 111318 5131
71416 110181 3886
71489 110446 4068
72284 111991 5701
72063 111683 5759
71270 110250 6347
72461 112227 6167
71950 111459 8166
70300 108540 6420
71438 110411 6065
72068 111429 3989
71632 110629 5677
71558 110933 4061
72556 112485 5848
71766 110819 5639
72500 112293 5692
69986 108469 5687
71794 111256 3611
73061 113393 3917
72571 112440 5929
71046 109948 6117
71625 110868 9179
71648 110651 6406
71843 111206 8411
72304 111876 6574
71171 109857 5711
71527 110682 9227
71424 109970 4618
72377 111978 4459
71525 110227 4220
72083 111857 4233
72363 112044 5742
72115 111827 5666
71808 111235 4394
70576 109160 5941
70559 109163 3433
71320 110625 4569
72447 112568 4846
71410 110257 4697
71730 110819 5591
71669 110900 5855
72116 111408 4056
