33543 68389 3196
33775 68619 7173
33157 67477 3285
34027 69427 4302
32552 66422 3401
34405 70498 2470
34640 70888 3799
28701 58017 2835
33901 69175 3270
34002 69441 3565
33553 68264 6120
33052 67309 3343
33960 69214 2294
31865 64800 2767
33117 67405 2196
31816 64936 2107
32441 65902 3271
33375 68086 3405
33290 67598 3485
34223 70031 3441
34577 70581 3655
33579 68416 4797
33930 69086 4794
33899 69162 3404
34460 70647 6102
31831 64511 3337
34528 70756 3387
34843 71679 2246
34000 69394 3386
33924 69517 3360
33378 67821 3106
33400 68205 3413
34563 70648 3324
32733 66685 2205
33392 67825 3445
33965 69305 4083
33218 67960 6669
33884 69103 3474
33987 69236 3569
34043 69453 3284
33659 68675 3175
32945 66703 3088
34233 69910 3689
29524 60300 2700
29259 59523 2965
33957 69177 3366
34119 69563 3363
33246 67663 2699
33429 68099 2266
33432 68282 3152
33691 68609 3014
34008 69552 3626
29305 59669 4632
32536 66412 3528
34197 69695 2503
34457 70349 3265
30849 62571 2345
34096 69524 2394
33672 68510 5657
33465 68417 3429
33851 68784 2290
34333 69920 3699
33640 68455 3387
32742 66762 3291
34355 70260 3636
28503 57883 2824
34043 69138 2426
33991 69483 2600
32583 66510 2617
33946 69429 2163
30936 62630 2873
32251 65835 3393
32821 66782 3460
33295 67726 3556
33970 69408 3398
33968 69242 2440
33857 69069 2168
33642 68472 3158
34148 69674 3327
32959 67003 2885
34071 69668 2906
33000 67329 3161
33059 67186 2998
33882 69014 2062
34261 70071 3094
33893 69211 2723
33770 68847 2271
30173 61093 3426
32398 65821 2113
33440 67979 2241
33782 68714 3022
32807 66521 3185
32775 66424 2888
32426 66180 3103
33569 68189 3533
34441 70301 3511
33199 67605 3440
33821 69003 3658
33061 67161 3191
32786 66707 2138
