41683 64968 2108
42135 65615 3510
42296 65788 2365
42129 65657 2960
41970 65127 2143
41824 65040 2189
41858 65238 2559
41296 64077 4836
42657 66441 3380
41929 65167 3133
41935 65315 3226
42670 66409 3040
41774 65038 3116
42632 66455 3384
42325 65998 3290
42300 65776 3287
42279 65893 3509
41857 64952 5294
42697 66705 3902
42533 66321 6046
41928 65261 3296
42218 65721 3551
42302 65930 2504
41741 64733 3238
41813 65045 3583
42778 66772 3139
42245 65790 2023
41652 64603 2185
42166 65584 2506
42118 65507 3040
42894 66941 2864
42662 66650 4094
41803 64731 2975
42042 65545 4487
41572 64420 2192
41070 63667 3144
41751 64982 2138
42201 65814 2158
42280 65743 2992
42233 65681 2640
41980 65207 4234
42709 66471 3304
42818 66880 6163
41802 64907 3475
41601 64605 3158
41974 65005 5367
41658 64456 3439
42153 65330 3095
42317 65879 2980
42644 66488 3425
42435 65902 3196
42650 66378 6045
42797 66788 3669
41718 64984 3161
42967 67157 4670
42546 66189 3304
42174 65663 6093
42361 65764 3394
41790 64621 2173
42271 65813 3609
42310 65800 3782
41316 64222 2945
42325 65763 3066
41835 64871 2174
42355 65956 7406
42725 66680 4379
42096 65498 3224
41594 64624 3767
41817 64871 3347
42191 65606 3049
42227 65627 2937
41938 65039 2933
42040 65410 3613
42003 65391 3501
42598 66259 2386
42979 67042 4774
42539 66302 5984
41092 63893 3188
42492 66143 3225
41629 64329 3220
42508 66398 4511
41597 64767 3100
41565 64441 2229
42017 65407 4068
42013 65356 3316
41405 64307 5487
42212 65534 2254
42432 66171 4365
42487 66151 4130
41817 64888 3258
42069 65311 3221
42439 66054 2499
42594 66389 2311
41731 64691 2255
42504 66340 2241
41774 64897 4009
41336 64033 2967
42182 65592 5425
42277 65656 3328
42232 65810 5817
