20051 32065 1009
19954 31895 1541
19833 31657 1634
19619 31374 1491
19920 31716 1567
19822 31595 1108
19824 31655 1738
19844 31687 3615
19808 31547 1641
19859 31653 1574
20024 32015 1610
19824 31636 1477
19812 31579 1406
19808 31580 1429
19738 31355 1465
19834 31638 1452
19871 31587 1367
19879 31611 1534
19802 31565 4472
19841 31666 1093
19886 31812 1693
19821 31619 1666
19581 31254 1711
19837 31634 1680
19821 31623 1204
19828 31623 1445
19952 31906 1496
19814 31595 2282
19829 31625 2096
19909 31797 1591
19831 31631 1049
19789 31549 1506
19853 31606 958
19799 31576 1375
19795 31499 1476
20036 32065 1741
19882 31749 1738
19815 31608 1654
19879 31837 1644
19978 31908 1414
20030 31982 1143
19903 31722 1007
19963 31791 1480
19843 31667 1035
19990 31955 965
19791 31565 1463
19750 31363 1545
19856 31640 1318
19869 31678 1484
19823 31638 4697
19718 31480 1450
19833 31669 1536
19978 31936 1806
19748 31455 1525
19621 31343 1596
19804 31561 1489
19919 31673 1631
19883 31664 1600
19829 31637 1331
19911 31840 1636
19721 31335 1158
19871 31656 3637
19827 31609 1499
19702 31432 1644
19945 31896 1108
19832 31601 1108
19822 31601 1068
19947 31864 1183
19824 31626 1082
19878 31741 1575
19821 31652 1728
19823 31615 1590
19926 31758 1668
19703 31447 1070
19894 31638 5452
19895 31676 3579
19866 31591 1423
19877 31686 1536
19804 31571 1566
19849 31683 1963
19806 31578 1517
19894 31719 1127
19831 31659 918
19792 31526 1612
19850 31654 1568
19917 31709 1515
19690 31464 1642
19818 31642 1953
19858 31792 1588
19705 31474 1653
19874 31749 1710
19526 31164 1487
19813 31617 1454
19945 31836 1517
19843 31649 1651
19862 31662 1043
19674 31421 1551
19843 31657 1491
19830 31620 1487
19876 31602 1610
