5328 7554 382
5333 7606 387
5381 7697 366
5249 7528 322
5245 7462 356
5326 7561 291
5387 7733 355
5304 7570 361
5346 7681 354
5250 7525 366
5348 7652 375
5239 7508 288
5323 7601 320
5375 7696 426
5336 7624 285
5327 7561 392
5267 7573 373
5338 7670 242
5243 7430 349
5417 7747 482
5313 7601 378
5256 7481 298
5255 7475 363
5375 7661 360
5359 7659 377
5251 7460 337
5320 7592 361
5340 7620 376
5336 7611 352
5330 7647 350
5242 7426 313
5352 7622 288
5372 7692 342
5279 7569 354
5337 7617 330
5337 7627 347
5346 7638 354
5252 7450 353
5330 7631 350
5348 7653 379
5331 7592 357
5252 7506 391
5339 7643 419
5347 7680 382
5324 7605 424
5295 7539 357
5246 7428 333
5253 7447 388
5312 7609 368
5303 7599 300
5354 7643 384
5381 7672 373
5244 7441 428
5241 7508 382
5371 7669 365
5369 7685 384
5339 7581 435
5370 7675 415
5355 7650 470
5293 7578 387
5383 7698 380
5309 7554 377
5173 7469 376
5240 7435 261
5262 7476 366
5343 7609 333
5251 7461 229
5372 7691 313
5260 7544 302
5292 7563 1260
5316 7614 352
5335 7582 347
5343 7625 233
5244 7442 360
5352 7653 360
5326 7574 371
5322 7592 402
5256 7456 374
5337 7606 393
5354 7634 380
5370 7682 426
5281 7517 338
5254 7435 342
5253 7509 412
5301 7608 1310
5341 7601 264
5325 7629 344
5253 7485 386
5338 7631 344
5327 7628 320
5262 7480 352
5256 7453 399
5376 7685 372
5389 7703 432
5267 7477 345
5263 7482 397
5374 7681 397
5377 7688 382
5382 7684 390
5372 7669 402
