81697 106699 5575
81299 106112 5232
81048 105809 6850
81097 105879 7701
81566 106644 5144
81095 105853 8822
81335 106491 5042
81706 106737 5301
81838 106891 8071
82141 107232 7089
81312 106091 3336
81704 106695 3189
80940 105631 4972
81314 106031 5084
82399 107511 7114
81229 106365 5362
81569 106391 7800
82101 107231 3340
82209 107277 3549
82359 107469 3497
82119 107259 5374
80057 104785 5004
81078 105794 4934
82131 107187 4781
82236 107406 4198
82053 107010 3819
81539 106626 3668
82227 107397 5620
81770 106790 5612
82111 107325 5014
81696 106742 4606
82119 107299 5373
82193 107362 5324
82030 107148 8859
81731 106769 7290
81661 106635 5227
82581 107735 5509
82363 107369 4823
81706 106688 5096
81452 106509 3076
82460 107634 4947
81088 105807 7394
82070 107131 5157
81588 106679 5893
82188 107292 4712
81712 106759 3888
81694 106683 5019
81854 106930 5014
81088 105863 3275
82092 107252 5401
81855 106883 8136
81282 106357 5042
81992 107125 5604
81773 106842 5004
82159 107254 3354
82127 107258 5292
81510 106561 5051
81828 106794 4635
82094 107279 8470
81729 106765 4645
80501 105495 3334
81725 106715 4907
82395 107647 4978
81691 106745 3491
82264 107358 5572
81768 106751 7179
81685 106699 4161
81858 106916 5499
82151 107173 5280
81505 106275 9393
82144 107272 6269
82142 107246 5954
81677 106713 3580
81334 106041 3504
82077 107098 5912
80459 105431 3481
81322 106389 5252
82145 107207 5348
81418 106407 5245
82118 107139 2986
82100 107276 4519
81674 106646 5110
81543 106701 3939
81668 106655 4200
81588 106674 3284
81691 106704 5093
81710 106770 5041
81696 106701 5956
81724 106725 5201
81103 105881 7295
81537 106626 5772
81260 106068 3416
81444 106284 6574
81787 106858 5059
82038 107174 5220
81555 106571 5351
81957 107065 4961
81665 106672 5179
82168 107236 4534
81352 106383 4014
