15140 23759 1281
15081 23636 1216
15127 23818 1094
13966 21910 1118
14738 22999 861
14528 22734 1139
15024 23558 824
15573 24665 1286
15129 23648 855
15217 23853 930
15281 24026 1234
14914 23572 1179
15289 24186 1200
15218 24065 1241
15154 23928 1292
15385 24365 1246
15325 24094 1164
15331 24143 1363
15102 23635 1137
15325 23963 1242
15305 24178 879
15390 24292 816
15042 23511 1150
15236 23932 967
15387 24339 1171
15317 24126 1252
15415 24308 1321
13711 21326 1065
14067 21999 1152
15230 24107 1316
15246 23927 1309
15027 23660 975
15395 24369 1569
15349 24349 1063
15228 23976 1250
14975 23388 1162
15088 23605 1221
14779 23171 1107
15308 24350 1087
14481 22545 1102
15084 23693 2071
14996 23589 1337
15400 24324 1299
14878 23346 1294
15232 24003 1206
15228 23974 1256
13755 21524 1044
15446 24477 1233
14570 22906 1159
13901 21746 1098
15608 24847 1334
15382 24350 1232
14984 23548 1092
15378 24201 1251
14991 23677 1278
15127 23737 835
15187 23921 1420
15140 23979 1483
15200 23975 1232
15491 24411 1218
15236 24097 1293
15467 24256 1298
15165 23865 1287
14648 23021 1205
14873 23241 1208
15282 24074 1075
15112 23782 885
15188 24059 1324
14958 23538 1217
14884 23391 1185
15114 23758 867
15210 23914 1347
15067 23538 1344
14678 22990 1254
15407 24333 1239
14987 23596 928
15334 24105 1329
15573 24478 1271
15139 23698 872
15293 23951 1239
15562 24565 1665
15191 24058 1206
15407 24487 1120
14910 23378 1187
15015 23723 1212
15212 23967 1183
15306 24045 1190
15365 24315 1349
15255 23987 1361
14911 23317 1195
15055 23586 1160
14051 21767 1080
14093 22022 1221
14759 23126 1186
14980 23498 1253
15019 23629 1273
14938 23478 920
15137 23780 1248
15341 24136 1299
14813 23195 1244
