81227 104087 4504
80978 103750 3817
81970 105350 5994
81937 105000 6066
77668 99412 5312
80579 103148 5361
80821 103302 6464
82082 105199 3829
80559 102955 5176
81681 104865 5696
82712 106191 3728
81448 104463 5493
82312 105705 4912
81121 103782 4748
77113 98767 3737
81803 104849 5344
81209 103906 5360
81942 105236 5738
82343 105639 5858
81399 104275 3338
81225 104309 5664
80805 103395 4620
81178 104144 5521
81612 104486 5349
81894 104961 5374
81686 104743 6332
81663 104869 9301
80918 103465 4639
81646 104673 5254
81665 104980 5598
81107 103815 6025
80980 103631 3735
81624 104623 7030
80983 103740 7923
81420 104351 5082
81413 104394 4697
80586 102738 5591
82108 105365 5169
79860 101856 5315
81345 104264 3517
81401 104554 5608
82715 106278 5553
81768 104995 5754
82004 105058 8536
81410 104139 9443
80070 102506 3881
81714 104859 5973
81289 104115 10465
80846 103610 3612
81012 103788 5924
82154 105258 5866
81085 103625 5670
83129 106623 7716
81550 104642 5543
81936 105075 5215
81653 104638 5517
80699 103355 5703
82038 105184 8682
82346 105986 9959
79973 102096 5779
81960 105015 5840
81791 104947 5007
80164 102618 7970
81647 104499 5477
81434 104438 11037
79862 102169 5328
81631 104713 5510
80207 102396 6207
81758 104768 3906
81289 104292 10728
81361 104112 11562
82509 106118 8503
77558 99313 3381
81367 104424 6635
82069 105391 8929
82190 105384 5464
81554 104309 5322
80863 103505 5526
81134 104197 4886
81054 103782 5671
81254 104044 5297
80963 103789 5715
81674 104875 10903
82153 105134 4767
81061 103921 10336
81859 104827 11162
81242 103934 5444
81578 104528 5546
80596 103145 4748
80723 103464 5190
81842 104922 3721
80674 103241 6021
81879 104748 6599
80227 102818 5526
80805 103610 10897
81316 104239 5477
82199 105440 6048
78818 101012 7475
81543 104570 6143
80972 103495 5909
