32527 47077 1520
32635 47102 1493
32502 47071 2079
32589 47019 2305
32616 47141 1692
32189 46431 2386
32589 47126 2581
32608 47127 2651
32826 47284 2269
32472 46999 2151
32481 46987 1823
32630 47094 2390
32244 46490 2467
32458 46966 2580
32184 46444 2417
32178 46420 3940
32171 46410 2343
32210 46456 2181
32382 46819 2792
32612 47123 2242
32555 47019 2134
32506 47052 2108
32463 46968 2291
32641 47117 1781
32216 46573 2104
32542 47050 2308
32190 46430 2273
32437 46777 1961
32176 46437 2138
32263 46517 7057
32182 46438 1712
32583 47016 1967
32194 46438 2668
32105 46354 2147
32468 46986 2343
32567 47042 2389
32103 46355 2328
32178 46418 2156
32169 46429 2361
32217 46463 4734
32341 46683 2554
32634 47110 2232
32275 46655 2194
32598 47059 1431
32512 47036 2182
32227 46490 2562
32613 47107 2205
32468 46969 2262
32148 46454 2623
32179 46438 10419
32131 46393 2109
32202 46463 2077
32183 46428 2041
32182 46425 1600
32647 47134 2198
32189 46443 1880
32280 46706 2431
32589 47027 1477
32170 46418 7754
32145 46405 1932
32455 46958 2523
32164 46403 2319
32234 46481 1751
32194 46450 1307
32614 47046 1580
32233 46481 1446
32563 46971 2291
32223 46594 2232
32178 46423 2255
32161 46400 2154
32186 46426 2222
32259 46496 2094
32545 47017 4097
32620 47170 2332
32183 46446 1541
32180 46441 2197
32200 46450 1504
32104 46350 1757
32190 46441 2225
32536 46932 2061
32337 46681 2585
32206 46458 2216
32498 47003 2120
32157 46393 1411
32212 46570 2125
32471 46997 2388
32586 47091 2239
32210 46463 2465
32186 46430 2320
32277 46537 2374
32700 47169 2529
32177 46523 2672
32620 47082 2332
32193 46450 2316
32587 47137 5410
32600 47136 2346
32593 47041 2329
32325 46659 1527
32597 47107 2638
32507 47048 2091
