48416 80836 2397
48317 80644 4305
48009 80114 3218
48360 80767 6508
47907 80035 6485
48376 80837 3993
48979 82112 3834
48980 81897 3504
48318 80650 3504
47953 80003 3671
48259 80587 3733
48943 81873 3911
48243 80663 5186
47914 80060 3661
48424 80944 2591
48389 80928 4236
48933 82025 3812
48391 80805 3876
48204 80923 2482
48391 80828 3830
48255 80504 2746
48230 80543 2634
48323 80734 5146
48168 80517 2984
48906 81761 6091
48341 80734 4119
48391 80840 3950
48381 80722 3851
48356 80906 3573
48385 80802 2964
48898 81702 2614
48477 81001 7360
48811 81545 3777
48500 81047 3907
48387 80829 4171
48270 80689 3616
48464 80979 3849
48344 80734 3740
48281 80582 3939
48281 80575 3665
48059 80308 3826
48433 81019 3994
48842 81643 3917
48352 80790 4232
48408 80882 3764
48277 80584 5233
48323 80788 2587
47402 79143 3407
48468 81010 3859
48349 80699 4154
48470 81009 5772
48396 80837 3792
48340 80722 6277
48394 80791 2787
48285 80583 3930
48847 81631 3738
48263 80688 3042
47891 79858 3524
48851 81663 3718
48485 81067 3097
48388 80776 4034
48256 80517 3978
48460 80975 3888
48266 80498 4880
48053 80273 3993
48503 81064 3816
47935 80089 2502
47999 80100 3416
48625 81175 2896
48388 80822 4042
48258 80657 3728
48329 80853 3980
48088 80296 3749
47902 79984 3901
48407 80929 4023
48176 80462 4560
48970 82046 4120
48773 81468 3745
48402 80873 2832
48317 80810 5303
48373 80799 3775
48348 80714 3341
48406 80933 3816
48387 80814 4046
48383 80862 2423
48406 80883 4040
48285 80698 4073
48349 80752 2536
48934 81862 2716
49045 82130 4543
48377 80813 3684
48389 80829 3966
48378 80783 3588
48327 80711 3622
48494 81056 3883
48252 80661 4213
48357 80766 3691
48273 80555 2508
48386 80794 4078
47781 79779 2452
