6318 8983 330
6264 8915 492
6235 8823 501
6364 9098 502
6442 9234 324
6221 8715 454
6228 8734 448
6221 8814 444
6194 8612 444
6190 8764 272
6292 8860 283
6134 8666 283
6298 8882 477
6379 9068 510
5769 7982 420
6190 8839 483
6400 9084 483
6226 8808 505
6457 9201 517
6261 8848 490
6498 9284 537
6365 9042 534
6390 9111 487
6163 8847 435
6584 9445 694
6371 8963 508
6351 9014 495
6073 8603 430
6283 8903 475
6414 9090 457
6281 8887 462
6182 8723 406
5799 8090 263
6214 8800 473
6404 9132 474
6325 9055 485
6007 8501 441
6329 8936 470
6259 8837 476
6231 8814 479
6526 9317 513
6309 8897 511
6216 8790 448
6379 9013 480
6260 8842 488
6050 8511 465
6004 8488 424
6351 8993 483
6336 8914 1102
6181 8745 487
6275 8836 527
6476 9259 681
6344 8993 460
6279 8873 521
6256 8852 373
6407 9179 324
6242 8805 473
5871 8172 462
6216 8789 488
6225 8859 482
6213 8771 369
6308 8957 380
6210 8734 467
6162 8645 476
6314 8936 560
6267 8832 325
6278 8872 544
6166 8702 445
6182 8777 488
5906 8291 521
6022 8416 478
6224 8745 451
6107 8584 406
6379 9018 430
6377 9125 461
6490 9274 451
6286 8969 455
6277 8943 470
6230 8873 484
5611 7745 417
5999 8412 348
6150 8633 319
6205 8763 513
6340 9019 463
5948 8417 441
6223 8755 409
6299 9002 501
6227 8793 390
6138 8668 464
6163 8668 414
5942 8317 380
6337 8977 322
6223 8795 431
5980 8412 281
6056 8494 316
6185 8766 301
6193 8767 433
5907 8218 287
5993 8422 398
6286 9011 348
