49564 77391 4147
49182 76189 4479
48495 75135 3878
49271 76397 4109
48194 74297 3605
49514 76952 3157
49874 77566 4008
50241 78371 2825
49196 76336 3332
49356 76656 3940
49422 76841 2565
49930 77781 3727
48640 75336 3562
49520 77041 3780
49385 76857 4693
49752 77311 3819
49987 77765 2845
48402 75105 3203
49357 76869 2695
49972 77831 4504
49370 76678 4012
48659 75698 3582
49516 76657 3969
49607 77202 3821
49130 76179 3818
49464 76605 3886
49589 77156 6565
49037 76068 4354
49267 76360 4106
49476 76790 4144
49841 77628 4221
48882 75805 6076
50115 78040 2628
49603 77109 4155
50147 77902 3927
49494 76884 3798
48351 74860 3805
49363 76535 4256
49380 76717 8916
49475 76845 3826
49683 77100 3886
49423 76861 4986
48305 74813 3455
49233 76574 3552
49548 76906 3485
49360 76572 3741
48780 75397 3031
44920 69414 3929
49382 77030 2490
49639 77216 3641
49547 76953 4019
49283 76478 3867
49524 77211 3790
48818 75587 4077
49043 76189 3921
48829 75757 3917
48958 75680 4188
48941 75824 4374
49491 76729 3947
48663 75349 2921
49069 76164 3597
49616 77254 3439
48822 76142 2776
49564 77006 5482
49123 76373 3787
44755 69167 2047
48840 75743 2917
49013 75983 3962
49593 77310 3984
44163 68257 3429
49168 76417 3516
48954 75858 2516
48877 75964 3606
49559 77183 4049
49460 76945 3863
49767 77570 4290
50039 77794 3855
49570 76770 5319
49199 75976 3737
48455 75292 3698
49456 76907 3672
48854 75732 4030
49299 76454 3702
49449 76879 2702
49983 78061 3069
45469 70742 3510
49381 76900 5357
49198 76098 3653
49113 76279 3952
49516 76973 4148
49217 76599 4561
50324 78352 2677
49203 76267 7226
49287 76271 3875
49963 77726 2585
49302 76449 3804
49410 76821 4249
49507 76806 4198
49312 76610 4093
49173 76084 3170
