90710 126866 7734
90811 127014 7271
90756 126928 5405
90746 126604 7949
90762 126906 6133
89307 125145 6197
90719 126833 5756
90854 127037 12039
89358 125227 6027
89272 125098 6423
89322 125153 6079
90637 126816 6050
90719 126643 3930
90821 126957 7439
90703 126789 6873
90710 126864 18695
90735 126787 5489
90670 126685 5842
90576 126676 10665
90904 127146 14647
90855 127068 6603
90862 126795 8361
90319 126208 7101
90795 126966 4421
90765 126911 6411
90829 127010 5820
90688 126724 6085
90870 126851 6942
90827 126967 4993
90757 126672 8110
90526 126475 8949
90650 126697 6753
89239 125054 6467
90776 126915 6381
90922 127161 5426
89401 125279 5802
90790 126830 5721
90364 126326 9862
90795 126950 9809
90718 126817 6483
90139 126040 14273
90710 126773 12208
91043 127398 6393
89308 125208 6020
90752 126868 19253
90750 126627 6185
90875 127091 6063
90931 127138 7655
90665 126679 6171
89201 124933 5577
90853 126794 6495
90653 126797 6196
90715 126819 8127
90724 126819 6036
89301 125127 5089
90788 126951 6159
90626 126721 5288
90249 126173 6545
89284 125132 14994
90705 126765 8997
89339 125118 5247
90715 126851 6689
90758 126820 7157
90674 126728 6496
90744 126961 7943
90280 126194 4031
90640 126737 6242
90825 127002 17911
90232 126115 5861
90710 126774 5794
90375 126291 7259
90320 126333 5733
90738 126627 6135
88786 124397 8701
90750 126648 7885
89335 125210 7673
90761 126922 8602
90679 126751 10805
90719 126834 6727
90747 126843 6875
89360 125292 7944
90277 126167 6853
90318 126494 6337
90712 126827 5889
90926 127182 9854
89209 124979 6317
90726 126842 5887
90845 127065 6478
90712 126787 7185
90719 126857 7109
90748 126858 6732
90671 126717 6123
90894 127141 25336
89258 125078 7467
89313 125127 10326
90620 126775 13662
90682 126722 6065
90166 126035 5990
89406 125297 7386
90941 127010 10096
