39538 62677 2592
39751 63101 2851
39339 62380 2884
39267 62225 2760
39371 62489 3032
39329 62380 2642
39344 62374 2816
39524 62618 2636
39560 62834 2734
39600 62865 3117
39317 62357 2732
39699 62961 1875
39726 63101 2939
39374 62526 2701
39715 63042 1858
39376 62410 2879
39239 62221 2851
39317 62320 2926
39376 62456 2673
39346 62377 2652
39586 62742 2432
39855 63178 2608
39386 62474 1866
39163 62094 2677
39434 62587 4172
39309 62320 1729
39557 62693 3027
39331 62379 1771
39247 62262 1916
39445 62479 1820
39337 62365 1897
39240 62293 1775
39399 62488 2792
39435 62587 2669
39343 62412 2818
39371 62423 1829
39354 62387 2898
39261 62309 2711
39708 62997 2800
39532 62668 2840
39313 62316 3011
39413 62506 2964
39288 62378 2268
39568 62903 2759
39517 62629 2967
39611 62777 2879
39396 62538 1955
39317 62344 1803
39720 63026 2974
39312 62332 2589
39393 62501 1870
39513 62636 2788
39421 62547 2956
39384 62496 2946
39307 62312 2917
39315 62313 3049
39325 62332 2718
39315 62320 2155
39701 63044 2877
39660 62926 2912
39650 62784 2091
39329 62347 2680
39408 62551 2677
39474 62665 2815
39466 62585 2792
39733 62863 4411
39311 62291 2754
39341 62393 2727
39601 62829 1970
39422 62522 2747
39338 62368 2611
39398 62464 2518
39542 62691 2665
39194 62126 2858
39394 62532 2840
39597 62744 1911
39246 62274 2013
39362 62404 1946
39542 62671 3053
39330 62338 2946
39325 62342 1922
39752 63153 2656
39329 62331 2792
39530 62675 2932
39321 62305 3683
39354 62377 2890
39598 62766 3135
39643 62993 1853
39886 63241 2768
39483 62578 2958
39703 63042 2969
39477 62594 2350
39336 62384 1904
39571 62729 3375
39312 62307 2603
39605 62836 6542
39627 62756 2628
39345 62432 3088
39245 62260 2611
39311 62404 3187
