17269 24023 1181
16416 22666 866
17521 24268 1379
18057 25182 1289
17950 25144 1488
17467 24225 1337
17447 24146 1512
17559 24385 1333
17524 24306 1286
17594 24458 1397
17473 24222 1158
17449 24165 1332
17981 24998 1336
17750 24625 793
17367 24051 1164
17778 24692 1295
17770 24755 1308
17654 24633 1172
17912 24959 1311
17792 24722 1315
17580 24374 1238
17143 23727 1500
17763 24620 1348
17617 24464 1321
17413 24087 1117
17255 23941 1278
17591 24525 1061
17520 24342 1208
17815 24809 871
17745 24567 930
17171 23706 767
17834 24726 1273
17542 24290 1293
16333 22568 1193
17579 24289 1265
17619 24426 1360
16251 22330 1216
17274 23992 1340
17877 24876 1414
17717 24660 1256
17434 24016 1003
17605 24360 1197
17227 23813 996
17453 24260 1255
18223 25500 1293
17979 25130 1392
17367 24112 808
16043 22111 1114
17563 24503 1401
18014 25112 1308
17804 24817 1136
17456 24102 1248
17343 24039 864
18024 25253 927
17719 24769 1258
16611 23059 1084
17481 24186 857
17497 24228 1075
17781 24659 1178
17784 24798 1324
17564 24338 1131
17680 24645 1227
17506 24332 1292
17311 23990 1284
17569 24469 1289
17702 24666 1277
17440 24100 1309
17267 23909 1365
17537 24258 1335
17490 24204 1335
17168 23709 855
17781 24640 894
16410 22808 1214
17735 24725 1338
17687 24524 1363
17814 24678 851
17564 24419 3138
17515 24375 876
17646 24459 1300
17368 24058 1282
17658 24572 1335
18020 25129 1517
17438 24127 1364
17419 24189 1240
16775 23372 1141
17154 23712 3343
17728 24656 1002
17640 24549 1471
17756 24854 1383
17552 24360 1295
17478 24150 1822
17579 24437 1433
17354 24106 1251
16955 23434 1270
17735 24630 1283
17700 24598 1489
18148 25220 1451
17729 24581 5181
17632 24719 1344
17693 24472 1778
