38643 55826 2762
38607 55782 2755
38220 55206 1843
38445 55584 2835
38604 55783 2878
38749 55976 2710
38323 55338 2602
38576 55696 1710
38379 55427 2716
38614 55789 2562
38698 55975 2780
38663 55857 1918
38488 55612 1955
38339 55362 2846
38778 56071 2916
38725 55993 3242
38434 55561 2854
38570 55686 2748
38572 55688 3051
38458 55574 2860
38585 55728 2817
38337 55439 2834
38620 55793 2612
38671 55871 1690
38691 55893 2807
38764 56036 2201
38664 55868 2833
38569 55685 1908
38533 55709 2219
38556 55769 3312
38552 55745 2484
38631 55798 1880
38570 55691 2874
38729 55998 2601
38672 55874 2911
38402 55468 2854
38572 55689 1732
38660 55786 2825
38345 55422 6395
38571 55689 3056
38619 55741 2911
38345 55377 2782
38602 55779 5355
38665 55857 2808
38638 55808 2505
38663 55860 4296
38524 55614 2556
38731 56012 2738
38671 55875 2542
38324 55317 2126
38261 55284 6272
38572 55688 2328
38673 55875 1824
38705 55937 1891
38673 55878 5811
38373 55404 4881
38222 55201 2993
38466 55574 1812
38614 55775 2506
38383 55403 3449
38340 55357 2691
38714 55980 2792
38247 55264 2491
38649 55830 2556
38689 55858 2634
38500 55627 2645
38344 55364 2497
38628 55793 2744
38638 55806 2900
38744 55972 3142
38493 55612 3658
38344 55368 3124
38256 55280 3293
38638 55817 2950
38718 55922 2748
38419 55453 2893
38334 55349 2809
38778 56049 2829
38749 55977 2789
38270 55272 2662
38569 55686 2941
38659 55784 2717
38628 55753 2717
38711 55973 2942
38388 55460 1694
38573 55690 1797
38572 55687 2658
38686 55873 2526
38341 55363 3056
38674 55876 2707
38725 55991 2021
38360 55419 2727
38495 55623 3193
38387 55398 2815
38710 55975 2791
38710 55970 2011
38250 55263 2972
38586 55758 2536
38689 55918 2890
38714 55978 3032
