16766 24344 1356
16754 24341 1267
16688 24260 1362
16745 24338 1311
16749 24376 1649
16744 24340 1279
16752 24355 1394
16737 24332 1307
16804 24430 1234
16739 24316 869
16787 24403 1508
16728 24319 1248
16777 24350 1272
16743 24333 1025
16755 24363 1280
16767 24349 1262
16753 24353 1283
16707 24302 1216
16786 24384 1115
16778 24410 1262
16726 24344 857
16777 24362 1298
16676 24261 1472
16821 24446 1090
16794 24397 1208
16768 24359 901
16743 24334 823
16737 24313 1095
16814 24446 1215
16778 24365 1223
16717 24305 816
16788 24408 1150
16780 24419 1243
16732 24307 1124
16725 24309 1209
16746 24346 1244
16542 24051 1253
16731 24355 1333
16743 24344 1234
16785 24403 852
16753 24363 1234
16728 24318 1229
16771 24389 4712
16747 24331 899
16740 24335 1247
16787 24389 1237
16725 24285 1222
16780 24368 1266
16570 24081 881
16745 24346 1361
16761 24369 1194
16792 24382 871
16743 24358 1182
16754 24345 1266
16797 24418 1313
16745 24339 2359
16737 24329 1330
16571 24124 1543
16725 24286 1364
16745 24340 1192
16712 24304 1228
16753 24342 1496
16694 24308 1048
16743 24339 1196
16730 24292 1309
16748 24338 985
16744 24349 1276
16737 24314 1063
16742 24341 1188
16834 24486 1203
16744 24348 1195
16736 24327 3031
16732 24366 810
16745 24337 1226
16769 24379 1163
16741 24310 1570
16756 24332 1321
16716 24294 1242
16749 24356 1327
16744 24346 1182
16730 24343 1132
16718 24299 1313
16749 24352 1280
16742 24334 1265
16741 24338 1395
16812 24423 1253
16784 24386 1314
16783 24378 1183
16726 24350 1211
16747 24328 1266
16745 24371 1259
16745 24341 887
16776 24373 1406
16737 24332 1238
16686 24259 1197
16736 24326 1165
16745 24339 1272
16682 24261 1248
16723 24313 1148
16737 24342 1054
