50014 70082 2087
50151 70259 2231
49840 69819 3776
49995 69972 2450
51043 71649 3819
49778 69903 3396
49994 70030 3465
49776 69853 3653
50080 70145 2014
50110 70197 3299
49935 69959 3487
50042 70065 3451
50284 70233 2304
49949 69993 4868
50090 70150 2077
49979 70052 3334
49991 69982 4607
50118 70126 1984
49768 69891 2067
49973 69930 2140
49945 69912 2932
50129 70062 4598
50037 70051 4129
50081 70154 3196
50127 70216 3823
49657 69726 3071
51014 71547 3160
50080 70169 3651
50844 71293 3024
50027 70033 4307
50061 70128 3046
49991 70044 3440
49851 69893 3218
50066 70121 4227
50161 70250 3513
50053 70137 2561
50124 70128 3679
49779 69822 2815
50309 70307 2160
49987 70030 3165
50040 70150 2082
50172 70139 2056
50288 70276 2970
50138 70167 2079
50079 70139 3260
50123 70282 2313
49991 70057 2198
49963 70004 2667
50081 70171 2636
50242 70158 2146
50302 70300 2427
50131 70156 2122
50306 70329 3120
50095 70105 3232
50111 70232 3247
50081 70164 3049
50059 70138 2180
50004 70039 3361
49763 69900 3035
50035 70059 3317
49697 69688 2140
49780 69878 2782
50326 70414 3785
49988 70019 3366
49972 69972 3015
49879 69965 3228
50115 70150 2051
50068 70147 3437
51037 71618 3083
50257 70402 3338
50056 70076 3423
50039 70209 2784
49701 69684 3446
50464 70534 3445
49768 69828 3431
49726 69838 2709
50078 70153 3155
50140 70170 2197
50109 70150 3482
50090 70088 3216
50067 70132 3429
50058 70004 4782
49755 69896 3521
49928 69865 2197
50074 70117 2668
50131 70236 3101
50062 70129 3223
49978 69997 3556
50163 70141 3058
50322 70430 3045
50043 70083 2495
50107 70017 3512
51009 71557 3330
49772 69892 3437
49737 69749 3551
50185 70147 2932
50074 70129 3254
49995 69957 3357
50089 70246 3462
50109 70187 3283
