62732 86232 3738
62388 85634 5791
62074 85245 5164
61512 84471 3660
62528 85956 5311
61428 84173 4768
62884 86201 4806
62828 86516 4567
61965 84818 5339
62242 85398 4623
61933 84960 4031
57652 79049 4684
61906 84894 4935
58434 80246 10381
62771 86286 8276
62843 86132 5530
62734 86530 4797
58738 80825 4804
61807 84910 7823
62057 85276 5722
62553 85937 9025
61777 84882 5520
61532 84367 4637
62446 86034 6299
62302 85413 4168
61749 85032 5475
62635 85932 5716
62632 86108 5110
62309 85687 5366
62590 86089 5748
62354 85585 5247
62582 86104 4654
62510 86146 5582
61897 84972 12077
62679 86303 5191
62226 85542 6148
62381 85679 5032
62081 85243 4940
61181 84103 5422
62806 86448 7695
62498 85881 5135
62647 86193 6516
62599 85782 4832
61930 85015 5278
61834 84808 6869
62152 85399 5370
62627 85912 5305
57910 79195 9859
62997 86682 7596
62306 85522 9561
62509 86093 5333
61779 84781 7640
62903 86621 5355
62601 85926 5776
62708 86232 7495
62221 85619 4060
62451 85981 4094
61627 84676 6356
61746 84629 5331
62562 85913 4763
62632 86215 5122
58412 80256 5628
62761 86398 4793
60926 83498 10420
62168 85449 4842
62233 85283 5276
61214 83861 5214
62139 85420 5896
62079 85587 5957
61529 84130 5038
61923 85034 5307
62389 85679 7707
62312 85499 9709
62306 85651 3787
61756 84862 5297
62213 85401 4829
62894 86832 5207
61815 84939 4853
62399 85901 4794
62122 85211 3464
61426 84321 3222
62596 86168 5266
62089 85515 5111
62633 86261 5601
61803 84901 4966
61814 84698 6758
61658 84462 5227
62246 85427 4076
61881 84942 4631
62895 86564 3928
62148 85399 4692
59318 81822 4705
61509 84384 7797
61970 85378 5479
62081 85277 5381
61973 85027 5403
61713 84708 5398
61290 84019 5340
61791 85049 5214
61647 84315 4842
