18380 27851 1494
18352 27835 1126
18398 27879 1389
18464 28067 970
18324 27769 1448
18314 27781 1248
18549 28129 1008
18478 28103 1369
18321 27774 1457
18375 27834 1430
18354 27788 1383
18313 27770 1214
18512 28116 1529
18511 28107 1473
18306 27748 1399
18336 27772 1408
18333 27768 1610
18319 27763 1443
18330 27768 1325
18303 27754 1394
18404 27832 1468
18313 27755 1489
18337 27770 1592
18355 27782 1471
18472 28074 1479
18321 27774 957
18422 27930 1405
18328 27783 1466
18424 27988 1368
18326 27769 1473
18428 28001 1491
18431 27942 1363
18309 27769 1587
18450 27965 1500
18468 28072 1460
18310 27754 1226
18315 27778 1666
18306 27752 1355
18447 27945 1429
18442 27905 1007
18320 27729 1250
18341 27785 1377
18457 28112 1393
18332 27764 1496
18428 27940 1585
18314 27761 1475
18418 27972 1518
18406 27909 1661
18423 27933 1371
18328 27762 1354
18554 28190 1346
18314 27759 1266
18415 27914 1327
18454 27982 1101
18429 27942 1362
18358 27785 1346
18327 27772 826
18387 27851 1318
18325 27807 1247
18412 27993 1344
18424 28020 953
18312 27756 1516
18326 27787 1354
18394 27865 1299
18264 27736 1239
18325 27770 1351
18314 27765 1250
18325 27766 1154
18327 27797 1098
18422 28001 1345
18312 27760 1368
18304 27751 1345
18330 27791 1310
18308 27771 1416
18352 27796 1257
18312 27778 1480
18314 27761 1135
18323 27771 1477
18361 27841 1456
18331 27785 1472
18332 27783 1426
18354 27774 984
18434 27956 1456
18306 27750 3058
18318 27777 1623
18578 28209 1543
18408 27987 1404
18316 27763 1358
18136 27529 991
18626 28290 1426
18323 27768 970
18315 27765 1407
18316 27762 1049
18492 28058 1631
18434 28005 911
18326 27770 1524
18437 27937 1464
18619 28244 1497
18309 27758 1102
18324 27776 1478
