67921 93675 8952
66942 92072 6832
67448 92794 5037
67264 92392 3377
66429 90877 7256
66797 91577 4794
67787 93554 3377
67098 92077 3287
67023 92095 3314
67013 91928 6360
67464 92660 10711
67052 92029 5726
67440 92738 5261
67689 93095 5227
66185 90608 4854
67414 92570 5141
66239 90710 5241
67000 91710 6483
66905 92106 6163
66605 91218 5334
65909 90054 11558
67047 92088 7742
66662 91404 8583
67069 92190 4715
66851 91504 4497
66713 91677 5270
66093 90641 7419
66998 91847 4685
67171 92113 5787
68060 93783 5967
67103 92202 3352
67935 93289 4095
67577 93006 3878
67210 92187 3458
67994 93597 3181
66827 91785 4143
67514 93015 7155
66330 90832 5068
67507 92696 4934
66378 91299 4977
67748 93039 4939
66929 91884 12214
67179 92270 5018
62595 85651 6019
67101 92401 5071
67615 93060 3336
66655 91468 3250
68257 94119 5165
67424 92708 6767
66625 91304 4420
67822 93117 3426
66791 91769 5735
67721 92953 7140
67414 92734 4491
66770 91627 5046
68288 94016 5045
67300 92289 4799
67055 91945 5144
63571 87551 3093
67129 92187 4842
66782 91545 6048
68296 94386 13080
67602 92929 4776
67295 92295 5062
66621 91391 4952
67446 92934 4688
67088 92181 6902
66662 91579 4979
62380 85508 4897
67288 92584 5832
66280 90796 4718
62709 85861 4563
68293 93700 5048
67927 93233 4398
63247 86914 4982
62262 85046 4316
68703 94726 5046
67375 92645 5264
67677 92872 3452
66943 91764 8968
67395 92444 4980
66869 91585 5131
67480 92664 4877
67440 92856 5222
68013 93444 5091
67269 92266 3035
67760 93290 4994
66755 91553 4671
67249 92541 5631
67382 92845 4495
68467 94386 6171
66970 92209 3172
67833 93160 4772
67525 92938 4636
67833 93174 4875
66605 91275 5110
68026 93693 4778
67139 92196 4795
66750 91506 4713
67133 92004 5219
