50459 69464 3245
49414 67752 3470
50137 69028 2394
50494 69559 3334
50995 70318 2364
50179 68881 5176
49985 68773 3865
50397 69578 2587
50691 69881 3296
50347 69168 3614
50391 69360 3674
50301 69077 3751
50169 68926 5544
51066 70325 3652
51028 70271 3359
50571 69673 3111
50424 69311 3317
50390 69248 3627
50760 69904 6235
50668 69670 5749
50524 69603 3783
50343 69353 2219
50906 70292 3203
49998 68649 3541
50142 68911 3867
50527 69573 3304
50565 69633 3508
51608 71396 12240
50281 69238 3988
50654 69888 3414
50586 69694 3450
51067 70401 4465
49499 67894 3553
50754 69692 3413
50614 69627 3770
49650 68219 3410
50441 69592 2734
50275 69197 3402
50291 69352 4022
50608 69584 3599
50265 69064 3557
50759 69906 3780
50661 69678 3798
50482 69623 6366
50235 68904 3881
50483 69511 3228
50290 68870 3589
50381 69320 3778
49993 68755 9674
49982 68820 3291
50597 69641 3618
51224 70539 3733
51078 70342 3518
49776 68138 3413
51321 70670 5530
49893 68531 2296
50248 69104 3490
50448 69367 9264
51136 70682 6227
50223 69194 3788
50653 69474 3600
51065 70361 3363
51471 70910 3554
50717 69893 3851
51697 71477 3696
50401 69260 3699
49931 68445 3637
50671 69668 3259
50464 69478 3488
51053 70402 3430
51013 70463 3400
50558 69595 2452
51182 70514 3737
50753 69670 6255
50780 69649 4539
50292 69091 3547
50997 70225 3474
50980 70468 3387
50504 69409 3502
50840 70006 3664
51046 70372 3925
50459 69435 2404
50649 69769 3124
50065 68730 3440
50906 70210 4245
50204 69189 3809
51089 70539 8980
50429 69283 3504
51026 70269 4777
51133 70528 9439
50900 70132 3612
50216 69000 3717
50470 69314 4590
50404 69232 8516
50297 69056 2318
50725 69936 2618
50248 69173 2886
49678 68222 3738
49934 68597 4261
50227 69243 3628
