64925 83465 4043
64593 82793 4478
64766 83275 3129
65044 83632 3551
64136 82423 4561
63423 81031 4598
64164 82290 4531
64774 83389 3968
64643 82904 4405
64253 82456 3018
64382 82580 4235
65232 83907 2894
63832 81914 4959
64911 83462 11485
63927 82036 4471
64407 82564 4297
63328 81275 2657
64215 82366 7357
64914 83210 2923
65047 83464 4632
64533 83076 4934
65686 84897 4422
63774 81664 2807
63317 81300 2670
64083 82190 2748
64618 83028 3951
64782 83484 5243
63030 80829 4474
64967 83611 5178
64895 83314 5083
65259 83912 3892
64074 82030 4299
64201 82456 4271
61180 78264 4329
64316 82498 4286
64076 81997 4506
64489 82739 4644
64536 83138 3893
64901 83477 4334
64920 83703 4349
64265 82369 5164
61384 78701 3954
64036 82006 4315
64792 83207 8402
64588 83137 5778
65230 83811 3661
64219 82417 3024
60736 78029 3918
65164 83978 3970
64634 82965 4331
64245 82213 4640
63750 81609 4065
64458 82726 2764
63742 81753 2724
64489 82658 4110
65111 83553 5512
64840 83256 4123
65106 83919 3107
64686 83190 4157
64686 82981 4415
63030 80573 2797
64574 82923 2874
64184 82371 4238
65143 83828 4755
64620 83142 4436
64349 82582 3410
63576 81395 4266
64962 83595 4912
64319 82720 2846
64719 83247 4334
63961 82159 4557
60356 77220 3223
63795 81887 4321
64468 82523 3990
64038 82048 3922
64324 82535 4752
64794 83373 4942
64463 83051 4590
64163 82351 2837
64578 82969 5995
64719 83077 4302
64868 83541 3657
64066 82149 3693
64119 82449 4306
64505 82862 4793
64663 83186 4414
64181 82304 5422
65098 83744 4408
64613 83072 4774
63688 81645 4381
65159 83775 4597
64616 82740 2896
64219 82607 2897
64166 82326 3833
64119 82456 4939
64140 82344 3921
64330 82558 4033
64797 82997 4053
64632 83099 4439
64428 82916 4386
