98438 128807 6832
98441 128659 5562
99396 129729 7011
97407 127597 6766
99343 129570 7135
99417 129738 6998
97575 127756 3964
98401 128618 5992
97507 127728 6540
98494 128854 5077
98687 129068 6452
98476 128803 4066
99427 129740 4186
98447 128744 4077
98657 128939 5991
98326 128570 6291
99340 129593 6461
97377 127522 7162
99842 130185 6227
98400 128736 6644
99399 129757 4362
97739 128028 5752
99322 129627 4804
98479 128811 3796
99322 129515 6185
97430 127516 6234
98425 128697 7134
98713 129037 6779
98721 129009 7285
99575 129917 6393
98272 128426 3791
99318 129556 4811
98451 128731 8869
98710 129045 4111
99425 129751 7714
97486 127687 7253
97553 127763 6509
98767 129098 8095
98425 128715 7755
98327 128581 6045
99397 129665 4222
98443 128733 6320
98709 129066 6349
98490 128839 6607
99835 130158 6975
98400 128709 4398
98432 128712 5666
98415 128700 6300
97388 127576 6205
99269 129563 6563
98334 128557 6456
98376 128599 4228
99335 129589 6063
98451 128745 5980
98422 128766 6385
97400 127542 4540
99345 129635 4677
99390 129717 6297
98650 128929 7079
98422 128679 6276
98467 128871 9348
98443 128766 6911
98538 128883 6001
99325 129636 6039
97378 127497 4837
98358 128534 6344
99829 130156 5973
98666 128995 4229
97486 127702 6263
98425 128692 5841
98388 128668 8437
97410 127547 6100
98422 128796 6293
98515 128878 6901
98460 128822 3950
98408 128592 8104
97482 127630 6682
98414 128678 7656
98402 128564 3994
98737 129006 5897
97652 127921 6380
98307 128454 3925
98518 128947 6623
98314 128502 6101
98419 128785 5626
98265 128416 6205
97616 127879 8768
98473 128864 6127
98484 128676 6393
98447 128788 8687
98300 128498 5760
98437 128738 11126
98685 129050 5420
98377 128507 6616
98714 129060 3999
98455 128775 5899
98411 128721 6977
99417 129700 3806
97498 127767 6123
98756 129189 5959
