71177 143675 7273
70809 143284 8706
70194 141611 7279
70633 142531 9088
69540 139793 7910
69392 139756 6771
71492 144832 5815
71313 144334 7913
71322 144411 6567
70830 143658 5668
70175 141040 7087
68222 137322 5948
72272 146560 6145
70637 142874 6630
70722 142715 4954
71326 144374 10398
67305 135088 6774
69667 140384 8025
71382 144493 10954
69919 140625 7044
71742 145071 7579
71158 143564 7524
70655 142806 9820
71697 145194 11158
70977 143066 6816
70986 143511 6814
68234 137817 4941
71869 145168 7186
71406 144104 8988
70162 141213 6705
69716 140953 6333
70910 143721 6450
71307 143804 4885
70456 142657 6955
70463 142068 9773
70250 141437 5481
70769 142254 4596
71471 144201 4202
72677 146862 4422
71534 144936 4691
71811 145107 6954
71557 144707 6773
70354 142008 7838
70659 142311 8076
71533 144672 6496
71999 145872 7298
70833 143015 6942
70420 142133 9564
72544 147314 5820
70972 143185 4863
71780 145559 6657
71698 145116 7046
69988 141321 6822
72000 145940 6858
70888 143618 8335
70608 142260 7338
71343 144632 6978
69677 140674 6170
71479 144906 6828
71259 144158 5791
68972 138979 7497
70484 141837 4659
71678 145101 8188
70289 141860 5187
71583 144602 7382
70939 143345 7259
70675 142828 6705
70503 142301 7307
67237 135089 8539
68112 137332 6985
71335 144435 6655
71150 143538 7545
71348 144574 8387
59669 119963 5900
71076 143757 7747
71517 144612 6617
71653 144778 9610
66992 134673 5603
70360 142175 7666
71295 144076 9957
72029 146238 6809
70827 143071 7717
69731 140976 6795
70402 142252 6777
70032 141036 6464
70921 142765 8379
71586 144838 8002
71098 143607 7091
71495 144246 7311
71089 143402 10104
60579 121499 6126
69947 141425 7061
70599 142645 7518
71163 144006 6640
71719 145045 8336
71211 143692 9630
71320 144028 6832
70830 142681 8934
71427 144507 4320
71032 143766 6697
