16181 23298 1159
16242 23373 1167
16212 23341 1161
16218 23337 5165
16029 22985 1130
16071 23076 1425
16167 23293 1266
16225 23355 965
16237 23355 1008
16229 23349 1195
16167 23280 1258
16231 23364 846
16044 23028 1117
16229 23352 1351
16220 23339 1164
16130 23205 1133
16246 23380 1157
16219 23350 1124
16194 23297 1124
16217 23349 1142
16066 23069 1122
16176 23298 1202
16232 23364 813
16133 23229 1272
16048 23011 1032
16175 23286 1494
16026 22995 1096
16224 23345 876
16185 23305 1160
16183 23265 1198
16169 23281 1211
16208 23334 834
16150 23258 1156
16053 23042 1189
16225 23357 1336
16097 23182 1080
16248 23398 1073
16220 23342 986
16130 23191 1123
16234 23353 1169
16088 23103 893
16224 23345 1702
16044 23063 1363
16222 23341 1107
16225 23342 1242
16223 23343 927
16219 23337 1307
16229 23366 1252
16162 23286 1172
16191 23293 1195
15997 23002 1186
16218 23335 1125
16212 23375 895
16222 23337 788
16227 23348 1084
16217 23336 1273
16218 23335 1299
16236 23369 1193
16182 23311 1229
16198 23321 825
16246 23366 1109
16204 23314 1054
16241 23362 6674
16171 23287 1052
16248 23374 1235
16217 23333 1152
16228 23349 1131
16059 23069 1027
16077 23147 1249
16233 23351 1128
16216 23347 1152
16246 23383 1207
16172 23302 1296
16190 23305 1247
16135 23233 1140
16200 23350 1218
16243 23363 3219
16233 23368 2632
16178 23331 1200
16217 23349 1170
16023 22975 1188
16230 23351 1190
16233 23352 1201
16220 23339 1212
16226 23345 1231
16120 23202 1266
16241 23375 1400
16224 23360 1219
16168 23271 1152
16194 23308 1225
16259 23385 1175
16240 23380 1253
16170 23267 1170
16248 23385 1283
16254 23421 1247
16092 23150 1122
16219 23336 1008
16080 23165 1236
16186 23269 1181
16232 23367 836
