18290 23988 1199
18190 23892 1194
18295 23936 1270
18201 23903 2310
18258 23951 1301
18305 23945 1799
18267 23996 1276
18274 23901 1216
18307 23979 869
18238 23927 878
18323 24069 1221
18319 23991 848
18271 23968 1138
18207 23942 1305
18311 23955 1270
18302 24000 1246
18225 23919 1201
18226 23912 1225
18306 23951 1219
18321 23975 1283
18355 24058 1125
18255 23904 1192
18304 23948 969
18325 24000 1001
18252 23910 1174
18294 23929 1179
18323 24013 1269
18248 23903 1280
18248 23913 1289
18169 23817 2491
18293 23946 1164
18230 23916 1544
18312 23996 782
18230 23928 1084
18307 23956 995
18320 23997 797
18316 23965 1220
18224 23920 5936
18256 23908 1202
18241 23882 1176
18297 23945 1196
18339 24008 1121
18169 23818 1107
18299 23928 825
18369 24093 823
18258 24023 1127
18373 24088 1316
18331 24019 1227
18308 23965 1158
18263 23910 1110
18303 23948 785
18265 23958 1298
18260 23904 739
18233 23929 683
18327 24013 1111
18291 23974 1103
18336 23996 1109
18326 23982 1181
18308 24010 1128
18279 23898 1202
18260 23886 1274
18233 23899 1107
18156 23840 1290
18314 23990 1242
18473 24231 1205
18303 24005 1239
18320 23993 1369
18287 23986 1172
18208 23873 1272
18268 23924 1316
18329 24056 1217
18314 24005 1172
18301 24022 1155
18319 23998 1443
18283 23937 1210
18382 24067 1249
18315 23977 1141
18303 24016 1230
18301 23949 1293
18332 24027 1174
18324 24007 1219
18332 23996 1162
18336 24002 968
18332 23971 1135
18221 23906 1320
18243 23933 1169
18322 24037 1202
18297 23923 1058
18309 23962 1273
18313 23958 883
18297 23929 1004
18232 23905 1744
18337 24028 762
18330 24021 1237
18318 23965 1145
18307 23985 1078
18223 23908 1165
18294 23941 998
18322 24022 1130
18319 23995 1060
