48110 74892 3547
47899 74402 3587
47409 73534 2877
47434 73647 2340
47009 72986 2691
42936 66340 2198
47706 74132 5038
47684 74156 3551
47673 74002 4407
47986 74792 3030
47924 74263 2752
47870 74471 4329
47136 72857 3926
47762 74145 2501
47710 73924 3592
48142 74812 4367
47759 74190 4080
47046 73012 3308
47548 73920 3858
47582 73761 3401
48036 74662 3610
47402 73694 3465
47582 73974 2524
47867 74344 2509
42524 65765 3951
47663 73811 4034
47277 73335 4666
48388 75245 3589
46860 72368 3719
48202 74907 2662
43049 66351 3432
47960 74467 3928
47356 73292 3928
48242 75021 3814
47719 74089 2573
47959 74679 3395
48047 74647 3761
47501 73540 3653
47508 74033 3950
47860 74264 6204
47625 74185 3933
48001 74455 4186
48652 75785 3735
47443 73434 2784
47014 72976 3612
47965 74819 3977
48058 74776 2549
47101 73070 3365
47871 74361 3205
47239 73240 3830
47754 74351 3740
47887 74540 3525
46013 71025 3573
47590 73701 2556
47833 74255 2548
47971 74766 2598
47801 74159 3457
48470 75423 6189
47559 73981 3909
43409 67064 3370
43646 67624 2201
47275 73429 3064
47954 74374 2463
47818 74354 3698
47686 74106 3485
48651 75789 3924
47771 74108 3921
47567 73716 3833
47706 74092 3446
47423 73414 4386
48054 74690 3515
47730 74134 3574
48257 74935 3627
47929 74656 6122
47861 74195 3667
47202 73298 3528
47085 73011 3882
48117 74876 4019
47315 73286 6616
48042 74714 3625
47519 73537 3690
47886 74314 3422
48197 75184 3518
47940 74519 3581
47996 74631 3766
48138 74937 2589
47523 74033 3212
47722 74113 4174
48237 75226 3687
46506 72053 3821
47635 73896 3307
47250 73272 3610
47371 73626 3521
48343 75404 3703
47180 73099 3755
48012 74671 3845
48165 74787 4017
47133 72860 4286
47442 73776 3740
47499 73804 3806
