25715 40184 1898
25353 39572 1570
25258 39503 2176
25835 40226 1448
25154 39355 1966
24567 38349 1948
25314 39358 4641
25163 39166 2085
24029 37362 2096
25619 40032 2079
25655 39838 2027
25398 39741 1461
25570 40043 2363
26058 40844 4187
25031 39053 2120
25446 39814 2226
24876 38625 2171
25562 39888 1861
25653 40053 1982
25733 40229 2075
25707 40144 2022
25753 40309 2129
25284 39424 2019
24893 38613 2063
25327 39506 4356
24614 38130 1984
24687 38630 2174
25004 38931 1998
25408 39572 1447
24646 38329 2072
25698 40371 2558
24943 39014 2099
25631 39912 2222
25789 40236 2147
26192 41155 2386
25670 40085 2205
25407 39561 2557
25929 40554 2044
25422 39736 2202
25578 39990 2248
25157 39298 2210
25879 40435 2072
25455 39582 2001
25388 39610 2001
25869 40498 2309
25069 39029 2052
25899 40602 2062
25226 39312 1944
25566 39925 2036
25566 40000 2167
25436 39751 2200
25713 40330 2034
25663 40310 2229
25447 39588 2120
25456 39723 2131
25614 40142 2278
25509 39875 2216
26146 41114 1578
26254 40998 2025
25573 39909 1407
25408 39725 1942
25007 38958 2222
26219 40944 2263
25143 39136 2252
25247 39451 1941
25852 40446 2087
25481 39717 2156
25443 39709 2178
25241 39300 2186
25489 39763 2120
25461 39676 2243
25267 39422 1474
25235 39326 2271
25631 40185 2232
25194 39197 2358
25181 39319 2084
25601 39998 2057
25324 39558 2030
24974 38975 2035
25300 39533 1516
25528 40001 2270
25385 39716 1388
25128 39015 5042
25422 39676 2119
25773 40311 2410
25693 40239 2413
25301 39479 2051
25420 39779 2089
25662 40295 2303
25693 40340 3747
23439 36612 1974
25111 38996 2455
25390 39529 2224
24651 38420 2162
25079 39263 2160
25607 40002 2225
25780 40292 2171
25875 40461 2257
25618 40077 1453
25079 39080 1537
