100441 131015 6662
100533 131121 6116
100560 131223 6481
100832 131695 6249
100286 130928 6100
100967 131938 6039
100236 130867 5946
100533 131174 6269
100529 131228 6911
100599 131143 6165
100804 131489 6587
100613 131249 6010
100730 131608 8110
100378 130955 6526
100510 131137 6829
100570 131221 6366
100507 131032 10918
100498 131078 6856
100543 131208 6904
100271 130827 5439
100559 131133 5090
100577 131153 6394
100098 130837 7198
100760 131675 7415
100563 131245 4766
100087 130889 7583
100581 131202 7634
100518 131526 5648
100495 131120 4111
100389 130965 5205
100282 130799 8804
100487 131109 4402
100500 131096 4902
100529 131145 6672
100748 131584 9867
100298 130860 6608
100597 131308 10168
100435 131016 6261
100707 131534 6823
100886 131613 5608
100318 130879 5982
100380 130901 6258
101066 132079 6420
100687 131505 4697
100559 131168 7460
100428 130941 7395
100298 130806 12752
100609 131285 6961
100525 131136 5994
100972 131892 6640
100273 130804 6160
100526 131156 5494
100345 130941 6525
100875 131582 6288
100436 131018 9117
100574 131208 5825
100744 131564 6063
100554 131248 6172
100522 131190 6181
100249 130910 5768
100540 131158 5718
100573 131199 7251
100404 130969 6791
100522 131190 8670
100594 131152 17891
100620 131281 5602
100629 131296 6224
100765 131526 5844
100567 131244 4128
100624 131258 4427
100286 130883 4110
100938 131688 7710
100904 131658 6779
100524 131132 6700
100580 131247 4033
100604 131334 7389
100614 131360 8459
100322 130877 5439
100365 130907 6077
100534 131191 8323
100555 131130 6123
100739 131593 6406
100203 130898 4197
100254 130786 8460
99229 129835 3979
100790 131655 5404
100581 131261 6067
100713 131543 6014
100715 131501 5381
100885 131767 6530
100457 130966 4295
100287 130854 7346
100437 130961 6043
100602 131176 4248
100603 131308 5228
100584 131242 8546
100917 131659 9379
100672 131527 6785
100520 131137 6461
100702 131539 4629
