1095 1993 102
1092 1999 105
1094 1991 101
1131 2052 105
1085 1974 197
1086 1974 106
1086 1975 96
1095 1992 97
1092 1999 103
1128 2039 103
1144 2069 127
1086 1978 103
1061 1902 99
1068 1918 172
1086 1975 104
1083 1967 94
1115 2002 94
1067 1923 107
1081 1959 81
1086 1974 103
1115 2001 106
1125 2031 97
1083 1966 92
1087 1988 137
1086 1974 94
1085 1974 82
1096 1960 91
1087 1979 135
1086 1974 108
1087 1949 107
1082 1970 94
1087 1980 114
1098 2004 96
1087 1980 109
1087 1979 104
1100 2013 105
1068 1918 68
1095 1993 120
1068 1918 99
1136 2070 142
1058 1894 92
1114 1997 111
1082 1967 93
1128 2038 73
1128 2038 98
1128 2038 137
1125 2030 97
1090 1994 63
1116 1983 205
1090 1988 99
1127 2038 129
1086 1975 100
1083 1967 113
1111 1994 128
1118 1976 103
1087 1979 123
1086 1975 98
1117 1977 113
1108 1959 89
1092 1984 105
1087 1988 105
1100 2022 105
1107 1957 107
1115 1980 151
1093 2018 64
1086 1978 116
1117 1975 102
1066 1922 102
1133 2070 139
1124 1990 117
1115 1964 110
1086 1975 161
1082 1970 102
1086 1975 107
1114 1962 98
1067 1923 94
1092 2006 112
1115 2003 112
1128 2039 137
1131 2052 112
1085 1975 143
1090 1995 124
1116 2017 107
1064 1915 93
1067 1923 92
1103 1993 94
1088 1980 134
1138 2078 107
1133 2028 109
1121 2015 156
1117 1981 121
1086 1975 101
1102 2037 114
1085 1974 114
1116 1977 108
1090 1994 160
1084 1967 107
1086 1975 123
1112 1979 110
1070 1867 108
