23129 36779 1719
23063 36711 1551
23133 36775 1625
23156 36824 6164
23347 37196 1777
23133 36810 1712
23114 36758 1789
23114 36737 1697
23157 36867 1823
23123 36769 1311
23129 36791 1876
23119 36797 1224
23149 36869 2075
22857 36260 1697
23164 36842 1808
23410 37229 2138
22857 36274 1747
23122 36721 1850
23157 36857 2953
23159 36830 1872
23103 36782 1890
23133 36844 1894
23138 36850 1682
23110 36799 1741
23134 36789 1838
23153 36852 2244
23088 36714 4395
23117 36735 2555
23281 37056 1183
23147 36805 1970
23129 36781 1915
23161 36815 1752
23172 36862 4371
23147 36810 1271
23098 36751 1952
23133 36814 1822
23309 37134 1963
23221 36958 1947
23152 36813 1773
23187 36922 1880
23098 36742 1863
23147 36849 1876
23087 36714 1669
22840 36258 1764
23136 36826 1351
23125 36781 2154
23149 36789 1940
23142 36800 1698
23065 36651 1894
23099 36784 1895
23162 36852 2771
22860 36283 2112
23146 36834 1190
23111 36777 1755
23094 36785 1134
23121 36779 1855
23150 36859 1962
23121 36809 2451
23085 36697 1802
23164 36833 1236
23124 36731 1290
23147 36831 1510
23108 36835 1799
23106 36747 1722
23145 36794 1796
23137 36780 1886
23114 36787 1936
23139 36796 1807
23363 37256 1759
23150 36801 1806
23143 36837 1810
23137 36774 1826
23169 36861 1685
23143 36804 2151
23164 36828 1258
23157 36820 1192
23157 36787 1957
23132 36807 1193
23385 37269 1701
23126 36833 1168
23303 37139 1346
23162 36816 1826
23157 36811 1201
23102 36733 1073
23145 36832 1137
23080 36678 1836
23135 36834 1197
22855 36270 1600
23129 36845 1633
23154 36836 1812
23183 36957 1867
23101 36781 1815
23127 36787 1313
23155 36853 1855
23109 36817 1727
22854 36302 1880
23177 36887 2051
23086 36722 1930
23149 36858 1850
23091 36749 1192
