8417 14435 723
8419 14425 767
8709 14929 773
8500 14528 743
8422 14413 698
8512 14542 770
8509 14547 735
8448 14406 751
8501 14522 770
8518 14584 768
8516 14584 737
8452 14512 687
8541 14598 466
8490 14540 508
8503 14524 708
8426 14438 492
8422 14434 774
8505 14560 759
8510 14559 693
8460 14521 718
8588 14754 713
8459 14485 599
8504 14574 668
8551 14642 721
8444 14504 488
8340 14170 565
8531 14565 718
8519 14591 415
8523 14587 699
8502 14610 738
8493 14574 699
8468 14515 745
8441 14390 710
8472 14501 700
8419 14343 651
8531 14575 709
8587 14763 474
8428 14357 454
8443 14489 539
8384 14276 473
8466 14484 678
8490 14514 618
8393 14358 561
8474 14533 532
8531 14565 530
8409 14391 513
8414 14372 450
8527 14632 706
8540 14629 749
8474 14516 723
8414 14409 696
8543 14638 769
8496 14526 735
8477 14583 664
8448 14501 725
8529 14564 784
8493 14509 734
8533 14591 720
8456 14484 693
8497 14572 691
8434 14428 487
8421 14423 644
8375 14282 392
8562 14668 480
8464 14539 756
8530 14562 708
8491 14511 689
8448 14532 699
8479 14598 734
8519 14585 732
8508 14546 727
8522 14557 762
8404 14358 830
8464 14489 759
8520 14582 741
8490 14547 744
8453 14495 515
8487 14534 510
8459 14446 706
8516 14539 687
8502 14520 706
8486 14557 700
8499 14541 468
8526 14579 465
8426 14464 728
8425 14360 694
8518 14582 744
8529 14564 710
8503 14579 716
8427 14366 732
8522 14629 700
8496 14513 765
8497 14503 705
8414 14372 728
8528 14589 782
8579 14740 725
8491 14498 760
8430 14454 760
8523 14606 684
8502 14531 703
