39271 62338 2786
39613 62703 2807
39381 62393 3014
39386 62383 2931
39346 62325 3416
39438 62552 2950
39617 62882 1769
39354 62360 2628
39553 62736 2334
39700 62972 2579
39256 62309 2884
39560 62741 1848
39368 62401 1956
39534 62626 3101
39451 62593 1898
39397 62474 1921
39884 63152 2906
39441 62603 4132
39236 62254 2660
39422 62521 2806
39313 62259 3053
39364 62412 2763
39452 62616 1761
39360 62398 2271
39573 62685 1805
39612 62836 1874
39562 62746 2756
39828 63151 2038
39177 62146 2464
39623 62814 1810
39501 62610 1759
39403 62466 2088
39602 62801 1810
39211 62163 2304
39537 62685 1914
39377 62442 2979
39475 62657 2988
39381 62442 2934
39218 62209 1778
39904 63288 2856
39182 62111 1837
39690 62988 1893
39401 62474 1779
39370 62405 2731
39292 62240 2684
39407 62474 2834
39448 62573 2980
39482 62687 2710
39383 62428 2753
39420 62530 2922
39473 62499 2759
39377 62427 3019
39141 62076 2926
39398 62453 3039
39424 62535 2961
39597 62801 1956
39360 62344 2776
39426 62579 3021
39520 62600 2693
39369 62591 2688
39388 62469 3209
39714 63080 2948
39443 62582 3105
39406 62505 3104
39393 62391 3163
39374 62406 2735
39414 62483 2921
40032 63508 2907
38936 61823 2675
39672 62940 1690
39503 62661 2704
39334 62352 2779
38860 61636 1908
39583 62758 2873
39403 62506 2833
39623 62836 1947
39369 62403 1841
39260 62274 2663
39488 62687 2089
39128 62014 2718
39486 62726 2724
38928 61807 2045
39592 62739 2589
39442 62535 3056
39104 61971 1925
39302 62329 1880
39419 62533 3226
39393 62442 2934
39392 62410 3048
39817 63244 2875
39435 62595 2938
39265 62317 1907
39290 62345 2875
39355 62331 1898
39378 62422 3023
39684 62985 3048
39249 62270 3047
39272 62326 2986
39893 63166 3553
39126 62025 2954
