8668 11515 517
8655 11442 509
8623 11413 501
8662 11504 568
8852 11737 582
8653 11472 905
8645 11461 541
8635 11438 474
8697 11499 634
8635 11456 370
8734 11536 427
8849 11769 471
8782 11664 522
8657 11490 618
8639 11462 372
8828 11727 591
8841 11751 604
8655 11520 568
8845 11741 583
8650 11473 616
8651 11489 572
8872 11790 584
8727 11582 582
8665 11522 557
8676 11549 576
8647 11468 547
8649 11475 547
8647 11441 597
8646 11487 478
8733 11577 489
8729 11556 547
8662 11511 547
8712 11545 632
8682 11491 538
8832 11730 407
8734 11620 590
8723 11565 572
8639 11461 575
8643 11449 585
8743 11613 553
8787 11648 522
8640 11446 518
8667 11525 542
8740 11609 554
8836 11733 578
8872 11791 532
8829 11717 588
8690 11560 553
8662 11529 568
8702 11506 530
8640 11459 548
8785 11671 486
8640 11442 369
8646 11474 532
8737 11595 512
8656 11492 431
8630 11440 497
8656 11446 546
8634 11440 3486
8846 11744 365
8649 11466 616
8759 11589 446
8657 11444 381
8935 11838 523
8670 11524 520
8910 11861 594
8650 11477 574
8841 11714 614
8855 11721 4773
8649 11466 368
8728 11549 435
8897 11795 583
8646 11463 514
8871 11717 619
8632 11437 546
8729 11580 566
8656 11514 5660
8653 11421 550
8634 11436 573
8656 11485 577
8677 11479 514
8682 11557 535
8655 11446 582
8662 11490 454
8642 11453 548
8837 11736 584
8669 11508 797
8659 11444 523
8832 11727 617
8649 11474 569
8642 11460 557
8690 11529 511
8642 11411 571
9022 12009 636
8848 11744 611
8838 11728 592
8939 11831 584
8645 11463 557
8832 11722 581
8647 11441 542
