64248 132761 6306
64261 132839 5974
65024 134933 6265
64332 133006 6511
64500 133394 9926
64682 133812 6815
64016 132238 6778
64797 134060 5994
65382 135154 6383
64362 133029 6024
64049 132274 6759
64431 133287 3882
65638 135862 4022
65006 134641 3556
64532 133394 9648
64415 133226 6431
64261 132908 6469
63804 131644 6626
65462 135379 6489
64599 133555 6430
64279 132757 5137
64449 133345 6688
64597 133642 8008
63869 131829 7860
64526 133612 6385
64860 134268 6382
63656 131272 6053
64640 133789 7056
63601 131165 6131
64294 132960 6812
64028 132146 9199
64315 132960 5591
65423 135242 4475
64159 132461 4257
64167 132594 6394
64965 134537 6810
64863 134381 6627
64636 133744 8286
63860 131807 6489
64477 133384 6431
64641 133744 5248
64606 133744 4222
64193 132509 8510
64155 132587 6058
64262 132849 6362
64510 133466 4278
64499 133447 6340
64801 134273 3938
64060 132294 7749
63934 131922 5432
63722 131507 6544
64369 133048 4318
65314 135058 6213
63953 132010 5972
64596 133648 6413
65067 134789 4162
64077 132449 6354
64273 132828 6694
64989 134703 3967
64052 132277 6161
64326 133025 5773
64130 132468 8130
63830 131718 3927
64595 133681 5953
64729 133750 5932
64347 133075 4399
63812 131629 7470
64667 134026 3929
64306 132923 6718
63826 131664 5766
64703 133886 3870
64309 132968 7778
64082 132256 5862
63842 131721 5607
64088 132326 4727
64449 133145 6298
64401 133070 3830
64924 134449 5924
64192 132621 6227
64744 134006 6554
64655 133848 5975
64327 132945 3946
64885 134281 6458
64330 133027 6497
64170 132549 9020
64564 133613 6121
63941 131935 8133
63684 131349 6067
64596 133680 6282
65110 135021 6105
63671 131328 8467
64338 132886 7984
64760 134094 9087
64314 132870 5935
63843 131764 8615
64681 133917 6010
65602 135839 6107
64346 133046 6514
64654 133772 4933
63870 131804 3810
