59779 78298 3358
59898 78550 3841
59955 78540 3347
59953 78572 2447
59907 78569 2504
60215 78769 5876
59938 78574 3875
59768 78289 3463
59943 78547 3511
59582 77891 3688
59940 78661 2482
59611 77925 3514
59965 78673 3942
59701 78080 4172
60021 78671 3405
59602 77926 2841
59966 78610 3732
59915 78523 3859
59943 78560 3642
59972 78608 3865
59996 78619 3701
60231 78875 3709
59643 77993 3217
59927 78544 2766
59969 78593 2407
59955 78621 3863
59906 78611 3644
59605 77974 3511
59912 78499 3551
59950 78576 3716
59939 78556 3379
59709 78088 2387
59808 78278 3497
59052 77243 2316
59992 78640 2405
59986 78638 3200
59876 78439 3056
60253 78872 2274
59911 78476 2270
59924 78599 3728
59924 78555 3470
59957 78580 3313
59923 78591 4424
59929 78591 3433
59886 78539 2309
59959 78668 2801
59555 77793 2979
59982 78603 2373
60106 78683 2845
59670 78359 3552
59924 78553 2232
59884 78425 3710
60104 78762 3764
59510 78139 3680
59728 78101 3639
59583 78203 4636
59634 78240 2579
59879 78494 3631
60241 78837 2259
60011 78665 2674
59959 78583 2504
59916 78542 5260
59361 78029 3684
60031 78826 3670
59946 78618 4639
59952 78542 3559
60140 78752 3445
59924 78553 2885
59547 77859 3667
59470 78009 3771
59964 78662 5926
59857 78546 3343
59718 78237 3522
59920 78554 3730
59926 78580 3456
59904 78521 3722
60146 78781 3777
59938 78651 2457
59889 78545 3037
59834 78501 3467
60057 78537 3892
59855 78504 3115
59994 78648 2304
59514 78130 4132
59973 78631 2285
59879 78569 4022
59957 78700 2492
59872 78575 3923
59539 77827 4036
59948 78563 2538
59768 78264 3729
59754 78351 3696
59883 78554 3217
59594 77935 3779
59750 78098 3551
59953 78562 3062
59985 78568 2132
59983 78713 2283
59846 78537 2400
59924 78554 4358
