36868 47531 2162
36936 47663 2193
36665 47488 2069
36544 46993 2219
36723 47278 2107
36802 47278 1965
36927 47792 2323
34579 44537 2187
36745 47227 2294
36742 47385 2311
36224 46537 1529
37876 49082 2201
37023 47760 2131
36644 47230 2117
36794 47388 2286
37361 48113 1661
37207 48183 2157
36369 46612 2289
36820 47382 1520
34717 44540 6907
36111 46345 1455
36228 46412 2156
34846 44926 1937
36636 47068 1386
36616 47340 2213
37468 48425 1916
37137 47897 1645
36865 47595 1513
37218 48004 1837
36930 47740 2183
36862 47400 1555
36762 47379 2487
36799 47193 2198
37311 48144 2351
36320 46691 2221
37014 47777 3008
36548 46964 1440
36840 47628 2274
37269 47979 3022
36563 46892 2165
36744 47117 2281
36683 47271 2328
37507 48351 2337
35022 44809 2011
36697 47138 1600
36631 47054 2297
36144 46559 2385
36550 47012 2284
37529 48448 2403
36874 47572 2402
37624 48662 2433
37054 47620 2287
36156 46410 1446
36655 47296 2201
36807 47450 2350
37139 47953 2192
36922 47456 1581
37117 47887 2122
37055 47889 2898
36242 46349 2234
36628 46933 2127
36481 46812 5479
36606 47147 2045
36956 47488 2066
36790 47163 2131
37373 48275 2254
36910 47607 2237
36642 47136 2180
37218 47934 2519
36445 46819 3386
37467 48457 2301
36810 47442 2086
36953 47641 2218
37347 48282 2140
37099 47747 2033
36484 47005 2259
37101 47920 2089
37025 47692 2273
36726 47123 1371
37067 47466 2382
37214 47874 1853
37123 47742 3035
37295 48232 2143
36931 47668 2219
37028 47625 2231
36149 46335 1468
36521 46905 2170
36744 47248 2108
36525 46860 2262
37047 47952 4770
36130 46252 1374
35246 45057 1319
36246 46663 1744
35439 45278 2451
36862 47344 1488
35513 45423 2048
36207 46419 1735
36978 47789 2056
36924 47543 2071
36554 46764 2060
