13227 18903 1022
13150 18828 840
13221 18882 976
13147 18802 4640
13121 18790 957
13172 18809 930
13148 18820 673
13142 18805 660
13160 18813 1006
13145 18808 942
13151 18818 868
13122 18771 936
13155 18824 993
13125 18783 613
13150 18813 953
13157 18828 953
13117 18780 905
13139 18786 959
13159 18821 1020
13127 18798 714
13149 18809 968
13165 18834 1050
13204 18886 1022
13140 18797 936
13156 18809 1122
13192 18849 645
13141 18771 964
13121 18785 933
13245 18931 1033
13143 18802 832
13217 18881 807
13144 18802 923
13213 18879 865
13097 18708 927
13212 18849 607
13006 18581 867
13151 18808 1016
13146 18825 1126
13005 18592 972
13248 18962 933
13152 18816 951
13124 18784 662
13168 18801 1127
13122 18793 1089
13149 18820 919
13145 18809 970
13228 18855 881
13218 18841 892
13202 18858 901
13132 18735 905
13150 18815 619
13117 18788 902
13122 18775 918
13157 18834 739
13142 18805 979
13157 18832 3455
13133 18789 948
13147 18799 947
13137 18798 947
13122 18800 1168
13115 18773 874
13136 18808 680
13240 18871 950
13139 18803 924
13161 18820 900
13222 18907 817
13154 18834 969
13129 18798 1024
13139 18812 660
13153 18816 5501
13142 18815 872
13167 18854 1013
13127 18784 990
13142 18828 585
13137 18816 955
13143 18823 1022
13233 18896 984
13134 18790 688
13095 18677 1012
13155 18820 647
13153 18844 688
13119 18783 989
13140 18819 989
13185 18853 1317
13142 18805 1002
13155 18810 1037
13150 18795 937
13118 18789 998
13061 18621 966
13152 18818 954
13114 18779 949
13247 18934 966
13160 18803 1097
13124 18776 946
13123 18799 980
13129 18794 903
13150 18826 958
13146 18805 863
13135 18803 898
13131 18792 953
