17179 23796 1928
16696 23243 826
16639 23073 1272
16658 22983 1284
15482 21313 1216
16577 22918 1429
16846 23477 1356
16679 23168 1353
16782 23418 1387
17044 23749 1235
16814 23383 1182
15601 21465 790
16788 23343 1236
16802 23286 729
16622 23035 1096
17023 23718 880
16777 23358 1629
16772 23367 1287
16779 23341 1322
16357 22607 1207
16963 23477 1267
16628 22949 1227
16722 23223 1343
16732 23187 1143
16654 23128 1263
15746 21769 1157
16947 23646 1136
16794 23379 1232
15842 21934 1272
16445 22761 996
16347 22658 802
16944 23558 1197
17037 23828 1206
16828 23297 1282
17015 23749 1249
16664 23123 1210
16779 23274 1284
16960 23551 931
17052 23668 1330
16921 23493 868
16472 22741 1135
16617 23031 1427
16658 23254 831
16576 23018 1118
17231 23865 867
16788 23265 1226
16883 23381 1200
16693 23157 1202
17189 24112 1591
17118 23937 1270
16628 22999 1251
16023 22175 1118
16740 23341 1359
16435 22810 921
16593 22911 1182
17005 23630 1214
17119 23882 1289
16544 23002 1313
16840 23365 1287
16683 23092 934
16576 22943 1257
16738 23298 1290
16755 23242 1251
15978 22175 1221
15689 21712 1099
16112 22221 1125
15333 20943 1104
16703 23141 1139
16662 23203 1214
16675 23060 825
17100 23634 1193
16634 22982 762
16668 23245 966
16674 23177 875
16944 23675 1143
16905 23494 801
16161 22224 1062
16464 22830 1108
16305 22774 1053
16533 22983 1164
16645 23194 1168
16259 22395 1999
16994 23698 1271
16944 23549 1191
17056 23762 1365
16893 23452 1273
16958 23598 854
16798 23238 9407
16884 23573 1280
16914 23555 1198
16460 22797 1256
16551 22910 1145
17145 23934 1242
16624 23047 813
16700 23133 1217
16604 22961 1260
15531 21372 1441
16885 23510 1343
17005 23700 2563
15169 20747 726
