2748 4434 212
2849 4673 238
2752 4450 235
2858 4596 229
2678 4326 212
2675 4315 247
2878 4711 298
2861 4717 261
2831 4596 237
2806 4523 254
2732 4340 155
2767 4466 236
2902 4749 243
2769 4475 220
2998 4899 238
2943 4816 253
2865 4694 223
2871 4684 228
2968 4917 261
2566 4087 257
2874 4624 221
2766 4439 212
2817 4580 152
2776 4470 231
2603 4197 205
2879 4706 241
2647 4201 216
2694 4290 202
2787 4472 230
2793 4498 251
2744 4392 227
2560 4086 191
2851 4708 260
2659 4249 239
2736 4431 246
2658 4269 238
2885 4745 293
2667 4252 240
2537 4068 216
2847 4617 248
2795 4550 232
2835 4603 247
2898 4741 254
2721 4360 229
2736 4386 212
2795 4484 219
2916 4738 243
2826 4553 179
2876 4656 169
2749 4428 226
2818 4527 228
2779 4527 223
2798 4547 182
2782 4457 209
2878 4641 234
2693 4289 211
2851 4595 241
3021 5067 251
2626 4257 221
2812 4544 272
2714 4331 240
2697 4348 194
2764 4522 242
2549 4053 224
2862 4643 234
2806 4528 257
2826 4620 294
2824 4605 229
2857 4668 251
2836 4607 224
2779 4450 237
2825 4544 230
2752 4431 238
2865 4732 238
2995 4989 252
2521 3971 203
2759 4376 226
2861 4644 247
2874 4669 230
2758 4427 250
2597 4149 238
2632 4137 209
2797 4519 235
2850 4585 256
2823 4564 246
2808 4568 273
2850 4639 265
2836 4589 223
2767 4543 253
2831 4550 252
2798 4588 276
2868 4696 251
2764 4446 233
2772 4521 173
2952 4882 224
2787 4502 335
2925 4765 215
2658 4234 221
2703 4350 216
2740 4423 185
