45465 59640 2537
45469 59609 2581
45758 59935 2664
45467 59641 2708
45485 59662 4163
45405 59571 2785
45480 59602 2702
45772 59959 2928
45625 59791 2603
45478 59594 2149
45459 59626 1809
45891 59982 2863
45706 59911 2606
45638 59779 2729
45495 59639 2645
45701 59858 1788
45789 59972 2572
45461 59604 2699
45496 59649 1788
45453 59603 4145
45446 59608 2875
45461 59651 2613
45524 59730 1812
45485 59639 1633
45458 59683 2572
45786 59963 2638
45626 59771 1830
45436 59611 2666
45657 59825 2653
45452 59631 2518
45469 59662 1665
45426 59576 2474
45447 59610 2223
45648 59803 2435
45469 59662 2391
45452 59602 1846
45757 59935 1678
45815 60002 2641
45292 59416 2577
45467 59668 2675
45469 59598 1514
45784 59957 2524
45844 60056 2535
45460 59620 2531
45956 60113 1824
45459 59608 2484
45775 59942 2609
45428 59553 2807
45422 59572 2529
45230 59261 2561
45849 59997 1802
45523 59686 2676
45704 59801 2597
45460 59599 2468
45731 59959 2635
45630 59768 2610
45769 59916 2832
45477 59642 2860
45606 59733 2606
45452 59591 2577
45468 59629 2085
45478 59630 2520
45389 59528 1678
45476 59654 2712
45454 59612 2469
45682 59887 1986
45437 59562 2306
45473 59631 1926
45765 59951 3631
45462 59545 2471
45425 59524 1911
45481 59696 2419
45763 60011 2616
45473 59645 2036
45483 59628 2815
45481 59646 2648
45447 59615 3027
45410 59527 2469
45482 59635 2523
45807 60011 1738
45460 59610 3440
45815 60070 2742
45457 59657 2543
45462 59622 2577
45462 59603 1683
45816 60077 1753
45997 60092 2661
45457 59646 2878
45978 60083 2488
45387 59531 2667
45446 59630 2671
45492 59700 1818
45463 59589 2733
45767 59939 2598
45810 60002 1778
45387 59541 2448
45698 59852 2690
45813 60018 2747
45413 59604 1662
45451 59634 2834
