46246 60464 1748
46192 60458 2506
45895 60172 2444
46231 60494 2663
45889 60163 1746
45789 60026 2705
46165 60479 2816
46236 60514 2633
46242 60442 2784
46214 60451 2632
46080 60294 2768
45990 60142 2704
45972 60272 2709
45917 60165 2606
46255 60509 2797
46226 60439 1973
46204 60476 2156
45937 60185 2665
46183 60553 2632
45907 60195 2717
45892 60177 7098
45914 60203 2418
45998 60292 1748
46131 60359 1703
46254 60511 2744
45858 60101 2707
46062 60425 2774
46181 60526 2218
46226 60475 2587
45890 60149 2718
46245 60490 2491
45889 60128 1815
46336 60662 3705
46438 60757 2619
46242 60485 2736
45895 60146 2675
45874 60121 2779
45892 60165 2815
46272 60597 2881
46068 60355 2681
46834 61266 2916
45921 60189 2657
45922 60240 2739
46250 60561 2665
46200 60479 2585
45979 60259 2554
46258 60537 1880
46253 60548 1806
45981 60253 2496
45957 60204 3028
46314 60658 4841
45868 60183 2668
45892 60142 2545
45878 60128 2560
45923 60245 2991
45868 60101 2653
45980 60294 2821
46230 60448 2671
45989 60315 2743
46229 60483 1709
46246 60531 1768
45913 60212 2237
45889 60167 2563
45887 60177 2522
46153 60390 1671
46137 60444 1773
45909 60154 2655
46283 60534 2674
46336 60680 2882
46235 60494 2827
46164 60510 1695
45975 60095 2020
46117 60468 2605
46355 60680 1724
45892 60132 2791
45973 60276 2528
46341 60720 2747
46254 60550 2514
45885 60125 2576
46176 60420 2554
45885 60160 2744
46173 60565 2473
45961 60248 2330
45971 60297 1679
46180 60504 2693
46247 60551 2896
46308 60591 2878
46186 60482 2540
46164 60526 2723
46405 60731 2527
46231 60509 2629
45650 59949 2706
45974 60225 2538
45877 60109 2631
45920 60235 2547
46246 60529 2645
45887 60109 2672
45914 60010 2645
46013 60260 2936
46167 60478 2938
