75030 151910 7868
74421 150989 8077
74946 151597 7390
75185 152873 6886
74829 151314 7170
74405 150270 7560
75049 151950 5346
74483 150705 7043
74969 151705 5322
73707 149053 5861
75254 152467 7874
75009 151531 6740
74534 150916 6562
75063 152410 4667
75124 152014 4625
74217 150568 5124
75149 152050 5075
74322 149955 6155
75176 152277 6785
74793 151849 7135
74900 151167 7265
75051 152046 4508
74514 150480 6614
73819 148915 4422
74958 152335 7002
74477 151177 6757
74807 151574 4880
73980 149299 6417
74495 150592 10088
74802 151240 5264
74565 150760 6713
75052 152586 7345
75071 152525 8890
75275 152990 4992
74952 151632 6865
74418 150344 6832
74963 151780 7277
74839 150973 6887
75313 152568 4538
75007 151829 6725
74987 151724 5174
74274 149995 6531
75015 151550 6397
74892 152369 6685
73867 149427 8238
74344 150342 6490
74935 151998 6512
74750 150932 7776
75372 152717 6440
74449 150453 6898
74735 151600 6739
75056 151760 4196
75154 152775 6822
74801 151243 4035
75103 152676 6383
74820 151113 6649
74504 151292 5831
74503 151311 6241
74959 151718 4055
74913 152107 4288
74985 151558 5739
73986 149376 6600
74919 151345 7598
75794 153523 4387
74948 151642 6205
74743 150926 6684
74852 151076 6507
75011 151757 6796
74844 151483 6622
74852 151311 8493
75047 152560 7582
74806 151296 5738
74699 151090 5475
75047 151580 6955
75238 153100 7618
74398 150556 8005
74971 151456 7504
73964 149268 4674
74520 150531 7390
74228 149980 8105
74751 151083 12500
74560 150932 8529
74632 150826 6531
74903 151451 8826
75079 151800 8668
75060 151842 4606
75387 152673 6635
74955 152077 7094
75207 152166 4846
74583 150912 6654
74815 151522 6438
74255 150072 5004
75077 151897 4501
74284 149961 7161
75416 153295 5577
74801 151164 5111
74846 151288 7015
75128 152476 6845
74935 151468 4513
74227 150083 5824
