27377 37827 2265
28686 39796 2000
28762 39972 2072
28397 39401 2000
28314 39119 1945
27966 38504 1340
28466 39495 1447
28585 39572 2181
28718 39725 2268
28749 39681 2181
28687 39815 2149
28367 39281 1413
28601 39621 1514
28777 39891 2343
28789 39854 2046
27778 38475 1347
28267 38842 1344
28072 38731 2068
28227 38930 2502
28728 40011 1485
26155 35899 2041
26584 36592 2058
28574 39626 2071
27869 38395 2052
28928 40291 2299
27866 38333 2965
28667 39808 1380
28413 39222 1399
28533 39248 3717
28545 39687 2079
28348 39216 2239
26302 36137 1314
28270 39071 1859
27704 38249 2055
28380 39259 2217
28090 38642 2262
28118 38743 2175
28340 39057 2264
28690 39789 5566
28202 39128 2037
28227 38876 2217
28332 39170 2114
28711 39733 2257
28050 38673 2195
28114 38880 2208
28744 39970 2301
27571 37898 1371
28191 38864 1355
28625 39624 2183
28965 40105 2192
28203 38793 5972
28288 38998 2092
28174 38802 3800
28271 39087 2142
27891 38368 1441
28373 39197 2032
28630 39673 1984
26672 36838 1993
27657 38198 2068
28412 39374 2217
28712 39724 4623
27522 38043 1454
27868 38482 1464
28704 39795 2113
28235 39051 2036
28071 38795 1468
28006 38583 1381
28085 38655 2131
28838 40232 2071
28539 39510 2114
28467 39432 1410
27624 38052 2172
28729 40047 2697
27703 38036 1981
28516 39422 2178
28308 39110 1508
28340 39187 1413
28176 38834 1542
28832 39951 2065
28493 39438 2186
28237 39105 1476
28440 39409 2088
27995 38669 2092
28471 39415 3952
28735 39864 2077
27734 38181 1841
27838 38363 5262
28600 39595 1933
28956 40189 2243
28059 38708 2118
28481 39346 6022
28268 39325 2127
28415 39320 1990
28642 39680 2141
28058 38738 2175
26290 36249 1850
27580 38093 2181
28077 38723 1372
28134 38774 1547
28807 39945 1276
