90798 183292 8907
91323 184266 12271
90511 182039 9145
88073 177215 10164
90890 182836 9757
90511 182449 8293
91377 184136 8468
89971 181167 9856
88456 177196 7830
91547 184843 9510
91330 184464 9354
90678 182925 9512
88856 178354 7207
86385 173490 11019
91479 184367 10589
90766 183218 9237
91124 183591 9155
90992 183063 9130
90901 183414 12354
90546 182124 9161
90483 181608 9130
90082 181041 9196
92174 186193 9020
90676 182735 9938
89468 180286 8747
78047 156859 12598
88248 177321 12000
89839 180399 9784
90105 181489 8830
89385 179624 8753
91121 183878 9425
88065 177094 8596
91048 183521 7221
91644 183962 7238
90447 181994 9325
90379 181898 9557
91204 184132 10321
91954 185600 8974
89919 180709 13770
91271 184107 10056
90995 183771 9334
90925 183084 9472
90307 181789 9167
88513 177827 9434
88575 177356 9794
91427 184517 9672
88946 178574 9800
90285 181760 9471
89699 180710 9717
89980 181303 8967
89403 180288 12253
88755 178117 6568
89760 180609 9113
91464 184598 8693
89579 180380 9681
90558 182251 9208
90474 182406 13210
90731 182608 10225
84386 169056 8510
92689 187093 9672
89366 180143 12972
89618 180027 9271
90574 182489 7336
87328 175582 8547
89655 180702 7948
89714 180300 5772
88472 178107 9535
87958 176392 8930
88161 176907 9298
87553 176343 6893
87453 175337 10830
73288 146779 11643
89587 180522 8680
90490 181784 8400
92410 186127 12311
90756 182961 9016
92305 186673 9151
91164 183853 9198
88019 177529 8776
90562 182822 9988
90237 181647 9875
88581 177468 10497
89951 180945 9147
89453 179722 8953
88878 178015 8877
90359 182365 9115
89823 180484 8280
92758 187597 9686
91463 184680 6564
90251 181935 8070
89859 181187 9541
76013 152750 6386
90390 182329 9537
86518 172966 10155
90084 181209 8721
90085 181450 9540
90572 182998 9465
90740 182883 9499
90858 182687 9708
89529 179741 9563
