26967 42140 2321
27968 43757 2226
27536 42904 2218
27818 43335 2170
27617 43102 1715
25665 39930 3076
28075 43865 2308
27884 43478 2252
27978 43666 1529
28093 44046 2262
27548 43090 2408
25273 39305 2147
27900 43479 2315
27650 43016 2110
27096 42317 2626
27760 43490 2290
28006 43661 2684
27561 42860 1611
28279 44285 2355
28111 43914 2236
27298 42443 2253
27814 43266 2248
27621 43080 2235
27632 43148 2392
27849 43513 1482
27876 43473 3079
27200 42107 2268
27579 42881 2489
27431 42505 2241
28440 44598 9090
27753 43328 2194
28199 44088 2403
27767 43290 2418
27654 43272 2298
28082 43905 2518
28329 44205 2372
27483 42889 1531
27639 43048 1986
27935 43628 5420
27873 43344 1568
27725 43123 2184
27495 42745 2013
27556 42839 2007
27672 43392 1462
28176 43892 2402
27286 42367 4087
27447 42661 1610
27575 42932 2366
27609 43020 2156
27239 42297 4711
27781 43150 1550
27619 43055 2312
28583 44800 2168
27638 43112 2369
28359 44450 2260
27462 42771 2238
27652 42990 2221
28240 44149 2294
27879 43519 2234
28452 44575 2377
27770 43233 1531
28129 43977 2243
27438 42673 2559
28580 44761 1505
27517 43032 2334
27948 43719 2389
27431 42808 1577
27829 43363 2180
28026 43819 1649
27935 43744 1632
27779 43332 1495
27271 42406 1540
28028 43657 2572
27543 42863 2238
27116 42149 2612
27297 42462 2268
27609 42969 2341
28065 43572 2297
27715 43410 2448
27336 42454 3278
27210 42502 2316
27630 42944 2129
27131 42149 1652
27834 43371 2389
27665 43141 1836
28475 44632 2437
27365 42642 2094
27705 42974 1612
26815 41827 2169
27705 43249 1823
27728 43272 2209
27904 43433 2452
27669 43235 2447
28059 43903 2231
27944 43506 2338
27372 42469 2373
27373 42711 1801
27566 42895 2421
27486 42878 2319
28071 43729 1634
