71227 112401 7875
70834 111892 5465
71199 112562 5278
71342 112763 5145
71330 112662 5311
71053 112252 4278
71124 112209 5254
70940 112041 6269
71233 112576 5537
70783 111841 3532
71590 113062 5113
71205 112587 5756
71223 112625 5187
71380 112790 5622
71309 112803 6217
71282 112492 5231
71311 112593 5163
71176 112346 5357
71244 112626 3750
71284 112697 4141
71304 112531 4033
71674 113220 5979
70842 111898 5083
71108 112318 3482
71235 112609 3841
71347 112645 5497
70595 111429 4230
71220 112398 9043
71155 112412 5737
70991 111961 10087
70851 111997 5742
71174 112297 8726
71329 112803 5345
70712 111682 5315
71596 113072 3342
71235 112630 4437
71036 112204 4617
71194 112345 5619
71249 112595 3161
71254 112599 4104
71157 112419 9832
71045 112206 3271
71334 112653 5167
71218 112408 3689
70820 111893 5683
70862 111893 4760
71223 112587 4745
71267 112700 3273
71230 112582 3477
71210 112500 5401
71249 112547 5201
71382 112627 4701
71208 112545 5609
71148 112481 5368
70996 112142 4073
71218 112312 3765
71091 112378 5728
71356 112316 3454
71204 112542 3567
71038 112107 5716
71224 112619 3514
71088 112354 3479
71204 112530 5530
71320 112808 5475
71160 112333 5534
71236 112634 5237
71198 112539 3964
71221 112570 10610
71340 112779 4363
71031 112176 5984
71206 112372 7263
71152 112414 5055
70995 112104 4112
70658 111570 6385
71413 112751 6049
71300 112661 4954
71313 112807 4350
71278 112528 5827
71297 112755 5046
71005 112101 6039
71175 112492 5423
71222 112554 5554
71189 112536 5510
71089 112351 3986
70981 112025 3464
70619 111555 6990
70870 111851 5180
70989 111978 9231
71211 112582 3917
70715 111689 5289
71628 113081 5598
71229 112609 4149
70835 111726 5320
70913 111949 8327
71110 112227 5922
71049 112222 5679
71483 112553 5077
71427 112485 5339
71230 112382 5460
70981 112132 5814
