16176 23270 1166
16112 23180 1086
16184 23296 1202
16191 23296 1231
16024 22983 1298
16079 23110 1072
16193 23295 1174
16167 23265 1090
16180 23265 1251
16197 23307 1125
16190 23293 860
16179 23273 1194
16160 23259 1201
16166 23298 754
16194 23298 857
16003 22978 1643
16181 23295 1365
16180 23280 1190
16190 23296 1094
16193 23297 1240
16116 23194 1101
16146 23248 1304
16147 23254 1188
16029 23017 1254
16212 23326 886
16130 23221 1245
16155 23250 1359
16191 23316 1207
16089 23161 1096
16165 23260 1322
16130 23237 2608
16172 23293 1264
16210 23329 815
16020 22981 1304
16198 23293 1301
16111 23202 1719
16189 23293 1301
16145 23249 1208
16103 23193 1196
16204 23324 858
16165 23260 1434
16202 23308 1711
16056 23129 1195
16148 23241 1217
16017 22977 1212
16161 23254 1257
16188 23302 1147
16134 23234 1823
16194 23291 1395
16200 23309 1157
16138 23238 785
16014 22974 1009
16187 23294 1208
16181 23288 1249
16061 23109 1317
16188 23288 1079
16188 23289 1095
16173 23274 1139
16146 23241 1269
16119 23209 1126
16196 23305 1192
15988 23056 2268
16176 23283 1355
16201 23303 1247
16137 23241 1265
16193 23293 898
16176 23271 1144
16151 23235 1253
16030 22988 659
16158 23238 2289
16199 23307 1174
16153 23253 6980
16141 23249 1262
16185 23297 1218
16196 23292 890
16035 23016 957
16081 23137 1062
16138 23239 1157
16159 23257 1299
16167 23261 1200
16205 23310 1156
16186 23295 827
16177 23272 832
16024 22983 9567
16201 23297 1157
16122 23170 1192
16195 23307 851
16192 23301 1046
16186 23292 1182
16165 23258 1191
16070 23125 1194
16142 23285 1163
16191 23292 831
16199 23300 1196
15996 22950 860
16030 22989 1129
16146 23265 1126
16193 23299 833
16182 23306 1130
16289 23445 1371
