27759 36554 3929
27620 36436 1851
27685 36411 1794
27663 36378 1277
27792 36570 1844
27753 36596 1726
27388 36087 2021
27633 36303 1778
27699 36432 1248
27766 36601 1318
27717 36486 1766
27730 36545 1817
27724 36586 1091
27715 36509 1747
27822 36649 1123
27701 36469 1455
27635 36423 1210
27645 36475 1811
27648 36358 1786
27597 36269 1367
27774 36598 1735
27797 36435 1804
27758 36608 1810
27666 36483 1783
27775 36576 1639
27596 36393 1049
27713 36549 1822
27786 36640 951
27658 36444 1947
27716 36520 1875
27642 36410 1249
27664 36448 1203
27601 36300 1707
27772 36515 1910
27467 36204 1932
27735 36527 1674
27712 36507 1757
27603 36352 1423
27592 36336 1798
27724 36543 1273
27684 36490 1896
27808 36607 1870
27750 36553 1848
27657 36420 2109
27631 36333 1856
27999 36837 1430
26905 35392 1225
27737 36562 1808
27806 36585 1920
27777 36601 1197
27818 36623 1187
27709 36516 1737
27587 36404 1805
27727 36561 1658
27674 36411 1863
27666 36482 1775
27691 36484 1803
27748 36585 1226
27691 36496 1767
27663 36425 1857
27579 36324 1770
27748 36571 1779
27762 36554 1942
27430 36135 1738
27692 36433 1630
27755 36557 1496
27766 36630 1367
27814 36490 1385
26920 35417 1138
27771 36543 1801
27802 36462 1538
27731 36571 1868
27752 36583 1491
27748 36552 1118
27662 36455 1893
27694 36483 1741
27722 36509 2749
27647 36328 1773
27696 36438 1241
27751 36551 1206
27767 36620 1831
27774 36617 1939
27800 36443 1795
27753 36567 1757
27586 36326 1777
27888 36712 1195
27707 36555 1686
28142 36979 1755
27423 36155 1814
27641 36436 1947
27624 36391 2162
27394 36137 1116
27711 36434 1900
27701 36487 1646
27650 36439 1899
27757 36595 1954
27748 36561 1251
27743 36492 1708
27600 36263 1781
27768 36599 1899
