22468 34212 1150
22505 34226 1801
22580 34300 2080
22513 34145 1621
22539 34238 1849
22485 34184 1792
22353 34026 1818
22467 34169 1736
22519 34161 1127
22559 34307 1176
22553 34279 1175
22555 34270 1621
22392 34094 1919
22354 34038 1774
22476 34167 1637
22508 34254 1737
22485 34185 1509
22463 34101 1777
22481 34202 1177
22462 34156 1817
22498 34132 1764
22499 34225 1623
22497 34236 1702
22464 34114 1796
22481 34182 1732
22482 34180 1764
22469 34128 1811
22495 34213 1933
22484 34183 1827
22493 34222 1764
22485 34184 1803
22491 34189 1893
22495 34128 1743
22491 34197 1818
22485 34182 1560
22384 34084 1798
22512 34256 1705
22496 34220 1850
22392 34124 1734
22516 34169 1702
22502 34211 1911
22568 34293 1768
22510 34169 2792
22570 34297 1632
22481 34179 1818
22501 34235 1695
22502 34174 1642
22495 34218 1279
22484 34181 1949
22464 34115 1204
22375 34075 1141
22531 34226 1265
22468 34116 1686
22357 34045 1721
22489 34192 1195
22441 34191 1908
22470 34119 1155
22498 34223 1219
22508 34252 1758
22468 34147 1213
22466 34117 1926
22484 34182 3517
22478 34175 1174
22387 34077 1160
22487 34198 1739
22501 34240 1764
22493 34204 3129
22494 34214 1817
22468 34129 1663
22481 34183 1746
22452 34111 1901
22483 34169 1881
22463 34156 1969
22484 34185 2780
22490 34200 1700
22497 34131 1738
22556 34279 1200
22464 34106 1123
22506 34247 1202
22555 34295 1636
22483 34207 1683
22551 34271 1753
22391 34088 1740
22466 34158 1784
22543 34251 1740
22481 34156 1095
22502 34227 1695
22440 34066 1350
22489 34203 1913
22540 34241 1738
22503 34180 1620
22482 34180 4286
22481 34154 1899
22498 34208 1125
22471 34120 1726
22485 34197 1692
22356 34030 1110
22532 34230 1352
22513 34203 1757
22482 34181 1739
