12313 25862 1199
12279 25728 2213
12183 25455 1163
12171 25503 1230
12476 26396 836
12355 26045 1259
12365 25979 1231
12308 25869 1260
12384 26022 1154
12339 25962 1110
12153 25368 1231
12116 25233 750
12263 25726 1151
12366 26013 1220
12328 25925 1122
12207 25585 986
12375 25982 828
12344 25952 850
12250 25696 816
11946 24848 1093
12307 25837 1242
12127 25355 1217
12320 25838 6389
12290 25849 748
12204 25585 1220
12011 25069 1273
12261 25700 1143
12281 25734 758
12260 25679 1109
12203 25516 1232
12344 25892 1068
12316 25890 1253
12299 25781 1127
12407 26191 1219
12265 25749 1258
12309 25817 1241
12388 26106 1256
12301 25808 1304
12280 25772 1260
12061 25137 1167
12271 25755 1214
12331 25863 3197
12297 25780 1255
12353 25944 1223
12190 25628 1182
12295 25753 1251
12108 25289 1270
12331 25845 1710
12186 25444 1283
12277 25790 1296
12144 25424 1288
12146 25354 3589
12169 25434 1313
12074 25173 1210
12238 25686 817
12301 25823 1255
12316 25895 1262
12309 25830 1264
12152 25427 1181
12273 25672 1326
12167 25433 1282
12310 25907 743
12375 26020 1119
12326 25867 1233
12227 25642 1215
12302 25803 1074
12343 25940 1133
12192 25557 1115
12298 25793 1182
12228 25664 765
12368 25956 1215
12385 26096 1067
12315 25846 822
12348 25971 1254
12449 26336 819
12309 25784 1347
12311 25838 1355
12142 25452 1142
12340 25907 1185
12262 25703 1240
12216 25591 1074
12272 25741 864
12206 25588 1240
12284 25788 1154
12048 25131 1079
12268 25761 1201
12214 25600 1156
12314 25840 1218
12180 25513 1137
12316 25872 1225
12175 25478 1142
12275 25695 1163
12207 25601 1248
12399 26159 1552
12315 25846 989
12302 25822 1210
12351 25915 1259
12337 25942 1331
12158 25454 1435
12236 25659 1109
