30855 39853 2120
30734 39733 1978
30311 38905 2108
30829 39706 1890
30148 38756 1320
30206 38627 2188
30890 39778 3210
30922 40072 2102
30556 39572 1967
30522 39444 2032
30718 39559 2164
30651 39480 2470
30937 39941 2162
30454 39375 2446
30595 39440 2139
30676 39630 1956
30102 38657 1937
31041 40116 2219
30661 39657 2092
30694 39707 1724
30725 39644 1965
30200 38977 1886
30311 38935 1630
30429 39331 2090
31074 40263 2292
30630 39549 2137
30940 39934 2063
30791 39785 1649
30308 38931 2173
30510 39268 2149
29907 38381 3057
29427 37795 1944
30683 39745 5329
30491 39445 2256
30808 39855 2168
28797 36971 1857
30457 39170 1493
30716 39587 2020
30710 39546 1377
30731 39846 2378
29979 38689 1992
30448 39250 2120
30683 39523 2051
30652 39623 2059
30531 39486 2164
30798 39739 1919
30754 39659 1363
30430 39361 2075
30570 39247 1987
30529 39440 2254
31107 39986 2237
31062 40077 2057
29734 38209 2009
30708 39820 2267
30313 39015 2824
30661 39640 2050
30800 39818 1658
29449 37931 1971
29924 38644 1980
28839 37172 1233
29894 38397 2134
30530 39300 2144
30993 39940 2312
30692 39610 2227
31029 40089 2216
30675 39709 1481
30539 39575 2139
28647 36724 2023
30640 39721 1567
28279 36469 1251
30017 38596 1953
30340 39146 2117
30553 39393 4283
30322 39060 1484
30494 39427 2223
30842 39981 2179
30218 38926 2188
30375 39092 1940
29491 38144 4032
29872 38424 2063
30467 39320 2333
30396 39196 1426
30856 39786 2109
30430 39272 1305
29176 37673 1956
30551 39551 2061
30638 39505 2073
30645 39599 1538
30360 39218 2905
30855 40016 1344
30596 39414 1316
30500 39303 2283
30886 40099 1628
30269 39072 1374
30322 39132 3114
30547 39335 5310
30364 39135 2258
30752 39794 2256
30598 39563 1320
30195 38897 2074
