77370 156165 7155
77131 155709 7603
78079 158048 7518
78438 158397 7865
76872 155144 11756
78125 157735 7698
76576 153979 7429
76956 155092 6847
78615 159366 7207
76004 152280 5227
78550 158746 4733
78670 158766 10492
78513 158633 7219
78891 160066 7499
78154 158096 9879
77169 155314 6497
64957 130083 5426
78027 157073 8112
77832 157173 7568
78132 157110 7521
76700 154344 5079
77050 154689 7367
76962 154907 7938
76828 154200 7832
77855 157159 8472
77829 156964 9251
78346 158423 8167
78594 158834 7764
76781 154417 7476
77573 156486 8205
76978 155195 6999
79531 161462 6319
77978 157793 5220
66010 132640 4032
76611 154491 7065
78575 158789 5647
77720 156701 7777
76893 154800 5641
66227 133136 6164
74345 149417 7339
77118 155644 11574
78838 159374 10732
77693 156952 6397
78371 158220 5166
77627 157166 7923
76498 154258 7450
78726 159336 8661
78150 157722 8614
75693 151988 7100
78914 159502 9401
77682 156682 10473
75741 152149 7763
77830 157063 8159
77691 156574 7608
77046 155280 11149
77966 157221 8323
78676 158769 8220
77081 155216 9546
73577 147657 7902
74656 150176 4685
77290 156420 7591
78114 157226 8925
74307 149712 8022
77458 156286 10354
78138 157873 7829
76831 154573 11378
78501 158784 5496
78073 157557 8073
76716 154338 7791
78000 157583 8546
76529 153789 7774
77435 155726 7216
77956 157083 7982
76315 153748 7516
78524 158501 6858
77695 156897 7564
77088 155454 4911
78903 159147 6050
78448 157997 6921
76180 153452 5612
76415 153996 5736
63819 127937 6182
78321 158487 7453
74212 149501 4439
78875 159593 7284
78856 159506 8108
78312 158286 9743
77998 157361 7778
76905 155023 9123
73899 148929 8574
77306 155612 8239
78304 158193 8134
78138 157602 8641
76684 154778 14403
77667 156236 8730
79136 159822 8279
78444 158078 8426
78790 159276 6235
78603 158675 10087
77488 156822 8042
