61832 126738 5689
61690 126496 5019
66112 135812 6030
66184 135812 5928
64446 131731 4153
66232 135705 9189
66481 137123 9293
65342 133886 7132
66123 135766 4044
66290 135979 5798
66293 136218 5768
66330 135955 5833
65947 135776 4457
66011 135425 5455
65974 135703 6579
66048 135466 6180
66137 136255 9071
65916 135225 5835
66573 136607 6117
65750 134895 4023
66046 135453 4120
65957 135370 5904
66370 136314 6155
66187 136240 6084
66099 135578 9166
65760 134837 5320
65330 134538 5913
65816 135093 11555
66627 136949 6520
66019 135408 5812
66132 135670 9447
66290 135894 6247
66238 135939 5747
66310 136053 6296
66189 136434 3879
50919 103386 4427
65393 133960 3903
66116 135555 6204
65103 133292 3860
65957 135219 6394
66014 135368 6802
66320 136081 5974
66068 135452 6528
65583 134209 5085
65359 134674 8229
66345 136260 5957
66251 135872 6365
65896 135022 6429
65549 134303 5557
65089 133472 5718
66256 135784 6023
63220 130155 6432
64939 133639 9839
66119 135566 6450
66818 137268 6269
65562 134264 4511
66074 135578 5485
66134 135685 5771
66109 135565 4059
66052 135594 4361
66365 136247 5822
66009 135653 6204
66100 135684 6334
65928 135228 9529
66520 137040 6324
66086 135525 5821
65720 134777 6270
66170 136225 6970
65787 135010 5695
64880 133265 5982
65855 135212 3961
65878 135030 6219
66674 137121 8621
66442 136918 7007
66222 135755 9172
65974 135407 5781
66404 136281 5926
66098 135577 5518
62034 127356 5121
65757 134878 7800
66511 136542 6347
66007 135638 6260
65720 134740 7458
66196 135835 6322
66155 135623 6978
66312 136273 6383
65290 134391 5870
65736 134773 5060
66179 135755 10161
65904 135119 3893
66156 135703 3937
65684 134693 6114
66266 136163 5536
64595 132963 5602
65986 135251 4174
65476 134168 5522
66459 136611 3865
66003 135662 6109
65535 134186 3998
66637 136927 4701
