53091 73134 2738
53099 73089 3599
53493 73510 3831
53171 73220 3865
49466 67933 3813
52974 72830 3671
52414 71825 3785
53335 73466 3647
52517 72076 3892
52991 72924 3946
52817 72693 4107
52833 72574 4077
52858 72643 4137
53333 73308 3759
52700 72682 3751
53809 74217 4094
54080 74475 6280
53636 73985 3847
52905 72585 3925
53993 74266 4054
52463 72077 3652
53754 74267 3836
53462 73646 3736
53454 73343 3886
53499 73743 5618
53567 73632 3991
53380 73633 4276
52159 71448 7091
52604 72284 3820
52311 71630 4117
48798 66796 3504
53175 73342 3913
53364 73588 3688
53551 73585 5085
53235 73454 3764
53413 73498 4316
52739 72660 4328
53842 74166 2515
50048 68753 3233
51654 70889 5090
52937 72994 4168
53273 73376 3692
52879 72839 2410
53092 73135 4157
52582 72425 4776
53292 73460 2600
52856 72692 3984
53253 73017 2505
52900 72510 2430
53202 73123 3652
53156 73022 3735
52081 71612 3353
53005 72865 2738
53991 74467 3708
53394 73577 3628
49542 67943 3711
48993 67106 2334
52129 71611 3639
51955 71167 2452
53263 73232 3825
52925 72595 3628
52882 72736 3228
52501 72108 4011
52186 71404 3682
52857 72633 3450
53736 74210 3505
54004 74404 3560
53195 73169 4441
53356 73656 3717
52730 72489 4259
53066 73040 3686
53417 73465 3313
54588 75823 4072
52889 72690 3706
52438 72046 4028
53433 73592 3826
53565 73957 4000
53621 73924 4201
53561 73879 4511
52800 72565 3860
53459 73507 3779
52985 73064 3636
53247 73158 4912
52895 72834 5220
53587 73816 3509
53363 73407 3771
52946 73038 3166
53665 73809 3829
53831 74379 6215
53073 73096 2536
53442 73541 3666
52840 72556 3925
54005 74595 6835
53568 73890 2643
53777 74110 4066
53048 73069 2655
53076 72964 3458
52505 71980 2496
54078 74638 4339
52790 72499 3040
