44929 64563 4391
45146 65030 3871
44783 64438 3355
44943 64682 4380
44832 64515 4113
45082 64876 3561
45178 65053 3117
45178 65052 2536
45245 65122 3504
45067 64883 10849
45168 65046 4386
45205 65125 2684
45186 65086 4840
45233 65153 4029
45151 65003 6070
45173 65051 4160
45175 65036 4119
45091 64849 3955
45182 65057 3884
45028 64835 3101
45176 65066 5155
45168 64994 4869
45025 64727 3495
45190 65078 4116
45183 65007 6043
45208 65070 4080
45166 64995 8207
45034 64773 5726
45247 65149 4203
45072 64908 4300
44883 64564 2872
45210 65101 3423
45220 65124 2565
45209 65074 2587
45200 65100 3580
45063 64920 3833
44908 64558 3508
45230 65148 2275
45178 65065 2383
44826 64408 4242
44821 64423 2521
45177 65066 5081
45030 64853 2366
45142 64955 3192
45058 64797 3591
45050 64870 2955
45183 65063 2408
45285 65230 5535
44852 64419 6931
44884 64534 3528
45167 65055 4076
45155 64979 3931
45077 64954 7782
45250 65168 4148
44892 64588 2793
45188 65081 3899
44877 64524 3958
45184 65058 2980
45177 65039 3716
44857 64575 5401
45006 64716 3685
45063 64802 3816
45232 65134 3713
45084 64972 3331
45201 65078 3417
45077 64832 3464
45050 64863 3235
45182 65089 3829
45073 64830 2769
45206 65105 4411
45092 64869 2491
45039 64738 5503
44965 64604 2870
45221 65131 3593
45181 65056 2428
45043 64856 2437
45202 65114 3526
44965 64722 3562
45185 65072 3364
44877 64535 4043
45182 65056 2376
45116 64881 3557
45063 64908 2397
45171 65056 2483
45186 65079 3554
45200 65076 3683
45076 64961 3465
44831 64446 2688
45301 65213 2906
44992 64744 2149
45100 64905 2358
45058 64822 2425
45171 64985 3600
45356 65286 6185
45257 65167 3256
44994 64682 2383
45177 65038 2332
45119 65024 2221
44971 64740 3819
45120 64895 3258
