52127 73101 3322
52259 73341 3035
52159 73124 3235
52134 73126 3185
52215 73247 3561
52070 72993 3229
52038 72995 3345
52096 73085 3484
52489 73566 2730
52089 73059 3591
52097 73042 3034
52183 73190 3683
52218 73225 3234
52117 73098 3427
52164 73144 3320
52104 73029 3206
52180 73185 4896
52346 73288 3919
52167 73145 3528
52123 73057 3152
52291 73390 3337
52079 73019 2185
52186 73183 3345
52351 73366 2322
52175 73124 3691
52133 73150 2315
52175 73190 3584
52363 73276 2263
52507 73563 3157
52090 73023 3178
52222 73300 3752
52047 72973 3696
52188 73179 3378
52108 73100 3658
51908 72997 3939
52165 73199 3805
52119 73073 3837
52292 73345 3692
52132 73074 8011
52060 72970 2757
52310 73245 3670
52110 73093 3522
52197 73175 3191
52377 73310 3677
52182 73172 2848
52211 73199 3235
52050 73090 3738
52389 73463 3438
52152 73107 3481
52474 73530 3614
52082 72980 3408
52395 73370 3607
52280 73379 3577
52157 73119 3409
52136 73162 3412
52143 73138 3184
52498 73534 3373
52171 73188 3681
52082 73062 3444
52104 73128 4933
52168 73128 4900
52066 72960 2449
52015 72967 3700
52406 73406 2383
52161 73152 3353
52059 72965 2094
52104 73055 3193
52174 73157 3804
52364 73373 2860
52161 73104 2158
52148 73145 3576
52063 73039 2842
52173 73129 2292
52142 73106 3584
52146 73166 2981
52242 73258 3490
52150 73099 3282
52296 73254 3455
52114 73044 3354
52354 73378 3280
52103 73094 3398
52388 73416 3174
52361 73327 3350
52177 73193 3541
52074 73006 3575
52069 73074 3353
52398 73358 5616
52085 73019 3410
52059 73069 3165
52107 73084 2400
52142 73093 2391
52133 73120 3134
52122 73053 2137
52089 72993 3270
52019 72945 3435
52094 73027 2444
52107 73063 3547
52375 73316 4139
52133 73091 3777
52138 73171 3666
