59566 122808 6240
59416 122526 9308
60946 125748 4545
60730 124920 4082
60524 124657 7386
60139 124096 9779
59908 123462 6192
59745 123152 6216
59824 123242 3792
60620 125365 5717
60771 125053 5773
59850 123538 6128
60728 124884 5666
60580 124887 5821
60817 125355 6407
61607 127296 5589
60412 124233 5619
60771 125101 5948
60448 124786 5180
60696 124919 7417
59712 123117 6314
60711 124916 4179
59490 122489 6959
59769 123273 5951
61573 127338 5158
61021 126118 5600
61503 127123 5855
59545 122694 4317
60854 125222 7354
59742 123249 6789
60693 125025 8642
60903 125656 5740
59766 123265 4414
60876 125598 5444
59422 122361 5357
60614 125349 9884
60716 125122 5898
60749 125088 5526
60795 125063 7301
59810 123370 6238
60491 124504 5426
60774 125100 6655
60752 125059 3840
60605 125274 6326
60706 125182 6125
60725 124928 7077
60720 125016 6781
60716 124948 8154
59723 122945 7838
60753 125034 4536
60627 124634 4887
59634 122917 6143
60598 124898 6841
60722 125086 3804
60399 124327 5731
60691 124763 8429
60929 125511 6199
60566 125143 6113
60561 124865 5496
60829 125325 6118
60778 125289 3600
60737 125015 4291
60265 124186 6513
60737 124950 5909
60442 124593 8472
60768 125061 13698
59508 122679 10274
59537 122686 5865
60783 125220 5861
60200 123929 8808
60722 124994 6211
60735 124932 5905
60571 124598 5785
61361 126719 6900
60784 125146 3904
61563 127343 6529
59474 122416 7358
60800 125244 5985
59671 123020 11760
59814 123462 5639
60790 125266 6905
60561 124481 5329
60787 125181 6387
64299 132356 6496
60554 124529 3625
60614 124634 8461
59821 123415 5107
60772 125147 6127
60393 124605 6819
60679 125161 5607
61536 127066 9613
60337 124277 5281
60618 125038 5335
59736 123172 5504
61484 127003 5502
60654 125463 5781
60651 124986 4410
60622 124620 5394
60661 124714 4122
59516 122620 6011
