27553 38032 3705
27083 37221 1345
27666 38429 1543
27251 37818 2145
26857 36982 1822
27523 38013 1917
27475 38021 1881
27528 38128 5044
27535 38160 2204
27562 38016 1685
27010 37139 1624
27900 38620 2108
27431 37782 2046
27562 38016 1953
27230 37617 2062
27305 37854 2157
26880 37387 2018
27784 38523 2171
27573 38043 2065
27748 38480 1492
27572 38148 1821
26970 37259 1328
27537 38024 1923
27437 37924 2224
27575 38251 2419
27815 38526 1986
27304 37686 1763
27845 38557 1947
27644 38275 2054
27469 37846 1320
27029 37288 1977
27520 38173 1912
27135 37440 2064
27904 38815 1875
27527 37992 1943
27563 38194 2052
27196 37498 2173
26766 36742 1886
26874 37149 1625
27248 37564 2031
27763 38294 1435
27788 38436 1930
27430 37949 1951
27638 38393 2025
25669 35384 1719
28007 38864 1296
27675 38394 1807
27785 38621 1287
27754 38479 1559
27289 37616 1404
27178 37425 1885
27813 38485 2015
27586 38204 1393
27991 38678 1777
27095 37463 1956
27168 37415 1932
26879 37109 1420
27767 38408 2147
27135 37444 2125
27329 37834 1948
27155 37441 1946
27451 37982 2018
27473 37877 1374
27561 38198 1469
27981 38907 2194
27132 37419 2146
27613 38174 2138
27196 37341 2231
26740 36722 1895
27411 37857 2048
27493 37960 1965
27520 38237 1988
27924 38751 2056
27618 38221 1992
27694 38420 2081
27269 37733 2608
27128 37385 1963
27403 37891 2349
27548 38133 1345
27831 38582 2065
27360 37726 1996
27161 37499 2033
27529 38015 2245
26721 36655 1972
28050 38723 2009
26989 37285 2083
26091 36086 1684
27031 37337 3620
27528 38072 2089
27718 38239 1961
27308 37783 2087
27706 38416 1467
27364 37895 2154
27314 37682 1483
27677 38387 2033
26571 36541 1886
27318 37681 2145
27214 37730 2003
27596 38233 3264
27110 37633 1902
