54153 90467 4204
54307 90762 6213
54528 91166 2629
54621 91561 3884
54639 91525 4073
54661 91575 4484
54560 91329 4112
54129 90383 4516
54597 91216 4118
54470 91004 4789
54443 90917 2943
54668 91348 4175
54485 91111 4515
54165 90520 5041
54633 91525 3769
54746 91480 5566
54455 90952 5048
54273 90738 2714
54654 91343 4416
54558 91190 4065
54538 91144 2947
54183 90475 3521
54462 90961 3639
54428 90887 4264
54635 91267 5051
54481 90978 3326
54473 91003 3413
54459 90963 4316
54460 90960 3276
54138 90480 4499
54454 90952 3860
54471 90968 4147
54111 90391 4965
54315 90779 4509
54449 91078 4310
54677 91612 3432
54343 90980 4235
54656 91296 3613
54432 90931 2818
54438 90937 4180
54445 91165 3538
54397 91048 2742
54671 91368 3054
54633 91523 4227
54436 90969 3816
54104 90384 4132
54467 90986 3334
54571 91176 3464
54320 90857 4158
54602 91222 2868
54475 91023 4255
54434 90904 4559
54528 91234 2748
54461 91208 4456
54172 90541 4870
54272 90744 3909
54578 91169 4611
54498 90959 4446
54516 91112 4690
54453 90949 2999
54554 91146 4671
54560 91286 5207
54422 91063 4368
54249 90680 4862
54425 91071 3783
54122 90421 10833
54692 91665 4632
54719 91439 4068
54533 91141 11104
54119 90434 3886
54570 91392 4344
54423 90856 4118
54478 91019 4433
54687 91438 3122
54262 90701 2901
54463 90995 4455
54601 91213 3655
54122 90421 4528
54456 90966 4420
54427 91111 2812
54487 91041 5802
54621 91263 6258
54654 91294 3324
54515 91114 9014
54388 90965 4296
54477 90976 4656
54336 90905 4983
54487 90935 6146
54704 91416 4407
54417 91188 4917
54433 90901 4659
54560 91194 5233
54483 91101 3842
54486 91022 8381
54739 91474 4375
54157 90463 3295
54558 91222 4444
54680 91445 4730
54646 91274 3194
54379 91040 2920
