60147 91503 4756
60193 91447 3824
60262 91657 5135
60197 91540 4448
60096 91448 6145
60189 91461 4634
60221 91766 4721
60308 91899 2859
60177 91417 5421
60326 91914 4886
60269 91879 3109
60232 91608 4532
60281 91709 4637
60236 91597 4356
60258 91674 4505
60168 91476 4569
60222 91754 4654
60133 91473 5344
60253 91810 4342
60332 91804 4472
60216 91738 2983
60169 91544 4208
60140 91488 4467
60247 91630 5142
60205 91540 7216
60206 91752 4774
60180 91557 4478
60310 91899 3066
60205 91761 3470
60188 91759 5346
60349 92036 4636
60216 91605 4166
60193 91549 4871
60321 91741 4662
60201 91481 4991
60306 91917 4859
60124 91478 5126
60266 91620 4863
60257 91634 4367
60175 91544 4985
60237 91630 3617
60332 91758 4435
60113 91475 3952
60270 91921 3257
60042 91283 3502
60142 91539 3205
60223 91630 3818
60267 91605 5094
60170 91524 4593
60199 91472 4594
60230 91572 4434
60238 91778 3345
60393 92019 3821
60217 91546 6582
60324 91723 4319
60233 91572 4522
60143 91452 6217
60199 91527 3265
60169 91479 3029
60203 91544 5767
60322 91984 4634
60283 91887 5178
60230 91575 4962
60062 91296 4661
60190 91588 4206
60176 91548 4655
60172 91512 4651
60233 91592 4610
60338 91993 5634
60196 91526 4853
60301 91925 4883
60244 91623 3129
60260 91666 6857
60185 91533 4468
60239 91782 3058
60255 91653 4282
60240 91800 3067
60123 91366 5048
60148 91424 4317
60207 91774 4733
60225 91571 4656
60294 91922 4488
60290 91907 4545
60132 91382 4690
60252 91646 7402
60327 91772 4612
60080 91381 4599
60247 91612 4377
60168 91730 5083
60234 91885 3448
60208 91485 7490
60242 91628 6613
60336 91972 4059
59974 91209 2861
60200 91828 3002
60584 92158 2653
60315 91660 4415
60296 91904 5210
60166 91720 4540
60134 91407 4814
