2231 3701 182
2237 3731 194
2208 3630 173
2222 3674 187
2237 3718 200
2224 3686 186
2227 3703 179
2221 3676 185
2206 3635 183
2219 3674 191
2217 3689 185
2211 3639 184
2220 3668 184
2214 3667 183
2217 3652 251
2222 3678 126
2284 3815 183
2220 3657 125
2292 3866 198
2225 3685 204
2218 3666 180
2210 3630 296
2217 3662 210
2238 3730 180
2220 3670 202
2226 3706 160
2217 3650 207
2220 3673 245
2218 3663 190
2218 3667 192
2213 3649 199
2223 3685 200
2289 3844 158
2213 3644 176
2287 3828 185
2203 3658 190
2221 3674 120
2231 3698 186
2211 3642 309
2222 3675 197
2290 3855 179
2240 3729 204
2212 3649 178
2219 3682 168
2217 3670 180
2234 3719 172
2220 3660 171
2292 3858 206
2239 3720 194
2235 3721 542
2221 3663 215
2214 3646 190
2209 3652 195
2214 3641 179
2217 3667 179
2214 3655 174
2215 3642 197
2216 3653 167
2217 3651 184
2285 3829 188
2224 3669 199
2221 3686 238
2215 3670 191
2216 3651 118
2215 3653 120
2244 3737 349
2288 3835 199
2216 3658 183
2220 3668 195
2229 3696 162
2223 3682 189
2213 3668 204
2242 3741 180
2292 3851 172
2212 3666 199
2219 3680 193
2217 3650 190
2277 3819 204
2283 3812 207
2231 3715 194
2241 3734 204
2217 3658 185
2225 3677 183
2281 3814 183
2221 3679 191
2282 3815 212
2284 3822 198
2215 3649 151
2228 3700 166
2224 3684 172
2284 3835 164
2215 3660 200
2220 3668 186
2227 3700 191
2287 3823 205
2216 3658 159
2215 3648 170
2230 3708 176
2226 3683 168
2230 3709 193
