68416 108110 5239
68441 108144 4976
68320 107997 4485
68461 108189 5076
68418 108097 6395
68182 107594 5193
68402 108125 5118
68318 107918 4970
68012 107461 5337
68379 108152 5514
68320 108017 3413
68451 108173 4109
68450 108184 5192
68444 108259 5409
68334 107955 5307
68429 108226 3178
68408 108103 5910
68205 107615 3276
67814 106880 5061
67777 106905 5106
68352 108092 5699
68060 107435 5102
68370 108051 5543
68544 108245 5461
68423 108149 5291
68711 108662 5437
68313 108002 5258
68404 108192 5088
68229 107692 6503
68333 107930 5475
68051 107363 4598
68331 107904 5053
68304 107769 4430
68270 107932 8501
68362 108069 6213
68421 108138 5833
68217 107592 7835
68178 107653 4915
68715 108670 5660
68354 108064 6065
68300 107906 6662
68059 107446 4633
68128 107478 5940
68123 107431 4204
68355 108047 5271
68067 107396 3623
66822 105331 10445
68281 107876 5305
68355 108104 5797
68398 108197 5596
67899 107297 3380
67832 106962 4802
67876 106962 5146
68198 107609 4938
68326 108035 4112
67727 107172 3379
68015 107325 4366
68173 107614 5616
68303 107720 5544
68440 108194 5552
68990 109035 5534
68012 107306 5019
69031 109197 5473
68329 107968 6625
68047 107354 8305
68028 107331 3322
68435 108181 4373
68042 107379 5314
68690 108505 7405
68320 107828 5562
68354 108013 5121
68314 107933 3736
68234 107746 4712
68431 108178 5073
68406 108085 4031
68326 107936 3752
68172 107669 3436
68357 108082 4149
68085 107630 5597
68321 107993 6850
68392 108089 3515
68405 108142 4365
68420 107983 5151
68328 107912 5492
68302 107869 3414
68450 108197 3928
68345 108048 5909
68926 108936 9018
68441 108178 3379
68438 108190 4242
68204 107696 5737
68272 107732 5695
68314 107921 5620
68536 108324 8041
68055 107412 7170
68399 108098 5441
68453 108205 5494
68447 108221 5226
68394 108165 5169
68708 108534 5512
