9797 20057 965
10961 22900 1091
10706 22356 895
10499 21825 1024
10661 22101 1156
9874 20448 926
11034 23033 1119
10057 20689 944
10677 22342 801
11119 23353 1119
10900 22881 1176
11019 23077 691
10895 22726 1093
10704 22317 899
9238 19058 921
10771 22481 1087
10536 21761 4533
11282 23751 1141
10303 21282 956
10712 22178 1083
10227 21062 1102
11318 23881 1302
11014 23018 803
10807 22488 1211
10679 22166 976
11061 23145 1193
10760 22312 1155
11056 22974 1143
10899 22701 843
10668 22133 705
10712 22174 742
10849 22614 1082
10756 22459 1166
10986 23038 1078
10688 22192 1035
10178 21044 941
10902 22689 1137
11628 24621 1220
11011 23006 1058
11152 23308 1192
10428 21481 942
10979 22887 1110
9989 20452 670
10476 21775 708
11016 22968 1231
10887 22590 1097
10890 22704 1006
9843 20173 770
11110 23308 770
10275 21223 721
10900 22799 1017
11019 22912 1109
11105 23458 1270
10480 21756 1103
10945 23032 1168
10892 22745 1170
10567 21885 1144
11089 23294 1273
10166 20898 1145
10976 22869 1141
10645 22115 1190
10520 21982 1351
10998 22893 1087
10290 21334 1058
10657 22138 1072
10939 22845 970
11122 23363 1536
10861 22657 690
11070 23253 992
10811 22498 630
11147 23372 1043
10723 22235 955
11205 23495 920
8686 17821 702
10693 22378 840
10814 22655 806
10829 22519 989
10711 22198 1046
10496 21874 962
11108 23246 973
10923 22843 1138
10851 22595 1158
10521 21852 1085
9504 19782 1760
10843 22715 5574
10546 21903 1135
10582 21798 1133
11042 23158 1191
10900 22713 1064
9310 19274 1137
11006 22946 1133
10485 21629 1177
10799 22445 1036
11115 23159 1135
10193 20858 995
10181 20991 1017
11125 23162 1123
10267 21188 1071
10913 22821 1078
10736 22243 1107
