12904 20702 1073
12867 20658 945
12874 20713 1096
12887 20764 675
12875 20638 872
12943 20810 916
12878 20691 1135
12938 20755 1007
12870 20678 1088
12610 20174 1026
12905 20723 730
12942 20777 820
12939 20775 1051
12854 20622 1160
12957 20837 1025
12834 20604 989
12971 20828 1227
12892 20684 985
12673 20272 919
12962 20819 949
12729 20395 658
12724 20401 1058
12928 20815 988
12607 20173 949
12621 20205 834
12850 20585 948
12610 20170 1032
12957 20825 927
12607 20156 1001
12910 20721 1109
12615 20164 1042
12881 20677 1131
12952 20781 1141
12607 20164 1046
12604 20150 1025
12867 20672 1074
12612 20169 1019
12948 20806 1052
12623 20187 685
12937 20773 994
12880 20693 1074
12610 20176 966
12852 20634 1199
12956 20816 965
12855 20626 1008
12595 20170 1066
12616 20180 1066
12610 20153 920
12610 20167 1013
12971 20861 5026
12665 20241 1130
12924 20732 966
12597 20162 1055
12951 20818 650
12971 20843 1064
12736 20413 1006
12884 20608 1046
12893 20742 980
12608 20133 1256
12874 20683 1056
12674 20276 1292
12954 20828 946
12615 20168 1035
13064 20993 969
12888 20656 964
12888 20680 1064
12896 20692 995
12881 20682 974
12605 20136 662
12875 20684 897
12962 20798 1153
12988 20916 920
12968 20823 1009
12616 20171 1038
12622 20193 1001
12898 20676 1045
12887 20695 1102
12894 20707 652
12888 20648 717
12590 20135 894
12842 20606 904
12938 20790 969
12881 20666 925
12950 20805 1029
12936 20778 996
12602 20175 921
12611 20175 916
12906 20735 1640
12888 20678 721
12614 20163 1040
12621 20198 1506
12619 20179 859
12934 20803 974
12884 20668 958
12959 20827 887
12613 20152 916
12874 20649 973
12614 20179 5134
12614 20155 979
12601 20151 1008
