69035 114706 6259
69077 114779 3678
69381 115169 3689
69274 114949 4851
69381 115160 4761
69202 114796 3899
69036 114688 5475
68827 114316 5818
68691 114164 5481
69126 114650 5717
69269 115028 5679
69341 115102 5679
69377 115153 4164
69388 115197 3708
69266 115005 4442
69186 114768 3896
68767 114265 5256
69226 114778 5652
69243 115094 5463
69393 115240 5564
69416 115539 7049
69293 115280 5440
69384 115178 5843
69325 115044 5355
69321 115062 5361
69196 114801 3930
69344 115107 6369
69208 114856 5123
68820 114291 4521
68744 114016 5210
69167 114711 5144
69408 115236 5917
69397 115196 5632
69298 114974 3669
68918 114425 5639
69266 114922 3765
69088 114545 5895
69393 115223 7652
69307 115023 5039
68777 114277 3551
69324 115061 5988
69021 114688 6130
69343 115089 4029
69302 115045 3930
69243 114916 6677
69372 115140 5911
69276 115237 6160
69402 115209 5779
69058 114713 6581
69418 115270 5298
69324 115071 7374
69386 115221 5594
69386 115162 4247
69034 114710 3799
68971 114602 3731
69339 115082 5198
69069 114577 3658
69424 115322 5389
69393 115198 3838
69346 115474 5471
69428 115267 3491
69145 114672 3700
69402 115245 8281
69070 114882 5712
69417 115555 5070
69015 114726 8177
69357 115510 5083
69052 114485 8929
68982 114572 3910
69378 115158 6410
69422 115548 5669
69204 114818 4767
68893 114640 6048
69403 115224 5289
69196 114821 5907
69050 114740 5515
69347 115111 5949
69067 114763 4287
69359 115112 3607
68971 114716 4524
68654 114003 6068
69387 115310 4219
69364 115122 3706
69207 114893 4219
69037 114713 7617
69200 114799 4293
69117 114929 7730
69144 115094 3652
69101 114564 5975
69404 115209 5733
69280 114938 5436
69125 114609 5539
69256 114954 8777
69102 114921 3974
68824 114342 5298
69483 115426 3811
69320 115402 5574
69382 115526 5582
69406 115241 3809
69405 115542 5851
