22295 30840 1566
22639 31510 1577
22647 31542 1192
22853 31760 1682
22533 31124 1513
22631 31305 1797
22582 31285 1106
20932 28990 1600
22714 31401 1671
22549 31291 1579
22159 30501 1673
22511 31247 1971
22247 30885 1239
22269 30843 1558
22054 30488 1601
20710 28647 1404
22224 30713 1742
22448 31023 1877
22002 30410 4106
22496 31172 1686
21121 29218 1741
22589 31155 1766
22678 31371 1148
22323 30975 1732
22238 30813 1511
22305 30995 1719
22801 31647 2071
22249 30709 2014
22711 31526 1809
21883 30129 2533
22657 31502 1756
22335 30873 1793
22261 30758 1739
22938 31874 1305
22296 30746 1827
22718 31576 1145
21967 30332 1293
22103 30661 1675
22531 31264 1319
22521 31111 1090
22250 30624 1512
22762 31692 1077
22539 31191 1464
22907 31812 963
22477 31197 1046
21070 29034 1470
22970 32028 1631
22433 30994 1657
22607 31092 1650
22837 31700 1504
22773 31640 1660
22914 31871 1824
22362 30903 1747
22411 31162 1827
22109 30413 1489
22702 31530 1747
22428 31026 1578
22262 30630 1628
22641 31288 1897
22986 31854 1723
22600 31203 1650
22077 30534 1300
20795 28712 1898
23036 32193 1169
22371 31041 1103
22676 31544 1977
22842 31688 1725
22747 31794 1592
22530 31108 1723
22687 31571 1645
22237 30821 1625
22527 31198 1575
22366 30994 1755
22677 31492 1635
22396 31049 1097
22110 30569 1771
22850 31787 1821
22972 31998 1653
22440 31066 1256
22900 31805 1720
22261 30820 1698
22908 31932 1682
22682 31638 1349
22614 31310 1633
22931 31837 1910
22413 31003 1494
22722 31500 1112
22676 31532 1704
22767 31600 1735
22765 31545 1796
23141 32362 1837
22479 31217 3743
22406 31037 1722
22724 31607 1925
22242 30920 1869
22828 31709 2057
22155 30446 1812
22468 31136 1167
22683 31359 2047
21139 29301 2119
