89914 184241 8158
84460 173698 8704
89995 184357 8498
90402 185429 5959
84168 172977 10235
84062 172713 8840
90095 184717 10388
86319 176721 12419
90291 185205 8365
90357 185358 10969
89485 183448 7697
90449 185574 7985
89922 184137 6577
90085 184783 7681
86139 176244 8457
91141 187154 12285
89709 183875 8946
84218 173090 7535
89984 184400 8756
90247 185183 7840
83840 172064 4911
71079 144091 4121
90191 184936 9127
90413 185534 5231
89743 183847 9623
90100 184799 9032
89352 183137 5919
90257 185139 8907
85796 175493 5216
86356 176798 8629
90602 186509 9044
90238 185133 8223
89702 183838 9541
89624 183633 8239
83859 172087 7922
90303 185195 13436
86272 176617 8228
90485 185663 10071
90918 186456 5277
91158 187012 5707
90173 185039 9012
90241 184949 8022
89695 183739 8632
90498 185743 8401
90362 185366 8195
85804 175440 5062
90592 185693 9316
86047 176167 5031
89847 184218 7844
89469 183328 8909
86298 176699 8102
90363 185340 8337
83901 172278 4708
86116 176132 4957
84298 173530 8445
90399 185415 10355
90629 186870 5775
86279 176630 7778
90209 184997 9178
90264 184895 9642
90916 186622 10363
86407 177049 7678
91112 187057 10135
90369 185434 8377
86146 176384 7280
90184 184877 9026
89945 184426 7961
89478 183387 8300
90049 184617 7349
90519 186519 10224
89502 183462 10162
90908 186579 8117
71488 144980 7994
83800 172011 9401
90366 185327 9242
90225 185014 8711
90321 185215 7854
89675 183760 9151
89470 183243 8424
86323 176718 8381
90315 186104 9286
90322 185300 5357
84099 172766 8157
86265 176548 6871
84111 172868 8165
91007 186660 8253
91033 186976 9212
90645 186029 9303
86090 176141 7683
84283 173245 4767
84079 172650 8788
84582 174202 7307
91175 187142 8695
86216 176495 5068
90450 185469 8745
89708 183940 8572
83808 171918 9843
90188 185010 8042
90247 185047 8547
84112 172782 8256
