55967 76787 4219
55753 76340 4445
56449 77440 4026
56160 76945 2780
56395 77610 3842
56151 77125 3904
55738 76595 2676
57111 78463 2830
56909 78461 2779
56060 76644 2961
55291 75835 2564
57259 79056 4304
56902 78555 4057
56473 77568 4738
56242 77248 2668
55978 76808 3006
56821 78118 4291
56779 78201 4149
56449 77649 4096
56241 77260 3771
56392 77444 3946
56336 77520 3851
56784 78279 4148
56139 77214 4341
56623 78070 5677
56551 77866 4208
57146 78394 3998
53281 73091 3252
55922 76729 3850
55862 76584 5163
56868 78662 4069
56809 78411 5264
57132 79119 3199
56690 78082 4498
56111 76997 2747
55681 76154 4006
56211 77492 3934
56380 77476 4645
56290 77662 4189
55953 76768 6195
56228 77135 4236
55591 76129 4589
56363 77628 6612
56953 78641 4588
57185 78609 4470
57037 78494 3866
55917 76794 4928
56791 78174 4415
55837 76641 3415
56767 78159 4030
56605 77851 3931
56837 78150 2834
56765 78232 4038
56906 78450 4361
56443 77511 2740
56093 77049 6083
57084 78533 6973
56143 77044 3639
56194 77585 4058
56882 78345 3357
56594 77931 4090
56397 77614 4252
56538 77888 2873
57086 78753 4073
56134 76973 4064
56138 77306 4157
56360 77304 4299
56910 78244 5363
55757 76862 2711
56596 78044 2726
56585 77726 3033
56060 77253 5993
56940 78396 9504
56814 78262 3974
56056 77076 4241
56887 78139 4275
56239 77463 3666
56029 76971 4506
55650 76303 4399
56157 77015 2796
57249 79047 4198
56504 77651 2750
56434 77696 3981
56124 77295 5526
56222 77402 2706
55708 76402 4337
56291 77023 3949
56748 78274 4284
56716 78093 4096
57186 78912 3917
55819 76739 3065
56100 77239 3687
56968 78501 3845
55824 76726 4316
53133 72964 3198
57180 78931 4328
55829 76471 5008
56474 77867 2715
56157 77180 3951
55974 76730 7841
