44152 56669 1889
41415 53061 2735
43730 56052 1744
44192 56814 1831
43451 55688 2733
44232 56757 3028
43708 56180 2697
43780 56211 3272
44153 56768 2738
44150 56809 2779
44632 57562 2894
44263 56899 1896
44163 56858 2903
43838 56445 2705
43584 55867 2840
43990 56524 2834
45018 58279 2123
44702 57520 2739
42497 54716 2669
44587 57453 3050
42171 54255 2783
42365 54362 2555
43540 55790 3084
43721 55990 2709
44245 56946 2218
43129 55211 2754
44002 56692 4204
44044 56507 2822
44010 56861 2730
44161 56804 2734
44095 56589 2772
43622 55864 2809
44029 56404 2855
44215 56895 2553
43848 56276 2700
44381 57131 2799
44229 57006 2752
43331 55530 2587
44082 56730 2618
44184 56794 2646
44210 56792 2956
43591 55991 2606
44190 56761 2753
43072 55075 2299
44546 57341 2827
44228 57005 2961
44155 56915 2839
43498 55666 1769
43879 56506 2905
44482 57123 2054
43896 56344 1845
43141 55504 1929
43878 56187 2780
44089 56662 2882
43544 55869 2478
44131 56839 2596
44365 57022 2998
45102 58273 2808
43651 55881 2819
44287 56928 2885
43595 55945 2880
43265 55568 2559
43659 56056 2347
43960 56667 2826
43826 56325 2535
44214 56611 2498
44108 56622 2350
44024 56719 1952
43144 55442 2785
44000 56400 3174
43603 55848 2691
43819 56139 1822
43877 56192 2801
44337 57080 2808
44054 56774 1953
43987 56669 2952
44906 58058 2752
44788 57642 3062
43890 56291 2859
44383 57135 2972
44928 57984 3126
44028 56506 2796
43927 56446 2952
43889 56325 2816
43342 55703 2005
44105 56691 2879
43839 56194 2625
43929 56168 2348
44628 57414 2990
43972 56524 2961
44550 57566 2803
43717 56045 2845
43878 56372 2743
44368 56891 2773
44256 56922 1860
43678 55903 1994
42580 54553 2991
41758 53630 2592
44288 57058 1832
43938 56308 3234
