6964 9793 532
6795 9526 510
6929 9693 520
6954 9771 530
6635 9250 511
7044 9892 529
6387 8896 480
6963 9834 570
7202 10190 573
7043 9896 544
7136 10072 355
6926 9724 379
6853 9525 338
6886 9673 406
6885 9728 576
6998 9848 1087
7147 10121 576
6499 9071 440
6775 9443 472
7008 9867 554
7031 9908 395
6899 9812 402
7075 10003 519
7149 10072 542
7041 9889 501
7076 10001 550
6787 9531 494
7149 10086 367
6608 9223 520
6848 9528 530
7075 9973 509
7006 9961 530
6964 9745 554
7006 9803 605
6995 9884 552
7156 10087 558
6820 9471 578
6927 9841 453
7197 10123 384
6831 9596 522
6741 9428 489
6623 9277 497
6822 9549 525
6877 9797 557
6790 9486 525
6888 9598 529
6898 9691 379
6829 9498 328
7060 9947 494
6913 9793 515
7178 10195 369
7005 9891 399
6828 9590 528
7020 9930 518
7380 10552 1118
6685 9299 332
6915 9664 517
7088 10057 517
7126 10139 472
7068 9929 461
7049 9906 454
6970 9857 498
7184 10104 352
6837 9497 488
6971 9800 473
7211 10253 512
6914 9627 518
6944 9846 367
7049 9918 418
6887 9645 558
6605 9198 504
7020 9867 494
6891 9636 505
6823 9588 349
6936 9788 350
6823 9631 359
6884 9692 515
6572 9215 424
6995 9829 472
6893 9665 480
6979 9914 510
7069 9957 541
7098 9980 525
7024 9831 516
6979 9811 600
7251 10343 537
6836 9589 521
7118 10047 520
6936 9810 528
6995 9783 391
6801 9574 532
7135 10126 522
6967 9690 509
6883 9622 542
7080 9991 502
6965 9827 484
6784 9442 487
7180 10124 398
7003 9798 547
7060 9944 529
