31349 44800 2338
31362 44825 2092
31264 44670 1540
31281 44694 1394
31450 44880 2003
31271 44678 2016
31405 44884 2210
31429 44917 2169
31417 44908 1393
31273 44696 2144
31323 44806 2251
31408 44908 2316
31390 44902 2174
31424 44945 2102
31417 44918 2144
31454 44883 2208
31436 44923 2068
31435 44879 1483
31392 44874 2041
31268 44673 2112
31314 44781 2105
31276 44681 1706
31421 44911 2139
31421 44906 1323
31324 44828 2164
31378 44862 2037
31275 44682 1409
31369 44846 2132
31351 44811 2098
31639 45111 4681
31411 44848 1393
31408 44889 2117
31295 44755 2126
31475 44918 1990
31414 44901 2200
31384 44865 2579
31400 44891 1971
31450 44878 2072
31373 44863 2043
31319 44793 2409
31262 44667 1947
31388 44872 5397
31405 44890 2007
31282 44689 2207
31372 44846 2022
31318 44786 2104
31262 44668 1475
31359 44833 2302
31398 44878 2179
31322 44771 2121
31364 44855 2106
31271 44677 2109
31375 44801 1515
31336 44789 1730
31264 44671 1978
31397 44873 2114
31357 44814 2168
31337 44850 1375
31763 45296 2211
31278 44684 1430
31276 44683 1462
31282 44757 2214
31392 44876 2119
31410 44897 1661
31270 44675 2379
31279 44685 1359
31253 44658 1376
31284 44710 2177
31419 44940 2140
31454 44899 2229
31379 44859 2122
31449 44879 2115
31345 44721 2218
31384 44868 2651
31463 44914 2075
31381 44850 2766
31446 44934 1405
31421 44918 2707
31291 44766 2261
31305 44775 2319
31266 44672 3702
31378 44855 2315
31451 44881 2336
31422 44869 1468
31373 44841 1465
31374 44842 2143
31270 44676 2233
31339 44843 2211
31269 44674 2255
31420 44920 2191
31401 44885 2172
31260 44666 1532
31445 44888 3488
31315 44810 2336
31391 44873 1981
31422 44913 2279
31433 44868 5029
31463 44921 3040
31458 44890 1697
31317 44792 2268
