34554 44498 2274
34074 43640 1787
34387 44374 2184
34126 44103 2515
34345 44543 2250
33790 43658 2434
33982 43459 2205
33767 43355 1359
34279 44201 1854
32583 41894 1517
34237 44222 2331
33844 43796 1522
34143 43885 1664
34471 44366 1515
34192 44255 2254
33986 43882 2233
34092 43886 2334
33678 43438 2460
34065 43921 2631
33902 43582 2561
34174 43950 2368
34023 43744 2334
32441 41631 2244
34552 44693 2275
32566 41841 1994
34154 44002 2210
34103 43977 2237
33739 43164 2388
34266 44259 2270
34330 44411 6070
34222 44041 2513
34291 43926 2391
33607 43128 2391
33819 43457 2131
34308 44357 2366
34233 44274 2351
34129 43964 2423
34067 43940 1644
33988 43565 2437
33634 43250 1664
33462 42935 1607
34149 43915 4287
33873 43439 3630
34456 44617 1647
31897 40845 2213
33798 43368 2180
34016 43687 3403
34865 45046 1594
33955 43692 1837
33891 43530 2283
34105 44025 2062
33584 43088 2176
34288 44152 2206
33812 43446 1603
33821 43314 3750
34505 44349 2388
32788 42078 2109
33898 43514 2235
33382 42877 2068
34526 44509 2247
34115 43976 2288
34546 44458 2365
33114 42594 1811
34063 43732 5466
34516 44527 2386
34470 44471 2460
34772 44962 5303
34498 44398 2206
34289 44206 2383
31551 40485 2373
33736 43476 2392
34021 43840 2284
34064 43939 1612
34173 44098 4540
33215 42640 2505
34450 44376 2479
34428 44282 2490
34523 44494 2566
34441 44533 2057
33696 43374 1666
34235 44143 2430
33976 43631 2211
33838 43342 2163
34338 44325 2398
34222 44113 2408
34015 43740 2328
34376 44120 4881
33963 43646 4555
33894 43623 2194
34460 44574 2247
34562 44558 2561
33856 43543 3803
34406 44478 2296
33938 43640 2130
32481 41878 3205
34529 44632 6084
34064 44039 2357
34495 44324 2136
34439 44576 2303
33860 43448 1553
