20473 26473 916
21303 27629 1084
20797 26867 1246
20854 26939 898
21369 27859 1421
21015 27153 952
20771 26777 1537
20926 27034 1424
20702 26619 1265
19877 25633 984
20730 26702 1027
20484 26311 1404
21313 27606 1841
20637 26630 1574
20985 27079 1534
20918 27110 1554
20416 26266 1554
20916 27042 1409
21047 27286 1411
21116 27281 1036
20851 26944 963
21186 27500 1581
20739 26708 1511
21105 27309 1728
20947 27017 1438
20591 26456 1525
20530 26439 1229
20745 26930 1252
21105 27186 1916
20947 27089 1416
19483 24885 1818
20384 26279 1687
19966 25810 1259
21086 27246 1549
21338 27631 1443
20407 26212 1509
21043 27183 1437
21048 27291 1485
21074 27372 1544
20586 26552 999
20722 26725 1081
21006 27202 1452
21025 27263 1425
21310 27516 964
20167 25869 909
20897 26955 1483
21026 27131 1407
20739 26757 1047
20733 26687 1659
21217 27362 987
21043 27195 1343
20456 26246 1322
20735 26707 1408
21253 27645 1506
19585 25035 1460
20530 26489 1494
20785 26737 4924
20439 26280 1020
20765 26697 1019
21013 27141 1018
20533 26378 1464
20902 27019 1544
20849 26962 1712
20325 26122 1657
20868 26917 1483
20555 26483 1382
21146 27368 1520
21136 27289 1328
21009 27242 1431
20969 27087 1684
21088 27224 1392
20624 26698 1034
20573 26538 1430
20835 26794 1665
21052 27256 1354
21326 27669 1602
20426 26212 1459
21326 27598 1408
20770 26774 3160
21025 27228 1476
19675 25173 884
21177 27427 1473
20578 26547 1035
20832 26994 1084
20471 26388 727
20625 26516 1380
19573 25062 1163
20361 26283 872
20597 26467 1434
19965 25802 1328
20664 26605 1394
21094 27298 1383
20050 25857 1596
20333 26076 1455
20769 26753 1175
20847 26976 1446
20382 26212 993
21174 27340 1358
21165 27350 1412
20772 26896 1321
