3731 5335 294
3820 5477 297
3716 5201 205
3855 5431 350
3894 5604 311
3692 5225 340
3867 5554 644
3671 5158 262
3810 5504 288
3699 5207 177
3939 5638 272
3910 5569 268
3533 4960 310
3915 5655 211
3963 5809 305
3832 5408 282
3742 5334 271
3531 4980 263
3737 5290 334
3560 4990 294
3871 5534 335
3844 5419 336
3815 5385 291
3965 5750 309
3863 5533 333
4027 5773 338
3754 5364 304
3836 5526 219
3790 5443 306
3700 5233 296
3651 5212 262
3813 5469 297
3962 5657 304
3714 5281 265
3966 5704 287
3723 5320 299
3701 5228 273
3914 5646 272
3744 5281 292
3670 5184 239
4000 5799 337
3854 5502 296
3904 5607 264
3879 5638 236
3890 5477 269
3661 5137 268
3868 5522 280
3779 5395 189
3825 5427 267
3874 5471 271
3798 5439 235
3751 5386 258
3792 5421 184
3948 5580 288
3887 5517 251
3823 5518 279
3855 5520 274
3857 5511 302
3629 5157 329
3913 5569 284
3968 5763 327
3584 5091 231
3555 5017 273
3745 5306 285
3633 5175 258
3954 5639 294
3873 5530 263
3814 5452 239
3913 5540 310
3462 4870 279
3771 5404 283
3797 5396 243
3841 5413 248
3742 5413 373
3895 5637 273
3894 5616 327
3560 5008 284
4152 5947 306
3705 5250 288
3845 5482 259
3859 5435 289
3994 5751 198
3983 5724 303
3594 5042 288
3851 5525 300
3799 5430 306
3588 5154 271
3742 5261 233
3834 5497 300
3422 4809 343
3842 5465 311
3824 5440 311
3802 5441 271
3840 5528 194
3937 5675 321
3799 5383 289
3922 5578 203
3975 5759 306
3825 5465 371
3913 5617 314
