80169 164453 5083
81103 166516 7612
80601 165345 8895
79311 162431 6811
80399 164804 5276
79546 162978 4887
80462 165062 7348
80623 165375 6641
81226 165679 7450
79295 162321 6722
80758 165388 6497
80872 165130 4911
81393 166428 5254
79208 162104 5133
80275 164395 5092
80362 164605 4926
80434 164850 7331
80405 164614 7739
87177 178395 10015
80728 164734 8192
80764 165509 5186
80313 164550 9280
80728 165414 8196
81766 167216 7542
80758 165643 8540
80724 165427 8785
80308 164490 5219
81508 166643 4750
80550 165110 5045
79232 162104 5632
80281 164660 7822
81175 165722 8329
80968 166016 9417
87560 179578 8140
80612 165232 11733
80717 165421 7749
80075 164125 5016
81340 166209 7332
81468 166547 8664
80658 165318 10199
79440 162706 9461
80381 164643 7566
81315 166987 7411
80798 165470 12685
80220 164535 4694
81136 166405 7515
81027 165915 10126
81122 165599 5559
79375 162558 7572
80775 165448 6818
81435 166415 8319
86170 176285 7194
80752 165468 7429
80291 164524 8598
80844 165925 5704
79265 162240 8713
80921 166016 7584
80395 164883 5569
80383 164750 7529
79328 162449 8978
80845 165603 8447
79258 162177 7565
81037 165494 9640
80575 165207 7585
80999 165413 8758
80271 164543 7542
81003 166138 8624
80692 165482 6472
79207 162111 9136
80196 164359 8031
80124 164284 9117
80672 165481 8163
81033 165500 10216
80694 165430 7940
80879 165712 5061
80328 164517 10407
81472 166536 7983
81247 165883 6039
81137 166439 7143
79340 162462 11036
80423 164776 8113
80369 164668 7773
80666 165477 8637
81761 167236 9004
79139 161892 5390
80794 165589 11615
81310 166105 7912
87229 178739 8123
81643 167103 11024
81171 165806 8456
81632 166939 8864
80522 164947 9350
79485 162861 10990
79314 162376 6028
81360 166162 5455
80498 165075 4770
80375 164720 8193
80948 166074 7193
80585 165195 9323
79321 162423 7568
