7423 10803 884
7424 10786 517
7447 10815 539
7479 10918 550
7460 10855 447
7420 10783 621
7414 10780 570
7495 10934 465
7485 10881 606
7492 10940 578
7421 10788 596
7422 10789 572
7415 10784 553
7408 10793 508
7483 10935 585
7466 10871 3573
7387 10739 504
7405 10773 471
7419 10784 551
7427 10814 607
7417 10797 519
7399 10756 591
7478 10928 569
7417 10797 546
7401 10786 528
7389 10742 490
7438 10802 518
7426 10809 583
7427 10810 484
7448 10847 2064
7419 10782 627
7401 10762 542
7500 10899 549
7417 10788 513
7470 10806 508
7426 10796 373
7444 10828 530
7180 10439 314
7140 10372 6088
7141 10364 503
7445 10845 530
7419 10782 502
7444 10812 504
7485 10891 570
7427 10789 578
7428 10794 608
7404 10797 546
7141 10364 516
7393 10750 593
7141 10364 547
7141 10364 344
7465 10863 548
7426 10828 521
7141 10364 361
7435 10810 532
7468 10909 521
7418 10780 557
7418 10781 521
7418 10800 565
7459 10856 378
7443 10836 532
7453 10843 595
7526 10944 606
7388 10762 640
7446 10814 587
7461 10857 603
7141 10363 548
7439 10821 549
7419 10782 569
7419 10798 562
7479 10917 577
7493 10920 582
7465 10878 622
7410 10774 510
7419 10792 507
7459 10899 398
7422 10789 517
7417 10793 1589
7465 10856 546
7421 10782 535
7444 10812 324
7418 10781 562
7471 10907 611
7446 10858 618
7458 10854 594
7441 10808 610
7141 10364 519
7399 10756 541
7140 10362 547
7526 10970 576
7451 10836 401
7141 10363 403
7428 10821 592
7457 10826 568
7410 10775 492
7419 10782 368
7420 10782 369
7418 10780 522
7459 10855 543
7446 10843 549
