59990 78607 3961
59995 78604 3531
59997 78619 3817
59440 77971 2521
59916 78550 4076
59982 78641 3815
59358 77931 3806
59392 77808 3360
59653 78065 3565
60270 78843 3751
59979 78600 3580
59980 78638 3763
59998 78591 3805
59905 78488 3861
59840 78543 4457
59938 78586 4742
59830 78272 2611
59421 77941 3560
59962 78550 3315
59924 78505 3334
59908 78474 3793
59633 78005 3909
59856 78572 2383
59906 78558 3691
59982 78604 3925
59987 78591 2241
59886 78485 3462
59956 78513 3514
59521 78050 3842
59915 78505 3985
59859 78484 3655
59896 78551 4008
59917 78512 3531
59717 78106 3750
59985 78582 3705
59925 78659 2215
59923 78646 3996
59763 78172 2956
59780 78215 4023
59927 78559 3549
59981 78558 3572
59895 78475 3577
59833 78377 4509
59390 78017 2793
59777 78371 2970
59829 78250 3701
59783 78343 4605
59984 78586 3701
59701 78082 3687
59874 78497 3709
59883 78494 5951
59876 78562 3635
59958 78600 5093
60019 78619 2422
59859 78402 2532
60065 78676 4202
59411 77928 3873
59744 78352 4622
59441 78034 2811
59939 78610 3967
59490 78098 3822
59700 78092 3234
59901 78499 2450
59879 78434 3973
59965 78577 3999
59951 78536 2437
60014 78627 2463
59991 78578 3717
59876 78365 3570
59977 78629 3698
59814 78554 3570
60037 78617 3119
59874 78596 6013
59887 78569 4119
59990 78663 3670
59731 78104 2386
59930 78575 3763
59980 78597 3750
60259 78851 4101
59886 78456 3865
59374 78000 2599
59997 78619 4412
59364 77943 3571
59951 78566 5659
59652 78053 3888
60749 79608 3396
59852 78512 3439
59969 78562 2495
59963 78624 3931
59670 78090 3312
59932 78565 3656
59990 78596 3556
60019 78644 2256
59468 78075 2781
59721 78131 3522
59645 78084 5054
59974 78626 3676
59992 78661 3673
59947 78543 3611
59629 78099 3594
