50388 64678 3729
49746 63979 3521
50252 64725 6210
50499 64912 3411
49728 63887 2912
49645 63500 3906
50357 64809 2262
49569 63506 5021
50079 64309 3322
50097 64508 3520
47968 61548 3176
49588 63452 3256
49746 63955 3125
50384 64492 6675
50371 65048 3279
50116 64205 2632
50965 65395 3143
48105 61692 2274
50194 64446 2248
49744 64010 7766
50155 64455 2112
50739 65462 3047
50052 64224 3003
47259 60572 3482
50490 65006 2945
50564 65340 2484
50477 64907 7409
50364 64616 3097
50915 65444 3282
47257 60409 3012
51005 65884 3263
50114 64493 3378
50342 64543 2339
50025 64216 3460
50536 65067 3828
49939 64045 3439
49163 63083 3404
49958 64243 2577
50542 65041 3410
50065 64168 3502
49929 64229 3546
50359 64663 3337
50189 64540 2506
50316 64654 5754
49818 63687 2277
47185 60423 2781
47269 60743 2186
50514 65010 3620
50223 64488 2328
49447 63614 4606
50016 64280 3249
49810 63711 3340
50608 65254 6284
50095 64195 3430
50601 65157 3261
50934 65575 3283
50612 64931 3606
50033 64390 2587
50535 64989 3310
49877 64089 2152
50175 64454 2070
50230 64434 3401
50289 64510 2103
50114 64478 3170
50488 65010 3273
48671 62225 2960
50254 64436 3497
49690 63729 2129
50026 64341 2014
50485 65118 3462
49652 63980 3031
50918 65578 7582
50230 64569 3036
49705 64024 3034
49954 63931 3487
50796 65442 3193
50347 64562 2105
50616 65162 2209
49526 63767 2359
50518 64977 3413
47032 60088 5530
50330 64876 5062
49838 64114 3461
50859 65598 3768
51167 65835 3226
50432 64906 3248
50343 64689 3725
50552 64894 2334
49854 64133 3882
50664 65322 4650
49972 64234 2235
50032 64341 9954
48257 62119 3080
50118 64288 3232
50343 64741 2467
49696 63814 4373
49860 63986 3121
50281 64728 3480
50201 64574 3351
50075 64457 3100
