44390 70387 2076
45114 71309 2092
44263 70181 2965
44991 71141 3029
45112 71376 3077
44747 70869 2282
44393 70417 3158
44365 70372 3215
44337 70246 5117
44143 70009 3110
44954 71164 3631
44863 70960 3114
44914 70961 2129
44140 69964 2190
44379 70319 2066
44347 70274 3139
44258 70206 3029
45023 71204 3038
44387 70356 3241
44657 70708 2268
44372 70326 3297
44627 70720 3590
44995 71158 3191
44938 70967 3258
44297 70259 3362
44371 70352 3142
44173 70023 3599
44908 70969 3500
44909 71044 3287
44387 70365 3532
44364 70307 2188
44371 70371 3261
44370 70275 2315
44686 70785 3513
45003 71209 3324
44921 71042 3631
44865 71181 3373
44776 70875 2977
44941 71134 3435
44349 70230 5294
44382 70340 2965
44398 70344 3304
44956 71069 3246
44791 70927 3601
44761 70924 3389
44979 71216 5657
44245 70127 2124
44381 70323 2254
44261 70158 5385
44382 70354 2310
44736 70831 3555
44955 71208 2204
44429 70416 3098
44388 70397 2407
44404 70389 3534
44401 70369 2080
44404 70354 3034
44354 70337 3114
44912 71049 1915
44955 71174 3081
44702 70591 3674
44410 70393 2931
44370 70307 2348
44119 69890 8818
44137 69940 3263
44206 70113 4728
44429 70457 3455
44940 71118 3309
44398 70336 2978
44260 70146 4895
44629 70706 2806
44403 70343 2650
44188 70040 3359
44621 70686 3243
44955 71151 3236
44899 71058 3460
44762 70712 3304
44103 69890 3175
44260 70176 5043
44260 70169 3666
44980 71226 3224
44239 70143 3919
44224 70101 3450
44366 70329 3665
44391 70318 2438
44338 70273 5033
44949 71067 2315
44648 70683 2067
44417 70404 3511
44414 70394 2177
44410 70400 3388
44757 70858 3001
44949 71070 3135
44387 70333 3285
44377 70329 6449
44229 70140 2169
44862 70958 3553
44248 70093 3516
44391 70401 3270
44227 70094 3370
