67209 138443 4116
67193 138510 6246
65858 135340 8143
68805 142189 6388
67263 138593 3906
67047 137942 7038
67204 138444 6809
66765 137292 4014
67168 138319 6132
67160 138316 5244
67142 138257 6677
67232 138518 10016
69216 142819 6246
67128 138200 6168
69379 142987 6084
66893 137647 5026
67139 138193 4411
69732 143708 6638
67015 137980 7055
67236 138528 7525
68634 141457 10849
67054 138025 8980
69363 142915 6536
69645 143528 6429
67285 138627 6094
69258 142741 6933
66791 137329 6670
67121 138368 6456
69607 143567 4242
67175 138351 4827
67169 138249 12481
67193 138374 6236
67068 138136 4625
69453 143289 4225
67141 138250 6541
67029 137898 7326
69703 143663 6342
67193 138371 5675
69806 144102 6396
68748 141777 7877
69351 142902 6616
67198 138485 6575
66832 137499 6803
67259 138605 6885
68625 141489 6635
67078 138092 5949
69667 143632 7540
67202 138481 4143
68701 141741 6247
68637 141587 8328
66673 137058 6273
67184 138386 7928
66796 137366 8413
67031 138040 6106
67161 138320 6713
67087 138138 5204
69759 143880 7013
67189 138396 5575
67196 138344 6864
67195 138367 4650
68638 141478 7327
69374 142966 7238
69724 144070 5386
67208 138465 5098
67184 138376 9152
69965 144672 4191
67125 138282 8937
68586 141414 5140
69563 143352 6872
67117 138190 6381
67002 137949 4196
67128 138231 8531
67171 138299 9091
69481 143333 9437
67067 138100 4133
67098 138176 5836
67143 138284 7729
67147 138251 6064
67191 138424 9302
70031 144709 6099
69798 143988 6439
66951 137797 5253
66797 137351 6380
67223 138465 6400
69572 143403 9694
69177 142493 4406
67232 138472 6569
67222 138470 14538
67249 138514 6580
67148 138362 6478
67251 138555 6346
67209 138465 9501
69882 144202 4224
66883 137605 5984
67163 138380 4299
68606 141736 5843
67170 138305 4848
66824 137504 4452
67245 138525 5129
67114 138145 5876
