40827 84222 3243
41569 86025 2546
40847 84049 2125
41655 86139 4267
40979 84569 3833
41815 86688 3810
40316 82828 4689
41111 84928 3562
40841 84211 3430
40794 84136 5684
40678 83783 3517
40652 83659 3438
41625 86119 3641
38561 79407 3123
40552 83375 3231
40965 84499 5139
41432 85600 3515
40929 84383 2330
41528 85877 3319
40847 84152 3468
41819 86679 3399
40912 84197 3572
40628 83660 3462
38629 79615 3607
40924 84300 3784
40847 84193 2461
40429 83135 3711
40942 84402 2389
40684 83701 2310
40308 83205 3397
40355 83321 3648
41733 86337 2345
40763 84047 2379
40990 84641 2256
41740 86367 4052
40826 84250 3806
40840 84091 2178
40924 84413 3247
40834 84215 3490
38716 79729 1766
40554 83497 2132
40943 84457 3458
40884 84238 2268
40915 84398 2196
40992 84566 3418
40742 83939 3702
40825 84141 2620
40829 84327 3321
40967 84507 3695
40566 83457 3787
41574 86035 3582
40428 83250 3417
40335 82920 3403
40997 84605 3819
40825 84232 3751
40808 83965 3344
40495 83328 2275
40796 84101 3522
40979 84521 4356
40685 83784 3519
40679 83718 3823
41068 84838 3363
40645 83661 3454
40348 82860 3392
40892 84202 3345
40878 84181 5344
40505 83401 3532
40625 83565 3531
40804 84068 2279
40232 83031 3713
41530 85887 3632
40733 83934 3679
40794 84102 3640
40947 84405 5855
40699 83891 2336
40368 83385 3476
40727 83969 2486
41577 86029 2367
41673 86262 3584
40243 83067 2219
41640 86158 3695
40615 83706 2379
40870 84270 3530
40930 84308 3652
40838 83968 3388
41628 86198 3398
40971 84558 3582
40964 84539 4100
40835 84154 2248
41024 84567 3338
40540 83478 3714
40627 83599 3494
40841 84260 2638
40783 83969 2747
40750 84094 3808
40080 82532 3491
40945 84501 3587
40818 84170 3469
40832 84122 3462
40579 83519 4795
