66847 135182 6402
63110 126841 6395
66524 134197 4183
66547 134517 5926
64504 130012 4495
66814 134777 6032
66256 133345 6747
66323 134014 6575
66524 134781 5623
65847 132786 4036
66472 134428 9571
65405 132029 6222
64321 129544 7005
67490 136900 8645
65940 132835 9567
66335 133934 6225
66024 133155 6423
65985 133260 5683
60860 122646 5534
64536 130265 4666
65294 131445 6015
66597 134661 4974
66862 135200 6384
66795 134896 4216
63415 128103 7544
65651 132574 6556
66844 135576 6974
65891 132877 6114
65838 132882 5571
64683 129727 5974
66256 133817 6499
66333 133690 6226
65936 133382 6526
66100 133769 6044
66806 135239 6653
65694 132941 6648
65803 132527 6876
67116 136010 6988
64827 130893 7408
66454 134645 8836
67506 137197 6766
66392 134358 6445
64884 130643 4060
65792 132576 4472
65832 132763 4046
67070 135180 4430
66957 135914 6246
66101 133223 6474
65565 132206 6192
65807 132970 6412
56311 113196 4854
65076 131383 6250
66246 133787 7779
66557 134800 6853
56633 113988 8847
66622 134643 7262
67326 135886 8257
65506 132460 4142
67369 136282 6751
67006 135560 6878
66939 135611 6313
66528 134795 6001
66535 134571 5462
67168 135832 4957
65784 132776 4973
66890 135415 6245
67231 136448 6754
62959 126544 6252
66976 135975 7152
66279 133747 7670
65990 133252 6510
66388 134325 7381
65251 131173 6526
66839 135408 6676
64570 129920 6658
66021 133412 5140
67306 136540 6753
67825 137897 4321
66712 134898 9447
66139 133293 5692
66292 133889 6931
66437 134448 6815
65375 131985 7691
67625 137006 6820
66706 134657 10213
63578 128256 3830
66073 133536 4195
64367 129470 6691
62773 126261 6623
66229 133930 6530
65402 131929 6056
64509 130364 12495
66852 135329 6671
66550 134583 7165
66682 134866 6717
66613 134561 6993
66831 134994 4717
65866 132775 3968
67544 136953 4917
66854 135175 10844
