30365 47432 1938
29923 46676 2269
30483 47624 5849
30426 47653 6431
30448 47627 1747
29848 46041 2179
30706 48043 4661
30512 47692 2433
30179 46949 2331
27823 43391 2217
30025 46738 7505
29987 46696 2070
30397 47203 1690
30663 47853 2490
29974 46786 1943
30228 46920 2331
30273 47270 2505
30153 46981 2363
30236 47039 2708
29689 46098 3506
30915 48432 2697
30600 47840 2772
30597 47992 2766
30469 47548 2735
29550 46060 2559
29935 46725 2725
30459 47397 2103
30269 47099 2523
29961 46918 5763
29700 46315 2290
30332 47296 2314
30443 47488 2453
30694 48063 2885
30211 46973 2715
30941 48384 2605
30210 46898 2630
30419 47452 2834
30282 47210 2550
30616 47908 2595
29854 46308 2564
30406 47516 2607
30706 48121 2645
29997 46771 2064
30223 47255 3052
30491 47678 2735
30594 47869 2681
30272 47228 1703
30028 46787 1990
30584 47618 2606
30315 47351 2990
30308 47420 2623
30264 47266 2569
29585 46059 2591
30038 46821 2402
29600 45881 7450
30352 47144 2586
27424 42748 2534
30730 47855 6617
30234 47177 2470
29467 45753 2316
30899 48342 2568
30542 47750 2619
30565 47575 2373
30473 47620 3456
30501 47565 2420
30851 48395 2411
30458 47560 2363
30222 47130 2563
27131 42091 2080
30706 47889 2341
30151 46766 2505
30433 47470 2645
30300 47320 2530
26924 41762 2042
30309 47277 2686
30724 47863 2731
30256 47063 2448
30356 47258 2490
30145 46840 6658
30150 47139 2480
30054 46711 1490
30197 47051 2347
30144 47020 2937
30199 46885 2432
30214 47077 3134
29909 46497 2359
29891 46592 1577
29820 46192 2780
30296 47305 2446
30595 47919 2627
27196 42061 1487
29652 46171 2329
30335 47383 2526
29527 45822 2564
30584 47928 1955
30579 47849 2512
30774 48159 2510
30397 47434 2552
30686 48117 2329
30027 46759 2485
