31680 64635 2850
27119 55003 1899
32366 66193 2127
31544 64301 3149
31831 65039 3463
32531 66754 3265
31638 64391 3269
31954 65196 2237
32193 65451 3513
31663 64546 2203
26988 54743 2183
32038 65053 2271
31918 65046 3214
32102 65565 3421
32363 66236 3613
31416 64093 3366
32326 66182 3204
30346 61474 2137
32409 65909 3122
32223 65993 3347
31840 64904 2991
31825 64924 2984
31956 65297 3322
32571 66776 3253
32433 66201 2925
30149 61281 3444
31338 63441 3226
30210 61525 3019
32207 65670 7650
32066 65248 3843
31350 64056 8077
29446 59478 2977
30200 61231 3038
32092 65590 3459
31881 64779 3478
31483 64298 4655
32613 66820 3138
32557 66554 3144
32255 65819 3084
31222 63422 6371
32289 65843 2005
31329 63521 5434
31701 64570 3122
32025 65306 3307
32463 66486 3334
31897 65101 3408
32061 65554 3277
31896 65054 3157
31054 62839 2199
32000 65260 3130
31903 65103 3903
32219 65933 3566
32200 65709 3607
31482 64030 3487
31836 64984 3335
31325 63755 2950
31681 64775 3100
32735 66951 3477
32111 65438 3217
32123 65431 3806
29587 59951 5182
31503 64108 3285
32276 66015 3580
31659 64448 2116
31198 63485 2955
32222 65827 2166
30644 62154 2974
31621 64495 3035
31998 65259 2171
31716 64607 3463
30999 63089 3110
32089 65803 3261
31641 64371 3118
32368 66293 3103
32166 65735 3251
32093 65540 3379
31644 64694 2158
32884 67316 3252
32416 66371 2591
27304 55384 1804
32950 67294 2164
31980 65274 2190
32205 65553 2165
32862 67546 2904
32272 65996 2727
32797 67142 2584
30981 62911 1935
31709 64806 2946
31626 64677 3328
32002 65478 3418
30586 62290 2798
27410 55613 3046
31297 63731 3069
29934 60768 2307
31618 64438 3210
31790 64504 2384
29964 61248 2684
32269 65963 3357
32647 66995 3097
30241 61537 2520
