50893 73310 11735
50897 73319 2906
50673 73002 3490
50981 73453 3721
50757 73080 2328
51275 73964 3696
50887 73298 5394
50883 73291 3707
50877 73296 3438
51331 74047 3805
50896 73304 3451
51109 73603 3603
50752 73079 3407
51299 73995 3498
50880 73288 4050
51255 73933 3706
50877 73292 2591
50880 73312 3138
50880 73288 4231
50882 73316 3807
50996 73451 3814
50886 73325 3355
50885 73304 3132
51082 73583 3759
50899 73339 3736
51112 73591 3755
51009 73471 4017
50929 73343 3643
50867 73287 4172
50765 73092 3089
50927 73347 3241
50882 73290 3473
51337 74057 2634
50884 73305 3802
50898 73338 2564
50824 73162 2808
51328 74028 7232
50880 73302 4138
50893 73295 3886
51392 74105 3984
50931 73355 4698
51331 74035 3898
51090 73626 11461
50918 73340 3181
50934 73414 4731
50758 73084 3558
50901 73331 3811
51053 73595 10528
51307 74010 3887
50930 73347 2492
50981 73407 3251
50885 73305 2428
50877 73280 7474
50870 73277 3741
51016 73489 4121
51323 74038 2461
50986 73482 3804
50937 73389 3560
50923 73369 9061
50897 73305 3626
50862 73284 3711
50779 73150 5425
51042 73584 4848
51168 73715 2351
50880 73296 3705
50792 73171 3761
50947 73390 3793
50885 73314 3647
50981 73452 3687
50834 73215 6288
50885 73294 3227
51390 74098 3871
50954 73401 2423
51109 73720 2515
51043 73585 2464
50762 73171 2787
51024 73502 3517
51024 73478 3481
50944 73373 4274
50887 73298 2248
51333 74031 7957
50882 73302 7679
51104 73644 4039
50885 73303 3420
50894 73306 7673
50997 73456 3561
50611 72923 3599
51332 74057 2399
50882 73289 3480
50871 73296 2450
50934 73293 3916
51426 74071 8834
51328 74044 3584
50851 73247 3660
51069 73576 4040
50873 73285 6162
50928 73340 3610
50891 73315 3208
50884 73303 2804
51019 73505 7332
