48072 74619 5346
46974 72819 2559
47504 73910 4713
48299 75300 4187
47604 73987 6533
48360 74920 3734
46386 71964 2923
47735 74079 3654
48170 74896 2468
47562 74030 3943
48594 75745 2540
47743 74085 3975
46195 71582 5041
48014 74406 3807
47740 74216 3691
47791 74180 3589
47627 74019 3492
47786 74133 2530
47785 74251 3143
47842 74219 3598
47809 74304 3857
46553 72024 3485
47391 73255 5062
47429 73738 4246
47686 74168 3655
47380 73696 3702
48237 75152 3861
47812 74210 2611
46967 73025 6299
47736 74015 2561
47848 74315 3780
48203 74759 3770
47981 74507 2857
47755 74290 5485
48283 75251 2471
48358 75477 7127
47672 73837 6623
48166 75036 4065
47553 73780 3786
48066 74639 3888
48116 74847 2771
47118 73280 3865
47966 74520 3757
47406 73524 2488
46919 72716 3870
47528 73631 4189
47993 74706 3785
47398 73612 5744
46510 72011 5279
47805 74413 4089
47748 74176 3998
46594 72210 3679
48171 74985 3881
48069 74806 3998
47032 73149 3838
47484 73582 5795
47884 74365 3956
48732 76003 3404
47978 74557 3521
47488 73636 3455
48154 74837 3279
48045 74623 2549
47467 73697 3374
47612 73817 3509
43248 66750 2367
48191 74764 3700
48025 74933 3660
47664 73920 2538
47599 73939 3853
48086 74814 2402
47961 74570 3830
47732 74171 3591
48669 75637 3797
48228 75056 3974
48069 74750 6665
47692 73828 6119
48106 74938 3815
48291 75292 4018
47728 74468 7185
48137 74842 3699
48071 74805 3798
47865 74439 3787
47730 74111 4045
47422 73482 3745
47971 74506 4098
47821 74358 2641
47540 74054 3236
47953 74348 3925
47625 73872 4243
47835 74217 2699
48064 74928 3864
47450 73855 4005
47902 74341 2746
47768 74208 3716
48323 75149 3966
47247 73051 3791
47921 74287 3629
47562 73772 3623
47709 74065 4230
47545 73933 3933
