6520 8557 444
6706 8766 449
6704 8779 290
6719 8783 447
6619 8717 446
6723 8833 476
7104 9367 511
6481 8523 462
6551 8433 430
6372 8291 442
6567 8573 405
6633 8732 451
6481 8433 332
6702 8751 463
6901 9090 468
6745 8894 506
6780 8841 586
6871 9012 499
6198 7987 417
6576 8582 514
6199 8022 428
6654 8760 481
6722 8833 446
6771 8830 439
6735 8779 449
6564 8538 433
6604 8523 545
6637 8674 504
6483 8369 436
6396 8292 484
6531 8549 456
6287 8096 471
6757 8938 313
6601 8609 487
6755 8869 482
6601 8617 467
6695 8733 774
6503 8472 323
6689 8723 410
6635 8585 480
6568 8581 464
6790 8979 338
6912 9138 523
6889 9076 466
6675 8724 462
6814 8956 314
6332 8108 354
6705 8778 386
6522 8477 2594
6686 8808 342
6867 9090 493
6809 9049 491
6305 8262 442
6952 9183 520
6673 8727 471
6784 9008 566
6696 8767 458
6584 8574 404
6589 8473 435
6821 8979 352
6781 8980 483
6691 8845 435
6735 8708 458
6558 8576 446
6498 8426 314
6529 8519 464
6780 8957 460
6307 8221 458
6626 8624 429
6876 9065 417
6543 8616 492
6663 8621 353
6499 8441 472
6586 8549 457
6463 8314 384
6464 8485 2153
6890 9132 480
6666 8734 441
6733 8845 475
6660 8706 402
6774 8922 499
6764 8828 442
6848 9007 503
6719 8770 492
6360 8341 488
6512 8473 506
6798 8898 521
6833 9020 496
6626 8696 320
6490 8351 397
6865 9024 368
6814 8982 316
6873 9173 456
6607 8627 478
6864 9022 515
6720 8863 513
6851 9027 500
6948 9218 519
6813 8982 512
6592 8637 473
