9969 17088 910
9907 16949 535
9973 17083 829
9969 17092 1127
9936 16995 855
9965 17088 856
9939 17023 551
9889 16944 594
9814 16820 568
9504 16254 786
9522 16262 886
9977 17109 819
9881 16887 777
9990 17146 807
9993 17136 732
9952 17064 904
9896 16910 853
9301 15807 528
9542 16263 716
9897 16914 735
9814 16797 712
9913 16943 875
9821 16849 888
9476 16156 786
9968 17075 842
9462 16118 766
9454 16105 736
9827 16840 1444
9972 17092 857
9972 17086 827
9982 17118 535
9285 15818 802
9817 16808 831
9545 16269 793
9965 17057 806
9962 17087 731
9975 17086 765
9881 16887 835
9494 16232 730
9933 17022 812
9463 16132 1050
9388 16020 649
9554 16284 743
9821 16806 802
9957 17056 538
9983 17117 901
9477 16148 521
9963 17070 735
9532 16293 795
9940 17036 915
9957 17061 798
9974 17108 872
9974 17087 799
9971 17078 3387
9879 16887 753
9927 16977 712
9895 16920 535
9829 16836 704
9922 17002 759
9963 17065 846
9975 17091 859
9980 17099 786
9830 16841 821
9957 17048 899
9972 17082 769
9975 17094 540
9693 16546 561
9966 17089 833
9982 17136 812
9893 16906 536
9937 17038 856
9960 17058 809
9470 16146 743
9895 16920 812
9921 16978 944
9940 17033 825
9981 17092 888
9977 17103 697
9532 16270 826
9882 16886 753
9817 16796 675
9448 16098 607
9982 17119 556
9448 16099 555
9970 17082 933
9987 17123 906
9968 17107 942
9954 17074 819
9959 17060 895
9504 16207 781
9978 17099 810
9991 17131 1207
10010 17167 1638
9988 17127 864
9895 16849 641
9967 17078 556
9478 16170 751
9971 17077 890
9891 16897 856
9882 16892 767
