14368 20432 964
14527 20671 1082
14553 20660 983
14500 20611 1068
14428 20488 1013
14551 20642 1266
14442 20525 1035
14445 20466 1085
14442 20524 1083
14433 20528 963
14577 20637 3806
14409 20433 1050
14474 20602 1049
14435 20510 1037
14476 20577 950
14615 20795 1062
14432 20502 968
14612 20692 890
14440 20515 987
14488 20610 1137
14459 20533 1008
14390 20419 797
14536 20614 678
14463 20556 991
14437 20533 973
14453 20518 1047
14431 20463 688
14459 20579 900
14476 20578 1010
14483 20573 965
14472 20558 960
14431 20469 880
14480 20601 1049
14448 20514 1000
14548 20638 673
14439 20487 1180
14450 20526 999
14467 20557 1051
14368 20408 948
14479 20580 886
14468 20545 1150
14477 20585 958
14436 20502 948
14428 20490 996
14522 20662 1009
14493 20616 997
14487 20612 898
14477 20606 1071
14604 20802 1052
14438 20539 1008
14487 20597 1060
14474 20563 625
14445 20508 962
14465 20569 849
14491 20578 1020
14462 20548 1039
14464 20580 914
14444 20507 997
14517 20648 1032
14476 20591 630
14615 20690 705
14536 20615 985
14586 20683 1195
14546 20633 2985
14443 20529 1039
14435 20472 711
14483 20591 904
14433 20477 807
14445 20503 977
14472 20593 849
14439 20520 1066
14559 20629 630
14483 20570 1066
14466 20533 969
14532 20615 1428
14466 20554 794
14454 20575 1047
14520 20659 965
14442 20495 1045
14476 20560 1106
14475 20586 628
14487 20640 1124
14446 20564 1052
14599 20765 1119
14589 20688 994
14459 20537 4404
14473 20599 2664
14553 20652 994
14464 20551 977
14560 20666 892
14483 20601 612
14454 20520 965
14547 20612 1052
14460 20550 3011
14471 20555 949
14592 20694 774
14488 20578 1011
14447 20517 996
14443 20499 7955
14452 20598 1014
