15239 21359 1256
15286 21189 1277
15254 21232 870
14788 20527 1140
15314 21318 1161
15368 21469 1211
15269 21244 1081
14941 20742 1178
15305 21190 1109
15338 21356 1208
15330 21428 1126
15037 20855 1136
14859 20716 756
15088 20958 1139
15091 20937 1139
15167 21010 1582
15473 21543 1167
15171 21096 1172
15266 21142 1143
15100 20993 1042
15085 20947 1101
14684 20283 735
14226 19640 1110
15288 21390 1154
15504 21692 1196
15088 20949 1302
15520 21612 1344
14803 20657 1182
15076 20943 1152
14974 20763 1183
15102 20949 1251
14721 20415 1185
15638 21811 2088
15029 21014 1076
15278 21279 1072
15407 21434 1088
14564 20118 1228
14937 20736 1137
15480 21520 1170
14930 20701 960
14959 20742 1000
15129 20955 1040
15159 21150 1056
15437 21434 1051
15296 21331 1125
14478 20161 1088
15006 20822 1159
15136 21044 1114
15422 21616 1185
14137 19501 1026
15342 21253 1147
15325 21372 803
15419 21510 1179
14747 20413 1163
15287 21197 1147
15057 20898 1055
15339 21466 1116
15051 20851 1048
15353 21560 1025
15721 21999 1118
15291 21288 1079
14387 19793 1050
15060 20970 1105
15635 21948 1185
15059 21073 1137
15011 20849 1130
15059 20918 1110
15022 20842 1149
15355 21435 1082
15429 21590 1130
15472 21727 771
15242 21134 1000
15186 21187 1233
15164 21202 823
15099 21084 718
15421 21527 740
14802 20470 726
15340 21367 967
14411 20028 1147
14873 20537 1103
15180 21113 1082
15260 21323 7324
15180 21104 1170
14060 19523 1076
15429 21684 949
15261 21308 1129
15462 21475 1338
15090 20926 1236
15217 21271 1127
15553 21733 996
14819 20570 792
15191 21096 1192
15247 21254 1280
15147 21172 1306
15300 21480 1123
15217 21124 1200
15294 21301 1865
15186 21167 1200
15330 21294 1153
15260 21313 702
