71536 100361 4970
71403 100281 3171
71594 100532 4713
72147 100990 3248
71565 100426 6489
71534 100383 4888
71623 100489 4698
71507 100415 5032
71613 100515 5266
71618 100606 4982
72049 100953 5246
71540 100512 3929
71531 100368 4600
71358 100158 4644
71686 100626 2899
71589 100446 5570
71702 100561 4234
71530 100355 3127
71597 100426 4618
71618 100514 4935
71639 100571 4620
71535 100391 5126
71572 100452 7846
71536 100410 4314
71340 100079 4212
71729 100628 5175
71562 100397 4886
71541 100388 4667
71595 100483 3302
71703 100541 4770
71509 100333 4481
71643 100497 5590
71591 100374 3244
71769 100713 3097
71591 100449 4734
71718 100596 3493
71682 100727 4976
71575 100360 7671
71629 100510 3368
71418 100313 3958
71642 100568 5514
71652 100619 3811
71556 100451 4929
71584 100409 4481
71531 100399 4898
71528 100415 7874
71475 100356 8599
71954 100845 5144
71654 100735 5389
71738 100494 3906
71551 100359 4050
71543 100413 3812
71693 100556 4849
71508 100394 6766
71587 100501 5088
71608 100470 4695
71437 100273 5558
71609 100471 4893
71624 100418 5603
71585 100547 3493
71548 100397 5029
71523 100358 5787
71537 100399 4747
71578 100538 4723
71644 100563 3245
71630 100376 5326
71358 100115 4692
71709 100562 3323
71612 100545 3033
71883 100864 4715
71877 100896 3560
72023 100873 3776
71685 100506 4832
71626 100536 5209
71508 100319 5376
71389 100185 5817
72210 101206 2956
71733 100705 4369
71555 100346 7323
71923 100902 4951
71738 100659 4588
72157 101034 4641
71571 100511 4966
71998 100945 5035
71542 100394 3556
71616 100532 4930
71505 100407 4764
71538 100401 4923
71671 100641 5914
71562 100446 4996
71760 100687 6320
71572 100465 4633
71668 100619 3296
71783 100729 5456
71616 100561 4855
71694 100625 8234
72191 101167 3357
71543 100413 3264
71581 100448 4688
71549 100421 4860
