86609 113802 4211
86977 114325 5341
87736 114963 5432
86991 114296 5136
87170 114456 5258
87681 114886 5712
86991 114368 5310
86996 114360 7851
87025 114415 5705
88105 115448 3953
86998 114371 4099
87121 114436 4204
86960 114172 5504
87002 114289 4684
86931 114235 5578
87480 114925 5448
87550 114976 9400
86934 114233 5443
89131 116737 5429
87839 115209 5593
86959 114272 6307
87249 114620 7696
86975 114270 5371
87933 115296 9007
87756 115017 5437
86951 114111 5434
86998 114355 5819
86967 114269 4156
86961 114339 5261
87634 115136 5717
86907 113945 5424
86964 114323 5763
87128 114503 3732
87169 114493 7653
86980 114354 5906
87091 114371 3686
87506 114790 5769
87048 114382 5737
86948 114209 4591
86995 114277 9524
88273 115436 5297
87199 114532 5576
86958 114311 5586
88925 116111 10582
87130 114524 3639
87961 115324 5302
86943 114217 5343
86921 113974 3629
87003 114350 5177
86948 114056 5312
87747 115024 4501
87625 114786 3435
86973 114337 5487
86981 114321 3699
86937 114240 3597
87731 115004 5398
87222 114577 5721
87178 114536 6895
86971 114216 8417
88039 115357 5659
87876 115374 6591
86970 114277 3585
86959 114270 5221
86940 114262 5744
87185 114572 5510
88098 115130 5895
86953 114299 5782
86991 114283 4732
86919 114000 7942
86928 114225 3700
87077 114446 8018
86960 114284 5417
88036 115275 5524
87752 115039 6109
86950 114225 6043
87190 114556 6310
87732 115019 8853
86912 114020 7013
87092 114290 3488
86955 114373 6036
88001 115218 4004
87069 114356 6020
86944 114214 6056
87473 114670 5520
86926 114032 5288
87209 114590 4741
87972 115307 5647
87488 114856 5881
86921 114007 3593
86946 114257 4789
87490 114859 3502
86939 114254 3574
88562 115983 5535
87759 115068 6117
86967 114241 4578
87713 115116 5758
86927 114262 5628
87711 115070 5649
87674 115071 5313
87154 114567 3602
