22744 32231 1521
22965 32500 1112
22903 32495 1704
22999 32516 1022
23168 32695 1677
22941 32527 1572
22933 32431 1718
23042 32584 1658
22966 32470 1630
22962 32491 1748
22787 32318 1628
22950 32491 1332
23176 32695 1624
23052 32585 1456
22983 32534 1699
23146 32682 1558
23031 32597 1029
22977 32484 1132
23047 32564 1160
22951 32425 1515
23161 32667 2824
22960 32493 1508
22865 32350 1387
23277 32927 1647
22983 32518 3825
23127 32657 1715
22782 32257 1635
23107 32784 1640
23062 32662 1673
23015 32567 1678
23041 32619 3959
23079 32707 1469
22949 32447 1507
23039 32583 1034
23150 32673 1420
23176 32745 1656
23187 32731 1719
22966 32504 1441
22969 32437 1671
22983 32528 1743
23038 32575 1566
22997 32539 1624
23144 32640 1628
23138 32670 1614
22944 32416 1559
22767 32244 1634
22938 32431 1461
22645 32004 1544
23197 32758 8691
23002 32529 1567
22974 32532 1691
23046 32602 1650
23022 32540 1656
23177 32705 1613
22961 32464 5133
23070 32615 1729
22949 32451 1685
23003 32521 1779
22961 32483 1824
22969 32475 1611
23027 32565 5429
23007 32564 1727
22924 32397 1522
23147 32785 1671
22952 32476 1719
22943 32433 1658
22961 32486 1594
23005 32552 6922
23134 32768 1169
22890 32386 1627
23118 32659 1571
23007 32555 1672
22959 32482 1321
23054 32630 1455
22955 32415 1555
22869 32415 1660
22758 32273 1707
22947 32453 1745
23077 32592 1723
23075 32741 1683
22687 32071 1771
23036 32601 1744
22964 32508 1375
22942 32467 1528
23009 32566 1798
22819 32331 1552
23025 32589 1577
22965 32486 1077
23037 32560 1259
22979 32523 1374
22755 32234 1613
23041 32590 1492
23138 32640 1244
23051 32600 1667
23026 32587 1368
23040 32622 1081
22767 32257 1486
22982 32534 1525
23178 32714 3656
23177 32746 1460
