29135 44164 1991
29223 44354 1961
28891 43874 2059
28918 44093 1290
29173 44302 1409
29171 44332 2011
29132 44158 1528
29004 44241 1909
28943 44178 1975
28911 43954 2083
29137 44213 2223
29119 44164 1853
29203 44329 1416
29161 44255 1269
29125 44227 1930
29288 44546 2004
29176 44304 1856
29130 44155 1320
29175 44329 1391
29165 44285 1644
29263 44472 1351
29130 44242 1666
29248 44409 2118
29150 44268 2106
29191 44378 2078
29229 44369 2060
29181 44280 1995
29180 44288 2646
29136 44176 2132
29164 44285 1948
29174 44352 1988
29149 44355 1362
29151 44287 2142
29203 44407 2012
29137 44271 1427
29163 44287 1414
28912 44092 1429
28914 44089 2177
29056 44208 1889
28914 44103 1940
29127 44151 1233
29232 44468 1808
28793 43843 1629
29134 44177 1897
29227 44388 1897
29046 44137 1863
29160 44263 1219
29117 44226 1336
29146 44253 1315
29163 44286 1966
28526 43534 1883
29135 44227 2113
29054 44314 1904
29173 44295 1276
28870 43876 1311
29094 44394 3142
29190 44354 1912
28915 44061 1363
29194 44372 1950
29214 44438 2007
29227 44387 1330
29116 44165 1780
28898 44039 1984
29135 44174 2298
29215 44331 1997
28911 44055 1369
29193 44375 1569
29257 44432 1364
29039 44162 1290
29131 44306 2091
29094 44236 1308
29077 44398 1871
29021 44272 1192
29175 44302 2012
28942 44117 1950
28923 44098 1967
29190 44373 1408
28522 43497 1642
29087 44212 1933
29138 44269 1502
29176 44322 1968
29187 44336 2007
29150 44259 1270
29135 44159 1991
29166 44289 2706
29141 44233 1308
29162 44285 1883
29179 44318 1808
29134 44200 1993
29205 44334 1990
29134 44275 2099
29200 44386 2103
29254 44472 2008
29135 44210 1810
28852 44037 2076
29044 44139 2078
29125 44204 1461
29253 44446 1594
28911 44059 1317
29022 44092 1323
