16445 26273 1364
16509 26355 1426
16557 26454 1492
16475 26277 1340
16452 26249 1303
16532 26388 1340
16576 26450 1195
16397 26231 1404
16367 26105 1242
16541 26427 861
16424 26270 1208
16476 26329 1285
16531 26390 4075
16505 26332 1295
16590 26405 1574
16457 26329 1049
16453 26255 1216
16582 26538 1303
16532 26409 1373
16531 26377 1270
16511 26350 1320
16432 26132 1289
16499 26338 1195
16422 26178 1219
16483 26277 1269
16527 26367 1241
16454 26298 1303
16484 26331 1145
16501 26330 1235
16457 26272 826
16523 26379 1145
16551 26347 1233
16464 26306 1437
16516 26345 1440
16545 26412 1325
16424 26209 1182
16623 26584 1241
16478 26247 1319
16470 26360 1284
16457 26284 1197
16469 26303 1206
16612 26544 1322
16556 26377 1351
16537 26381 1162
16396 26132 1348
16550 26442 870
16394 26126 1212
16572 26388 1319
16550 26400 1352
16530 26394 3957
16510 26361 869
16525 26362 1265
16584 26411 1165
16499 26303 804
16551 26437 1308
16460 26347 1278
16518 26381 975
16518 26440 1260
16478 26282 1271
16541 26445 1236
16480 26344 1284
16542 26373 1333
16418 26071 1421
16558 26455 1174
16436 26248 1250
16451 26270 1290
16544 26430 1318
16408 26258 1350
16563 26459 1290
16551 26397 6122
16502 26351 1394
16423 26225 1278
16546 26417 1342
16412 26209 1410
16459 26309 967
16521 26365 865
16417 26234 1276
16495 26413 1287
16567 26376 1323
16554 26439 876
16434 26301 1409
16465 26298 1347
16459 26266 883
16563 26437 1290
16432 26250 1281
16502 26318 877
16466 26303 933
16526 26281 989
16439 26286 1240
16466 26284 1319
16542 26441 1998
16442 26273 1259
16550 26431 1295
16557 26466 4283
16557 26452 1427
16519 26369 1423
16563 26365 1373
16498 26294 1296
16444 26278 1229
16456 26310 1198
