6025 9330 476
6000 9260 491
5960 9163 553
6054 9258 457
5991 9235 434
5891 9055 420
5988 9134 499
6048 9259 316
5974 9200 451
5969 9175 484
6038 9201 337
6033 9222 319
5970 9176 394
5915 9088 466
5895 9062 434
5998 9247 472
5979 9181 435
6031 9293 353
5944 9142 445
6048 9256 446
5974 9174 479
6037 9307 498
5969 9175 501
5963 9186 463
6052 9264 369
5964 9176 499
5951 9052 513
5959 9182 2202
6015 9284 477
5955 9054 482
5983 9209 514
6026 9295 345
6008 9276 486
5956 9158 420
6018 9213 435
5972 9176 427
5973 9179 446
6022 9290 483
5917 9074 347
6015 9272 370
5949 9143 532
5964 9161 461
5976 9238 452
5989 9220 485
5994 9240 463
6040 9241 520
6027 9275 489
5994 9242 488
5960 9192 321
5970 9175 457
5987 9239 498
6043 9247 480
5970 9235 318
5979 9181 480
5962 9176 445
6033 9308 432
5965 9066 409
6032 9295 309
5979 9185 361
5981 9195 587
5886 9055 471
6019 9282 457
5959 9135 456
6018 9287 459
5980 9219 432
5963 9173 448
5975 9188 448
5975 9195 401
5978 9178 451
5996 9206 451
5949 9165 440
6000 9216 454
5953 9052 423
6025 9273 417
5940 9163 448
5944 9158 489
6035 9330 493
5965 9164 519
6098 9330 493
6024 9171 371
5980 9182 482
5901 9080 480
6045 9248 460
6057 9238 559
5921 9079 462
5944 9057 444
5983 9199 444
5985 9222 482
6032 9295 440
5986 9198 451
5968 9175 478
5953 9157 351
5973 9179 442
5992 9122 454
5960 9173 310
5973 9198 444
6056 9275 470
6000 9246 456
6016 9266 455
6013 9257 464
