49584 74566 2255
49763 74795 2563
50006 75135 2528
50065 75159 3830
50065 75158 3799
50051 75215 3828
50113 75242 3820
50131 75222 4142
49994 75075 3727
49994 75010 5174
50011 75111 4047
50088 75157 2664
49880 74948 3719
50075 75152 5926
50064 75157 3608
50122 75257 3757
50225 75407 2360
50056 75163 3707
50035 75176 3311
50127 75308 2765
50026 75157 2645
49959 75099 3054
49989 75033 3693
50014 75082 3573
50043 75153 3625
50070 75184 3674
49997 75077 3380
50119 75261 5018
50046 75190 3691
50002 75080 3657
50042 75142 3397
50040 75173 2358
50091 75250 3868
49825 74952 3922
50084 75160 3740
50171 75356 3427
50048 75190 3527
49890 74940 3432
50002 75084 3612
49722 74743 2395
50022 75059 3634
49743 74766 3586
49975 75012 2525
49756 74836 3878
50150 75236 4271
50068 75168 4266
49835 75002 3744
50037 75198 2375
49900 74988 3091
50063 75156 2349
50092 75169 2511
49887 74936 5150
50157 75244 3551
49976 75013 3640
50113 75283 3480
50094 75243 3947
50127 75326 3641
50148 75315 2698
50033 75171 2412
49956 74963 2440
50047 75169 2299
50172 75272 6938
50058 75142 3645
50152 75284 2752
49850 74946 6755
50114 75258 3852
50056 75145 3674
50174 75326 3462
50141 75307 3540
50057 75148 3530
49997 75072 3542
50138 75297 3797
50038 75182 4807
50055 75146 4075
49802 74746 3994
49976 75079 3885
49915 74980 3946
50190 75376 3858
50017 75121 3676
50002 75084 3629
50051 75144 4990
50062 75155 3579
49995 75075 3664
49992 75064 3557
50168 75334 3410
50158 75327 3695
50042 75227 3463
49666 74641 3447
50025 75158 3538
49931 75004 3623
49985 75070 3294
50164 75322 3431
50027 75184 3746
49978 75080 3958
49977 75014 3995
50039 75130 8480
50034 75140 3898
50062 75155 3633
49833 75013 3815
49950 75059 3682
