66831 137477 6739
67121 138198 7426
66936 137761 4288
66804 137422 9389
68566 141326 7111
67122 138203 6669
67354 138706 6298
65337 134254 5827
67176 138404 6314
67136 138202 6824
67294 138610 4072
68583 141388 10470
69579 143533 7068
67323 138752 7631
66888 137596 7082
67291 138602 5545
67377 138769 4178
68705 141633 4960
66989 137998 6435
68617 141554 6858
67131 138171 6639
67300 138610 5802
69618 143508 7364
69456 143369 7291
69329 142846 7145
67229 138456 6577
66802 137322 5767
69608 143450 8526
69777 144260 7026
67044 138170 6104
69809 143978 7382
66837 137550 6476
67183 138419 6145
67116 138133 4413
67245 138459 4311
66824 137388 6412
67170 138345 4670
69328 142916 5919
67051 138178 9871
67130 138261 5621
67186 138326 6507
67120 138219 6818
67285 138619 7616
67180 138395 6918
66891 137432 7143
69836 144016 10004
69707 144016 4917
67135 138224 5056
69661 143568 7481
67059 138018 5978
67125 138269 5447
67149 138248 17839
70032 144357 6822
67406 138901 8927
67223 138483 4641
67211 138478 3988
67324 138689 5937
67310 138747 6513
65977 135674 6104
68688 141624 6757
67183 138426 6599
69549 143372 13274
69673 143573 11014
67163 138315 5767
67132 138216 8783
69778 144034 6272
67277 138529 5423
67383 138819 6668
67145 138346 11810
69625 143510 10477
67219 138426 7094
67160 138409 6758
67329 138598 9965
66762 137354 8618
65713 135046 8000
69705 143750 7343
69420 143035 6793
67145 138303 5909
67047 138079 6155
67177 138344 6269
69291 142826 6611
67337 138792 6591
67331 138681 22389
67366 138746 6137
67350 138778 6863
69540 143414 10154
68719 141718 6914
67249 138464 7042
67282 138540 6121
69470 143033 7229
67349 138713 6193
66383 136571 7838
67034 137906 8256
68657 141696 8748
67356 138745 18506
67309 138551 5967
68712 141722 6663
67356 138822 5771
69612 143627 9123
66804 137389 7116
