42102 63816 3071
41813 63278 3415
41971 63459 6067
41971 63473 3233
41918 63432 4201
41855 63326 3264
42015 63666 2806
41787 63203 3274
41728 63152 2204
41791 63220 3061
41736 63095 3216
41782 63199 2005
41790 63239 2716
41738 63170 3272
42075 63712 2693
41803 63231 2911
41798 63249 2111
41857 63344 3137
41917 63387 2086
41898 63364 2683
41765 63152 2938
41778 63187 3526
42065 63716 6390
41887 63390 8911
41825 63284 2899
41910 63408 3454
41785 63200 4041
41734 63097 3497
41764 63149 2274
41872 63311 3186
41791 63211 2071
41770 63178 3030
41766 63152 2051
41803 63267 2985
42074 63788 2121
41922 63433 2298
41892 63389 4029
41970 63442 3113
41728 63104 2774
41829 63212 3004
41822 63284 2592
41880 63357 2822
41951 63440 3413
41949 63442 2981
41947 63499 3490
41846 63237 3038
41864 63330 3268
41803 63262 17203
42091 63819 3403
42056 63741 3058
42068 63778 5386
41845 63323 3190
41866 63350 1955
41896 63396 3409
41846 63318 2615
42049 63713 3197
41680 63025 3517
41880 63370 3936
41965 63453 3022
41867 63372 2943
41933 63431 3208
41861 63401 2293
41895 63397 3129
41876 63370 2952
41869 63363 2881
41874 63362 3007
41844 63238 2484
41970 63509 3469
41898 63399 2076
41931 63411 2915
42051 63715 2166
41754 63207 3328
41943 63483 2148
41847 63350 2919
41845 63350 3112
41894 63397 3340
41738 63133 3003
42098 63808 2070
41859 63327 2414
41805 63264 1977
42007 63629 3203
41767 63177 2244
41793 63216 3348
41891 63393 2136
41681 63070 2935
41866 63278 4340
41922 63431 2851
41854 63262 6529
41862 63352 2744
41868 63499 2224
41864 63299 3296
41794 63297 3275
41729 63154 3338
41837 63280 3179
41844 63237 3369
41789 63226 3510
41872 63357 3571
41786 63197 3128
41770 63162 3393
41869 63379 5976
