68806 106527 5576
68970 107113 11291
67693 104679 3554
66942 103697 3561
66924 103384 5235
68986 107020 5380
69023 107025 5656
68193 105445 5768
68483 105951 6084
68701 106247 8117
68616 106091 5688
67971 104977 5160
67792 104889 6405
68718 106156 8451
68539 106000 5501
66782 103282 5401
69417 107813 4921
68105 105024 5706
68386 105544 5200
68202 105573 5431
68641 106363 6186
69216 107309 6183
68400 105877 5429
68933 106507 6122
68530 105928 5278
67576 104248 5631
67093 103966 8137
68315 105422 5442
68489 105936 5891
68238 105424 5550
68216 105391 5102
68104 105164 5185
69436 107731 5663
69014 106978 6290
68705 106335 7479
68745 106336 6571
67726 104806 3799
69002 107053 5428
68169 105199 5964
69026 106971 5525
68846 106958 5198
67925 104843 5882
67029 103414 8007
68141 105437 3826
67985 105097 6622
68040 105156 4153
69135 107187 5288
68380 105823 5444
68892 106417 5475
69023 107063 3726
68412 106173 6624
69399 107712 5817
69608 108163 6021
67626 104331 5750
69036 107071 4836
68911 106674 11119
68300 105594 5447
67797 104910 5368
68539 106070 3398
69063 107132 7050
68672 106634 5160
68986 106964 5545
67843 104632 7643
68762 106563 8138
68237 105375 5649
69332 107164 7834
66876 103125 5567
61353 94690 5037
68451 105665 5792
68429 105788 5708
68655 106301 7532
62267 96227 5154
68619 106430 4389
68563 106093 5668
68764 106246 7244
68408 105596 5325
69102 107053 5540
68556 105863 5530
68588 106035 4712
68101 105330 6845
67607 104172 4080
68404 105939 8489
68513 106037 5941
69324 107531 6028
68149 105252 5279
69358 107553 3800
68691 106267 5708
68577 106027 5542
69061 106947 3778
68616 105733 3956
69121 107077 4996
68418 105716 6411
68825 106586 5617
67638 104714 3676
68825 106795 3585
68530 105955 5556
68936 106729 5668
67868 104957 7743
69035 107066 5134
68782 106478 4736
