70131 110699 6687
69998 110549 5480
69898 110508 3576
70036 110729 5404
69761 110288 5205
69932 110523 5214
70070 110751 5342
70444 111443 6709
70000 110697 6113
70390 111195 5166
69798 110163 5310
70474 111456 8371
70412 111296 4510
70206 110953 5699
70453 111172 5295
70418 111215 5455
69854 110289 3879
70460 111418 5425
70012 110754 5598
70428 111365 9748
70176 110965 3924
70044 110789 7908
70203 110947 5361
70396 111181 6777
69765 110175 3464
69870 110382 5576
70423 111233 5656
70478 111506 5568
70398 111323 5151
70247 111131 7320
70455 111139 5457
69978 110651 3421
70413 111381 3890
70415 111386 5471
69813 110190 6011
69927 110555 6212
70495 111542 5818
70455 111486 5972
70417 111374 3866
70417 111334 5238
70423 111221 4915
70322 111262 5048
69751 110189 5810
70395 111296 3683
70365 111226 3658
70452 111416 6413
70225 111047 5794
70141 110836 4122
69865 110417 3352
69925 110476 5655
70446 111223 5820
70330 110927 6442
70394 111356 5406
70386 111084 9740
70449 111228 5501
69995 110713 4589
69766 110351 4856
70435 111233 5134
70402 111328 5097
70452 111243 5370
69992 110655 5097
70478 111307 5252
70425 111381 6225
69904 110500 3446
70363 111284 4195
69971 110548 3616
70184 110954 5614
70481 111544 5642
69888 110385 5243
70407 111306 5357
69925 110500 5187
70413 111161 4142
69873 110423 5309
69912 110379 8744
70438 111235 8294
69906 110450 3913
69798 110041 5805
70194 110928 9392
69966 110536 8071
70453 111463 3534
70430 111428 7048
70067 110760 5640
70369 111250 5473
70115 110822 6138
69907 110419 4070
70305 111182 3736
70406 111331 5389
70410 111397 5763
70306 111232 5055
70445 111389 5237
70168 110823 6415
70386 111287 8014
69946 110481 7240
70415 111484 8730
70281 111095 4232
70441 111225 7861
69909 110336 3439
70248 110969 3552
70154 110807 5816
69849 110329 5655
