91410 127850 6414
91342 127679 6644
90802 126939 6388
91454 127871 5477
91381 127748 6589
91418 127779 6316
91439 127888 3898
90938 127201 4127
91373 127746 7501
91575 128183 6190
91273 127608 6021
91366 127757 4618
91353 127690 5826
91441 128013 7505
91382 127743 5909
91438 127792 6328
91421 127928 5275
90763 126929 6213
91396 127734 9213
91384 127807 6287
91433 127796 6779
91373 127770 6242
91450 127916 3830
91402 127863 7813
91418 127796 6709
91228 127580 4399
91989 128537 6943
92003 128520 6436
91444 127705 5880
91446 127871 6837
91166 127479 5331
91334 127729 6155
91402 127758 6252
90946 127204 4130
90910 127233 6009
91589 128073 6892
92038 128481 6065
91361 127750 4482
91467 127924 6762
91464 127934 6039
90939 127204 9116
91953 128429 6240
92069 128659 4934
91656 127988 5254
91180 127490 6553
91445 127955 8129
92007 128528 4273
91984 128550 6742
91364 127752 5240
91487 127897 6528
91158 127501 7528
90794 126942 7580
91636 127968 7348
91922 128385 6500
91410 127882 5600
90914 127157 4156
91278 127664 6331
91412 127778 6435
91372 127718 7061
91415 127826 6354
91629 128209 7658
90920 127107 6917
91398 127751 6310
91371 127818 6202
91386 127758 5768
91406 127785 4574
90908 127183 5996
91406 127826 4473
91546 128155 3899
90845 126967 4637
91375 127810 6430
91213 127543 4410
91434 127941 6040
91502 127998 7663
91385 127783 6843
91389 127837 5852
92078 128668 6950
90939 127230 4914
91979 128431 6433
92006 128474 5832
91512 128044 7370
92046 128551 6029
90676 126790 4720
91362 127751 4562
92041 128608 6703
91226 127591 5976
91452 128038 4635
91392 127956 5878
92021 128580 5863
91551 128227 4712
91386 127843 4021
91429 127789 4208
91503 127912 4853
91357 127683 7093
91550 128009 4734
91398 127726 7824
91469 127932 4830
90977 127225 4136
91375 127740 6657
92091 128646 5348
