59882 79075 3921
59940 78926 3776
59686 78763 3794
59606 78608 2479
60270 79168 3773
60242 79325 2378
59724 78799 3833
60856 79964 4143
60228 79184 3636
59659 78678 2644
59681 78733 3754
59794 78842 3818
59867 78962 2547
60376 79373 3803
60108 79163 7487
60197 79185 4016
59867 78985 6804
60021 79056 3595
59136 77869 3368
60220 79242 3948
59606 78649 3580
60022 79005 3691
59671 78662 3805
59718 78760 2335
59858 78969 4069
60171 79152 3769
60220 79259 4058
59860 79014 3022
60026 79064 3836
59743 78753 3554
59712 78730 2690
60387 79412 7000
59705 78717 3761
59686 78756 3751
59703 78753 2411
59722 78750 3292
60013 79090 3841
60034 79033 5306
59774 78870 4216
60335 79361 4018
59753 78843 3488
59709 78760 2577
59700 78744 3761
59616 78659 2976
59860 78907 3772
59770 78844 3319
60144 79277 2499
59786 78858 2978
59681 78790 2464
60009 79031 3597
59667 78654 3131
59690 78764 5491
59577 78633 3902
59679 78725 3851
59719 78754 4193
59694 78708 2493
59594 78644 2577
60037 79128 3842
59822 78919 3802
59499 78482 3763
59972 78977 3738
59688 78695 3750
59126 77896 7737
59569 78541 2428
59692 78724 3547
59540 78533 2448
59975 78942 3369
60026 79042 3823
59325 78211 6425
59785 78890 2388
59566 78567 3843
59699 78717 3478
59643 78714 5074
59732 78765 2648
60003 79027 2728
59738 78773 6000
60318 79205 2830
59797 78872 3095
59733 78781 2725
59737 78743 3582
60411 79436 3459
60263 79371 3584
60012 79053 3514
60046 79196 3772
59753 78830 4241
59741 78898 2447
60144 79285 3823
59710 78792 3661
60115 79203 2567
60025 79073 3953
60214 79228 3876
60869 79984 7976
59167 77948 3883
59696 78745 6413
59724 78807 3835
59985 78994 5251
59329 78088 4387
59827 78932 3211
59745 78851 3733
60114 79197 3644
