63699 128365 3888
65612 133171 6184
65383 132307 5353
63836 129005 6848
53971 108261 4296
64453 130169 6129
63747 128820 4363
62790 126792 6433
64995 131332 5385
62931 126379 5990
64848 131389 6737
63976 129144 6096
60737 121980 6958
65052 131908 7203
65065 131950 6128
65225 132044 6311
64211 129481 6609
62595 126356 5895
64583 130564 6080
64256 129927 6065
63810 129084 5790
62504 125494 6542
66510 135203 7049
53977 108277 4864
64010 129146 6300
64767 131214 6141
65012 131363 5504
64352 130095 7758
65557 132886 6130
64466 130178 6210
54415 109360 3230
65051 132252 8200
60899 122578 5948
65032 131431 6259
64624 130971 4974
64484 130629 5821
65403 132507 6400
63978 129068 9270
63181 127172 6230
65163 132103 7253
64905 131461 4285
63487 128129 4069
64976 131600 5232
62451 125839 6177
64174 129486 5821
64561 130913 6874
65721 133500 7018
63909 129144 5668
65272 132310 6432
64571 130650 6941
64261 129690 5912
63747 128554 5751
61398 123841 5974
64214 130033 4053
54430 109325 3465
64823 131192 6455
64133 130162 6202
62607 126296 5831
63904 128845 6496
64512 130598 6241
63442 128346 10351
62449 125497 6186
63781 128599 5789
65422 132835 6418
64978 131937 6039
64695 131202 5139
64045 129327 4102
64063 129445 6066
64349 130327 5078
64155 129718 5952
55276 111442 4107
65293 132231 8643
63102 127264 6068
64389 130407 7949
62581 126287 6114
64588 130443 5150
65758 133101 5272
64337 130331 4506
65067 131766 9760
64353 129894 6571
64654 131148 7013
64904 130935 3905
64940 131538 6085
64981 131588 6242
65290 131905 6097
65037 132103 10888
63554 128267 7077
63167 127727 6724
64677 131427 4280
60523 121993 3735
63525 128450 4633
64383 130200 6276
65913 133699 5311
64258 129954 4460
64500 130274 6270
65074 131980 6289
61402 123883 6355
63228 127067 4215
63780 128946 9158
65702 133395 6494
