12033 18381 951
12228 18684 979
12250 18717 959
12252 18753 1016
12231 18718 1093
12133 18448 939
12228 18704 1000
12007 18335 1000
12185 18583 1089
12004 18336 944
12249 18704 1153
12228 18702 943
12192 18584 868
12181 18569 939
12228 18700 711
12228 18701 657
12219 18663 964
12035 18392 963
12054 18397 937
12228 18713 1083
12228 18703 905
12219 18643 5460
12228 18700 844
12243 18721 3079
12234 18726 738
12175 18570 1049
12200 18607 898
12236 18729 913
12178 18562 937
12008 18344 873
12190 18575 886
12228 18703 4965
11996 18323 860
11999 18330 929
12130 18496 842
12229 18704 927
12230 18705 986
12196 18580 892
12232 18721 974
12255 18757 882
12229 18705 822
12218 18652 742
12275 18797 1195
12117 18443 1333
12228 18703 1006
12230 18712 866
12234 18720 937
12183 18575 1072
12231 18710 898
12227 18698 946
12230 18672 869
12229 18704 906
12261 18746 1113
12008 18345 969
12226 18710 822
12232 18721 678
12229 18699 741
12152 18460 925
12213 18638 922
12189 18576 947
12233 18713 937
12150 18535 986
12229 18700 918
12219 18652 949
12226 18696 953
12113 18422 1367
12116 18438 990
12227 18699 970
12231 18700 935
12041 18399 774
12219 18649 940
12234 18724 892
12228 18699 695
12216 18613 677
12228 18702 968
12232 18704 990
12271 18768 3845
12228 18703 983
12141 18463 904
12256 18763 944
12215 18644 4495
12233 18714 684
12008 18358 946
12171 18559 942
12226 18706 1011
12226 18712 962
12226 18696 935
12229 18700 1027
12115 18437 926
12079 18383 858
12160 18562 927
12050 18377 819
12225 18690 863
12007 18341 730
12038 18382 578
12065 18441 942
12110 18421 857
12233 18708 1876
12256 18759 646
12007 18340 779
