58636 97412 4098
58221 96799 3032
58002 96706 3002
58520 97332 3004
58787 97813 4809
58149 97067 4679
57586 95899 4624
58675 97599 4390
58737 97659 5127
57604 96027 7608
58673 97520 3496
58683 97685 4523
58593 97494 7660
58781 97730 4913
58694 97559 5131
58616 97377 5849
57971 96483 7555
58681 97675 3241
58677 97569 4645
58666 97573 5126
57201 95389 3141
58588 97418 6093
58492 97272 3370
58735 97664 5253
58767 97709 4410
58779 97755 4629
58817 97827 6981
58738 97741 5846
58274 96884 4920
57936 96569 4662
57072 95070 4380
58748 97795 4515
58036 96867 6071
58756 97775 2979
57845 96328 4185
58752 97692 3194
58788 97855 4564
58718 97661 4293
58581 97374 4878
58747 97667 4766
58781 97790 4726
58740 97658 4443
58685 97618 4518
57990 96706 4499
58593 97494 4450
58628 97422 4114
57961 96677 3195
58694 97629 3385
58687 97567 4477
58143 96653 4980
58690 97634 4797
57898 96521 3174
58760 97705 5365
58683 97551 4764
56941 94748 6929
57933 96654 6209
58711 97758 3296
58646 97468 4430
57557 95904 4370
57060 95071 2896
58665 97567 3678
57910 96489 4723
58589 97479 3829
58742 97682 4906
58701 97664 5213
58699 97626 4245
58596 97447 3100
57133 95182 5185
58775 97737 4291
57760 96262 4161
58678 97672 7794
58717 97611 5169
57943 96557 3956
58753 97684 4605
58725 97679 4807
58735 97781 5156
58687 97678 4540
58716 97621 3033
58658 97535 3401
58735 97651 3126
58760 97703 4419
58759 97710 4521
58759 97751 4564
58684 97572 3014
58754 97731 3450
58306 97207 4366
57921 96524 4207
58807 97960 4470
58104 96587 4737
58766 97784 4780
57912 96683 7992
58725 97644 4979
58743 97675 4531
58740 97684 2960
58746 97759 3040
58740 97667 4793
58746 97718 3567
57759 96253 3900
58744 97719 2959
58736 97662 5051
