34965 72377 2272
35638 73818 2255
35397 73463 2346
35445 73432 2400
35708 74066 2375
35447 73683 2436
35886 74744 2574
34650 71585 2484
35743 74200 1983
35067 72215 2466
35604 73862 1554
35730 74212 1593
35761 74267 1653
35464 73495 1607
35988 74631 1628
34800 71922 2327
35037 72526 1540
35050 72485 2464
35041 72473 2307
35758 74210 1534
35031 72454 1921
35768 74392 1495
35599 73751 2368
35676 74019 1846
35508 73647 2204
35402 73205 2290
35925 74446 2298
35675 74001 2373
35904 74785 2263
35862 74563 2330
35400 73454 1710
35144 72726 2223
35665 74179 2395
34925 72195 2132
34252 70459 2184
35497 73565 2304
35702 74091 1630
35372 73519 2570
35763 74287 2326
35659 73957 2781
35782 74353 2339
35382 73064 2385
35632 73831 2412
35699 74063 2279
35503 73505 1487
35632 73821 2360
35749 74203 2371
35515 73371 2519
35409 73109 2609
35334 73064 1530
35797 74061 2223
35475 73500 2305
35480 73738 1555
34956 72171 1762
35837 74593 2148
35656 74026 2170
35693 74137 2312
35785 74288 1499
35807 74084 1568
35771 74342 2419
35519 73607 2291
35768 74229 2431
35453 73484 2227
35730 74180 2409
34243 70434 2199
35454 73466 2461
34096 70231 2695
35780 74328 3759
35360 73107 1485
35769 74270 2432
35549 73625 2361
34765 71867 1505
35241 72949 1569
35710 74109 2399
35428 73415 2274
34839 72039 2252
35737 74214 2376
35223 72784 2266
35680 73980 2625
34883 71985 1493
34864 71688 2425
35518 73452 1949
35511 73563 2749
35299 73047 2105
35318 73312 2391
35698 74120 2426
35062 72551 2322
35314 72940 2689
35231 72760 1493
35719 74197 2418
35732 74136 1615
35796 74500 1940
35753 74234 2349
34721 71765 1567
35971 74601 1610
34752 71838 1684
35771 74383 2405
35662 73935 2365
35277 72946 1762
34835 72009 1477
