58148 120144 3626
58079 120093 6315
55982 115424 5870
58176 120095 5931
58126 120043 5001
58151 120045 3545
58160 120087 5048
57916 119589 3363
57879 119341 5959
58066 119909 5801
57500 118611 3331
58079 119947 5626
58077 120075 5830
58248 120327 6789
58061 119859 3855
58230 120265 5818
58209 120223 9476
57983 119850 3592
58071 120037 5263
57238 118181 5139
57916 119514 4568
58187 120121 7001
57911 119398 5917
58074 120008 8274
57987 119644 5021
57935 119742 10615
55955 115396 6001
57945 119463 3352
58010 119706 5334
58138 120054 3376
58282 120596 4447
57901 119621 3520
57900 119461 9230
58195 120295 7527
58011 119681 5762
58124 120036 3443
57979 119565 7472
57858 119270 5561
57702 119126 5420
57893 119372 5291
58295 120410 5452
55802 115007 5244
58166 120131 6945
57733 118895 5773
58014 119839 9308
58169 120159 3730
58172 120125 3749
58055 119735 5425
58230 120246 5630
58105 120079 5991
57883 119640 6234
58107 119986 5817
57858 119546 5466
58263 120408 5373
57910 119437 8362
58162 120156 3511
58047 119960 7361
58057 119850 5828
58014 119713 7703
58036 119782 5983
58204 120203 5966
58012 119667 3766
58217 120266 7262
58170 120119 3443
58158 120067 6055
58131 119978 5144
57943 119393 3349
58326 120680 4366
56003 115473 6460
57965 119513 3802
58007 119654 9895
58187 120129 3501
58098 120117 5381
58208 120323 3721
57732 118976 4533
58113 119817 9682
58133 119983 5402
58183 120148 3509
58200 120189 4430
57532 118658 6804
58065 119797 5018
58066 119987 5889
58372 120629 6007
58138 120199 5495
57809 119090 4925
58144 120090 5770
58084 119907 3562
57772 118915 6322
58026 119807 7034
57907 119378 6672
58170 120160 5670
58084 119798 6208
58084 119864 7379
57958 119523 7913
58236 120375 4669
58231 120338 4917
58178 120185 3484
57910 119444 5178
58108 120129 5327
57936 119728 3487
