46258 66169 2191
46214 66095 2104
45909 65666 3064
46232 66131 4358
46256 66161 3016
45734 65346 2734
45993 65766 3113
46364 66368 2490
45969 65761 3357
46193 66097 2623
46254 66159 5119
46206 66079 2893
46231 66128 3616
46199 66112 3374
46245 66161 5194
46182 66044 3793
46182 65951 2330
46225 66124 2703
46238 66096 3016
46237 66113 8311
46238 66097 2508
46162 66013 5163
46218 66080 10066
46238 66109 3432
46233 66137 3155
46230 66116 3288
45843 65558 2654
46216 66082 2205
46241 66110 3586
46234 66105 3099
45820 65504 3407
45873 65616 3152
46186 66047 2184
45893 65671 3326
46259 66180 6887
46184 66075 5596
46184 66033 2858
46215 66104 2168
46184 66071 2942
46181 66045 3630
45713 65312 3244
45905 65668 2176
46244 66126 3365
46180 66026 3515
46171 66004 3751
46242 66018 4142
46244 66126 3891
46224 66082 3467
46168 65931 3576
46208 66089 2490
46179 66025 3871
46206 66091 2254
46270 66169 3354
46165 66005 2109
46224 66120 2123
46143 65938 6141
46240 66183 3065
45906 65662 3371
46200 66085 3351
46288 66244 3546
46215 66094 3024
46168 65954 3404
45795 65503 3065
46258 66152 3353
45995 65838 6898
46406 66373 2332
46192 65962 3431
45891 65640 3630
46157 66016 3475
46189 66073 5202
46240 66143 3065
46178 65956 3468
46216 66015 3451
45910 65655 2321
46307 66213 3246
46217 66071 3190
46179 66027 2286
46177 66021 3610
45818 65521 2043
45917 65689 3188
46232 66103 3093
45873 65623 3346
45947 65721 3338
46259 66170 3230
46233 66102 3325
46138 65996 3248
46184 66033 2233
46286 66136 3576
45791 65424 3621
46289 66228 3273
46258 66160 3204
46286 66230 3396
46259 66167 3314
46217 66123 3324
45941 65701 2287
46163 66005 7230
46195 66001 3417
46146 65990 3177
45890 65674 2249
45753 65364 3334
