14773 23466 958
14687 23346 1227
14796 23468 1293
14802 23487 1196
14794 23467 710
14789 23417 767
14788 23440 1131
14805 23485 1098
14789 23446 1164
14790 23447 1217
14785 23440 813
14789 23473 1041
14777 23402 1149
15563 24765 790
14790 23442 3863
14758 23321 754
14806 23479 1112
14777 23462 1074
14716 23350 2544
15461 24524 974
14669 23282 1021
14806 23525 1146
14783 23457 1096
14834 23531 1114
15610 24871 1142
14799 23505 1078
14772 23347 1094
14776 23428 1184
14766 23387 1334
14780 23417 1171
15502 24658 772
14820 23532 1129
15128 24081 1121
15489 24609 1137
14780 23397 849
14762 23364 766
14789 23470 1173
14788 23433 1942
15654 25030 1273
14778 23424 998
14759 23389 1151
14794 23444 1186
14800 23486 1213
14793 23443 1359
14768 23455 1177
15543 24739 1244
14806 23500 1905
14785 23445 1102
14772 23413 1267
14823 23556 1378
15483 24603 892
15661 25035 1134
14732 23338 776
14791 23443 1249
14799 23500 1221
15093 24009 783
14784 23425 1168
14799 23462 1081
14726 23367 1167
14790 23486 709
14768 23454 833
15073 23950 1230
14784 23412 1269
14741 23395 1236
14791 23447 1214
14774 23425 1189
14795 23491 1062
14759 23351 1184
14783 23444 747
14786 23448 1096
14751 23336 1196
14791 23430 1197
15067 24019 1176
14805 23448 1289
14788 23463 1196
14760 23341 1215
14831 23534 935
14785 23449 836
14813 23541 760
14784 23417 733
14801 23444 1229
15485 24606 834
14795 23459 1136
14799 23469 1171
14737 23310 958
15524 24691 1292
14801 23485 1294
14816 23499 1228
14809 23520 1124
14722 23324 1059
15486 24621 1214
14785 23432 1106
15487 24643 1172
14785 23435 1136
14767 23435 1197
14774 23365 1101
14795 23424 1147
14758 23435 797
15523 24716 1183
15542 24749 1368
