70481 144299 6541
70208 143598 10101
69752 142084 5676
70306 144148 9879
70362 144036 7449
69971 143280 6034
70104 143608 6290
71560 146589 9558
69936 143347 6104
70182 143814 6730
70007 143451 6779
70481 144226 6115
69724 142715 6497
70118 143141 4001
69861 142960 8080
70882 145014 6367
70060 143536 4758
70151 143657 6826
70102 143590 6323
70885 144829 4290
70114 143680 6465
70150 143676 9127
70173 143525 4109
70500 144422 6327
70430 144057 4269
70198 143909 4509
70081 143508 6800
70477 144340 5751
70176 143243 5507
69522 142261 4005
70003 143266 6451
69902 143073 6873
70139 143804 6580
70287 144315 6337
70307 143464 9509
69881 143042 4636
70137 143672 5922
70034 143344 6758
69929 143205 13836
70345 143887 10700
70745 144624 6770
70105 143709 9687
70030 143480 6215
70161 143751 6691
70272 143454 5749
69868 143137 5464
71076 145259 6985
70281 143511 7017
70186 143758 6405
70678 144401 5597
69930 143108 6029
70573 144204 5949
70008 143367 5523
70712 144938 6286
69921 143259 6594
70437 144112 5799
70278 144217 4146
69692 142653 6330
68922 140693 6018
70473 144154 6105
70020 143457 3826
69410 141973 7264
70313 143828 10548
70016 143346 6841
69793 142961 6791
70389 144128 8797
70024 143351 9506
70114 143819 7675
69518 142225 7169
70103 143509 6008
69763 142109 5433
69994 143579 10705
69339 141726 4790
69713 142754 4108
70142 143749 5019
70475 143767 9314
69833 143054 8544
70627 144307 6784
70457 143850 8500
70291 143770 9150
70297 143479 6178
70163 143802 6613
69905 142943 7368
70656 144407 6387
69748 142804 6052
69848 142894 6229
69876 142557 6566
69695 142572 6788
69939 142955 5875
70075 143424 6656
69499 142166 7478
69815 142802 6409
70040 143342 6424
69789 142316 5609
70401 144045 6380
70064 143513 4143
70454 143865 9201
69711 142596 6818
70079 143520 6278
70132 143679 7004
