83624 117136 7155
83380 116732 9613
83481 116899 5428
83613 117156 5786
83328 116597 4232
83418 116851 5697
83426 116887 4034
83471 116854 5968
83389 116768 5808
83559 117051 5582
83564 117034 5499
83556 117012 8759
83964 117460 5246
83595 117069 6602
83397 116803 5361
83254 116571 5099
84045 117549 12050
83618 117063 5489
83487 116949 5589
83494 116921 5696
83545 116949 6067
83579 117041 10626
83480 117048 4762
83455 116914 3793
83500 116864 6216
83480 116981 3528
83977 117406 14158
83605 117099 3871
83510 117080 8001
83517 117016 3910
84099 117536 5852
83543 117162 5549
83475 116917 6935
83516 117000 5489
84120 117454 4259
83571 117022 5988
83465 116831 5756
83377 116688 10755
84005 117467 5414
83525 117152 6166
83592 117014 11587
84101 117619 6083
83465 116860 11763
83559 117067 5993
84052 117634 4418
83582 117093 7099
83548 117026 5811
83590 117044 5791
83375 116852 4286
83794 117050 5463
83473 116939 8243
83529 116975 5756
83574 117084 5500
84035 117500 6336
84014 117438 7774
83598 117100 5843
83570 117017 5640
83551 117068 7346
83566 117034 3792
83583 117047 5940
83621 117133 5374
83470 116872 5448
83962 117389 3766
83561 116994 3691
83530 116941 5749
83488 116962 7214
83564 117013 11063
83357 116705 5517
83574 117045 5143
83599 117136 5450
83660 117153 4669
83552 116990 5807
83500 116910 5426
84065 117525 9410
84066 117557 8886
83573 116897 3758
83586 117038 5892
83990 117463 6303
83528 116964 6983
84061 117596 8101
83530 116998 6303
83733 116986 4712
83420 116784 5913
83504 116947 5904
83558 116935 5285
83604 117153 6323
83359 116695 6934
83511 116921 6620
83508 116939 8434
83485 117072 6090
83528 116974 5716
83600 117105 5965
83612 117163 4185
83695 117239 5536
83549 117030 3745
84066 117546 5871
82903 116159 5769
83584 117042 3668
83565 117165 4695
83622 117118 4015
