29007 59999 2768
28787 59435 2880
28885 59648 2677
28857 59585 2580
28886 59661 2865
28926 59850 2749
28899 59713 2726
28872 59595 2787
30036 61955 2898
28929 59718 2135
28855 59585 2082
28850 59532 2881
28789 59436 2745
28831 59543 2835
28925 59771 2746
28966 59567 2577
27227 56032 2676
29999 61785 2534
27196 55785 2498
28866 59622 1797
28921 59656 4179
28900 59723 2807
28877 59657 1864
28820 59500 2721
28882 59668 2421
30049 61924 3886
28903 59655 2581
30143 62068 2926
28886 59696 2601
27075 55624 2289
30060 61953 2917
28813 59533 2696
30034 61862 2894
30019 61829 3746
28873 59594 2908
28883 59681 5086
28904 59594 2701
28985 60037 2474
28741 59288 1746
29998 61785 2770
28735 59176 2952
28876 59638 1931
28849 59600 2906
27090 55449 1664
28832 59511 1881
28747 59287 4644
27149 55684 2463
28860 59559 2567
27193 55981 1736
28963 59845 1744
28837 59478 1784
28819 59475 2888
28850 59580 2910
26995 55315 2354
30473 62787 3093
30156 62150 2740
27020 55336 2475
28906 59722 2523
28854 59499 2879
28883 59661 2421
27213 55947 1888
28907 59619 2460
28749 59302 1912
29978 61698 2757
29961 61746 2548
30045 61984 3072
28768 59307 2407
29981 61752 2573
30002 61735 2042
31029 64416 2650
30009 61774 1897
30576 63094 4789
28873 59633 3322
28885 59652 2667
27143 55695 1529
27125 55672 2510
28880 59650 2545
28908 59668 2662
30023 61825 3059
28384 58287 3201
28956 59752 2993
28849 59606 2667
29990 61748 2989
28958 59820 1669
28806 59422 2163
28896 59568 2323
28942 59816 5551
28848 59653 2661
28807 59459 3043
28809 59511 3176
27097 55496 1830
27243 55999 5719
28714 59182 1848
28960 59543 2913
28888 59635 2796
28771 59358 2784
28773 59294 6850
28939 59738 4516
26974 55210 2903
28932 59822 2569
