58144 118626 9017
53767 109186 6474
53907 109637 2914
54043 109821 3675
54146 110232 3408
53874 109596 3280
54073 109949 3301
57819 117749 6112
58576 119510 5855
54051 109917 4975
53615 108879 4557
54142 110172 3221
54090 110052 3205
53962 109764 5216
54409 110925 10972
53952 109732 8905
54072 110067 5032
54005 109932 3207
53565 108945 3476
54035 109866 3191
54185 110341 3548
57933 118091 5277
53816 109534 4610
53731 109162 4095
58034 118260 3583
57785 117655 5802
53883 109692 5560
58163 118559 11376
53743 109221 3775
53986 109754 4578
54006 109938 10889
57818 117699 6264
53748 109238 3828
54108 110143 4489
54086 110124 3271
53706 109189 7327
53900 109563 3013
52367 106716 7865
54104 110179 4684
53469 108483 7141
58490 119348 3221
53767 109309 4467
53912 109621 5324
54011 110007 5063
53775 109245 5272
58671 119866 5678
53780 109364 3174
58892 120243 6005
54232 110482 3831
53629 109095 5271
53983 109793 5161
58643 119818 5300
54040 109921 6584
58475 119197 3874
53966 109770 4253
53817 109350 4450
58862 120295 5211
58326 118838 3296
57984 118166 5335
54250 110496 4531
54122 110203 5287
54356 110784 6710
58214 119037 5480
58598 119592 6000
57793 117727 5259
54349 110775 4989
53555 108802 5599
53763 109169 8086
58467 119192 5657
58060 118362 5257
58381 118945 4838
53926 109654 4561
53954 109699 4516
58171 118664 5149
54132 110301 3573
54196 110432 4866
54134 110309 4757
53902 109595 4528
57918 118000 3885
53909 109646 4125
58851 120351 5331
53743 109227 3310
54023 109954 5217
54044 109883 5251
53485 108529 3092
57830 117894 12003
54113 110183 9833
58304 118886 5342
58574 119652 11084
54084 110005 5755
53953 109587 3869
53944 109660 6941
54098 110039 5291
53886 109501 4958
54174 110385 9362
53591 108950 4927
58016 118381 9245
53702 108985 7549
54144 110226 3148
57688 117619 3563
