76095 157070 5075
78458 162450 4896
78396 162147 7271
77969 161327 4654
78302 162100 8487
78426 162131 7918
78265 161982 5405
77763 160789 5498
78304 162183 5511
78270 161896 7252
78142 161563 7471
78304 162144 11195
77999 161467 8092
78263 161975 7746
78288 162070 8835
77954 161217 5485
77725 160750 7593
77927 161204 7126
78380 162252 9165
78339 162202 7405
78351 162104 12750
78105 161426 10057
78168 161797 6170
77424 159937 7635
77921 161109 6893
78418 162086 7768
78329 162147 8424
77588 160487 7280
78318 162186 7665
77861 161184 9190
77845 161134 10098
77887 160783 6895
77700 160403 7715
77261 159865 7448
78294 162106 7814
78391 162241 8013
78213 161831 6979
78284 162051 4675
77405 159840 7027
78104 161535 6936
78221 161787 8918
78254 161858 7244
77871 160930 6442
77524 160299 4913
78258 162009 8622
77868 161219 6657
78312 162086 6953
78486 162474 6775
77941 161075 10025
78382 162065 7137
78401 162352 8077
78216 161884 16234
78357 162219 7931
78314 162253 8362
77952 161190 5524
78437 162481 8361
78342 162179 7713
78394 162416 5040
78108 161677 7802
77961 161280 11116
77926 161145 7108
78332 162141 7866
78427 162238 11123
77647 160432 8142
78168 161815 8286
76916 158925 4776
78356 162257 6468
78033 161538 6687
78123 161709 4497
78399 162335 7300
78303 162053 8554
78311 162071 6958
78295 161887 10512
78179 161728 8475
78143 161637 7807
78254 161992 10475
78280 161941 8628
78318 162126 7246
78195 161760 6829
77535 160333 7329
78316 162239 7602
78371 162075 4921
78445 162328 4515
78337 162141 6799
78183 161756 5777
77821 161069 8246
78220 161923 8414
78348 162177 10297
77740 160726 10954
77533 160314 11319
78296 162090 8445
78311 162007 7514
77822 161032 6654
78005 161362 7422
77800 160920 4934
78273 162026 8180
77969 161258 7633
78227 161760 8086
77918 161269 5564
77762 160868 5159
