12671 16715 825
13157 17318 789
12880 16938 813
12933 17019 904
12937 16986 868
12701 16776 813
12845 16896 896
12782 16843 2297
13046 17092 630
12669 16697 1084
12970 17066 935
12960 17020 858
12818 16857 892
12869 16938 866
13141 17259 759
12876 16960 865
12676 16732 814
12870 16945 636
12898 16986 792
12790 16878 804
12709 16772 760
12683 16729 893
12684 16723 812
12840 16881 926
12960 17051 925
12949 17034 627
13015 17102 832
12811 16857 821
13137 17247 949
12846 16908 885
12839 16885 593
12917 16987 855
13148 17246 617
12852 16911 571
13184 17375 877
13191 17333 549
12860 16936 782
12679 16711 837
12843 16891 845
12837 16875 796
12807 16851 812
12842 16875 570
12928 17003 605
12840 16910 627
12654 16701 822
12822 16851 824
12841 16875 653
12845 16878 902
12963 17064 807
13008 17083 902
12849 16911 847
12820 16886 1409
12786 16813 781
12841 16882 821
13152 17267 837
13047 17093 781
12876 16964 905
12841 16892 870
12846 16882 792
12920 16989 870
12786 16805 895
13175 17365 827
13005 17072 910
12863 16955 876
12682 16740 824
13121 17275 819
12861 16926 812
12850 16913 866
12829 16870 636
13117 17228 557
12684 16741 732
12840 16882 543
13189 17329 813
12847 16896 522
12965 17033 466
12770 16781 830
12873 16944 766
12949 17035 815
12904 16979 499
12795 16830 890
12952 17021 649
12793 16864 729
12865 16930 922
12855 16920 629
12836 16870 735
13137 17286 809
12838 16880 4209
12859 16929 827
12829 16848 804
12824 16907 798
12687 16745 794
12829 16840 910
12851 16907 890
12867 16929 893
13195 17420 899
12858 16917 841
12828 16850 848
12813 16880 797
12678 16707 969
12690 16755 525
