13883 28908 1325
13598 28173 6658
13231 27173 836
13657 28133 1230
13941 28833 1332
13377 27741 1221
13099 26850 1216
13267 27492 863
13661 28554 4153
13404 27611 1265
12788 26191 1185
13725 28468 1364
13965 28955 1341
13471 27907 981
13139 27017 1320
13787 28513 950
11732 24326 1032
12965 26764 857
13390 27703 1337
13219 27182 1244
12865 26421 1145
10804 21889 1052
13709 28447 970
14036 29245 1403
11782 24266 999
12999 26710 1336
13954 29140 1502
13643 28239 1462
13575 28110 929
13989 29111 1449
13723 28445 1510
13843 28735 1407
11624 23874 1150
13892 28797 919
13076 26901 1385
13353 27604 1431
13300 27432 1428
13640 28222 1267
13028 26808 1206
13691 28349 1309
13881 28883 1229
13515 27902 1276
13613 28143 1312
13844 28706 945
13442 27849 1306
13832 28742 1270
13536 28140 937
13554 28015 901
13612 28159 1178
12628 25971 2615
13962 28982 1354
14131 29397 1351
13515 28002 1370
12746 26371 1204
13461 27804 864
13276 27439 848
13454 27802 1327
13507 27724 1003
13672 28394 1367
11534 23632 685
13136 27152 882
13360 27590 1300
12932 26720 1398
13995 29271 1466
13329 27395 1347
13354 27472 1382
13254 27278 1417
13406 27721 1393
12127 24942 1209
13170 27157 866
10832 22073 1081
13584 28235 1364
14254 30023 1940
10600 21540 681
13572 28106 1417
14084 29481 898
13638 28158 860
14019 29312 1506
12943 26615 899
12897 26564 1183
13511 27804 1196
13392 27611 1234
13073 26986 844
13783 28612 853
13502 27834 1360
13358 27681 1027
13889 28746 2013
13968 29262 1565
13556 27898 1410
13561 27995 867
13490 27747 1334
13179 27126 1396
12459 25429 1219
13714 28269 952
13581 28130 1331
13588 28275 820
12893 26552 1263
13692 28330 1799
13410 27562 1421
13676 28279 1291
