55844 86116 5104
57915 89925 4642
56843 87944 4384
55777 86350 4331
57379 88495 4433
56999 88263 3321
56824 88002 5114
57559 89301 4933
57397 88828 3625
57885 89638 4836
57650 89261 4946
57807 89722 4250
57323 88896 3366
57398 88919 4643
57146 88368 4984
56736 87821 2820
57762 89435 5174
58032 89877 5045
57782 89708 5293
55992 86493 3115
57167 88535 5549
57213 88461 6990
57632 89355 4680
56796 87702 4249
57720 89747 6441
57671 89230 3477
57444 88952 5963
57543 89021 4430
57239 88367 4660
57177 88250 5274
57445 88915 4909
55666 86018 3036
58218 90679 3294
58618 91136 5135
57649 89339 7386
57413 88860 3029
57242 88852 3993
56946 88160 5459
57599 89434 4461
57008 88157 4660
57581 88984 4356
57292 88795 4580
57254 88610 4205
58002 89998 4764
56529 87071 4178
57608 89514 3737
57370 88929 4736
56604 87811 4601
56923 88134 7012
56299 86838 4514
57413 88743 3017
57578 89069 4890
58075 89988 4838
57564 89272 4684
56848 87843 6949
57372 88779 4634
57222 88417 4275
57636 89538 3593
57980 89836 4618
55992 86521 2790
57785 89492 9161
57796 89767 4199
52137 80600 4767
57197 88602 4782
56680 87879 3122
56628 87377 5175
56962 88098 4715
51613 79604 2618
57164 88517 4623
51915 79991 4857
57269 88508 4584
57683 89436 4763
57890 89747 6169
57591 89162 4551
58163 90308 4199
56446 87446 5446
57262 88820 4759
57092 88566 2972
57661 89361 4375
56870 88057 4953
57427 89062 4643
57975 90097 7814
57557 88898 5626
56307 87138 4464
57553 89243 5134
57008 88381 5441
57289 88663 5142
57802 89704 4559
57428 89326 10220
57560 88754 4172
57035 88119 4770
56519 87228 6296
57108 88167 5741
58102 90179 4764
57591 89386 4411
56386 87311 4969
58136 90234 4669
57377 88877 4294
57108 88273 4880
57017 88313 5856
