50663 79837 2766
50535 79804 3728
51202 80597 3533
50728 79982 2513
50709 79968 2773
50928 80120 4020
50247 79370 3105
50721 80002 2475
51247 80888 3687
50707 79947 2487
50942 80372 3615
50654 79865 2550
50799 80142 3930
50890 80035 3475
51255 80700 3412
50724 80004 2718
50800 80169 3779
50744 80012 3913
50564 79865 3695
50723 79990 3562
50735 79990 3977
50231 79347 4135
51218 80866 4683
50670 79897 4131
50798 80159 3706
51175 80553 3685
50540 79594 3808
51317 80836 4062
50685 79898 3709
50612 79790 3095
50724 79961 3946
50223 79351 3661
50590 79742 2190
51016 80361 4015
50607 79765 2694
50680 79966 3501
50241 79431 2511
50709 79962 3434
50780 80128 3988
50629 79828 6384
51258 80655 3541
51346 80876 3834
50548 79834 3670
50548 79589 2462
50670 79834 3870
50100 79145 5071
50625 79827 4037
50614 79802 3394
50635 79775 3937
50707 79963 3762
50733 80036 2401
51287 80686 4093
50798 80121 6497
50675 79864 3285
50523 79801 3881
50538 79573 3830
50703 79930 3585
50688 79909 3972
50246 79400 3571
50285 79529 3736
50330 79578 2505
50730 80022 4072
50249 79408 3468
50720 79996 3864
50262 79384 3293
50721 79950 6660
50723 79952 2418
50751 80018 3592
50568 79629 3662
50715 79977 3488
51359 80791 2367
50814 80199 3567
50683 80223 3294
50634 79780 2657
51169 80529 4075
50288 79550 4014
50291 79495 3998
50736 79915 2639
50539 79573 2318
51177 80737 3937
51202 80596 5156
51198 80579 2387
50561 79598 3166
50787 80178 2658
50936 80117 3846
51355 80820 3937
50728 79986 2487
50924 80145 2405
50682 79898 2390
50644 79828 6482
50327 79550 4059
51209 80580 3782
50734 80010 5188
50699 79889 3697
50209 79298 3303
50731 80228 3453
50531 79512 3608
50690 79920 3813
50697 79865 2526
50725 79961 6385
