86496 111092 5858
86187 110263 6386
84753 108381 5401
85901 110061 6243
85416 109132 7655
85278 109061 6277
85814 109742 4019
81261 103742 5549
85227 109038 6212
85306 109195 6253
85553 109394 5759
85479 109077 4038
87304 112151 7036
86070 110380 5328
86632 111262 6832
85503 109433 4283
85633 109442 3923
85651 109715 5380
86290 110432 7093
86536 110889 5842
85511 109370 6164
84305 107440 5700
85412 109417 5840
85386 109257 3911
85894 110031 6177
86652 111193 7780
85458 109277 5619
86442 110859 5754
86463 110722 5295
85516 109462 4775
86564 111066 6919
85523 109417 4966
85676 109791 5295
86152 110358 5978
86520 111327 11799
86067 110049 5541
85796 109709 4460
81677 104411 5476
85269 109358 6958
86347 110450 9761
85425 109216 7476
86268 110687 6065
85174 108714 6710
85703 109645 5198
86499 110825 3639
85709 109816 5696
84950 108903 5724
85610 109544 5721
86182 110530 5662
86586 111011 5732
85389 109212 5850
85441 109441 3898
86007 110212 4052
85914 109978 5286
86028 110150 5458
80747 103001 6254
85949 110233 5950
85275 109082 5287
85597 109574 4912
86063 110441 4392
85891 110091 5475
86589 110906 6230
85981 109986 7417
85342 109385 7607
85824 109747 6373
85949 110067 17852
85268 109164 5390
86838 111691 4362
85563 109184 4047
85538 109578 5441
84987 108843 5191
85495 109506 6028
86562 111115 5908
86492 110897 6613
84506 107745 6140
86483 110793 11424
86030 110055 6142
85970 110183 5891
85164 108743 5951
86573 111112 5864
86011 110114 5922
85513 109224 5527
85876 109757 6662
81706 104564 5622
84869 108420 5806
83680 106956 5908
86018 110261 8074
85433 109439 6766
86507 111084 7726
86589 110957 6080
85552 109634 7193
86125 110294 6466
86461 111029 7931
86063 110395 5478
84069 107683 6382
86143 110354 5504
84880 108484 8573
86081 110270 7433
85673 109860 8579
85164 109138 6055
