15500 32314 910
15184 31588 1321
15319 31812 1414
15447 32153 1459
15537 32366 1578
15786 32961 1484
15458 32081 1469
15446 32034 1535
15573 32399 1648
15531 32308 1384
15461 32122 3619
15465 32163 996
16700 34987 1217
15415 32055 1399
15447 32149 1498
16856 35392 1454
15542 32325 1380
15449 32178 1409
15536 32397 1577
15433 32109 1576
15502 32282 1699
15398 32106 1519
15439 32105 1341
15408 32036 960
15535 32384 1531
15376 32063 1584
15538 32335 1544
15536 32327 1594
15413 31963 1483
15550 32388 1281
16983 35768 1782
17057 35954 1645
15642 32648 1589
15408 31961 1429
15504 32253 1831
15451 32122 1180
15444 32079 1426
16441 34281 1486
15407 32030 1689
16597 34882 1625
15529 32338 1371
15410 31947 1461
16828 35322 1598
16844 35399 1576
15341 31900 1498
17137 36135 1667
15456 32135 1382
16884 35451 1619
15482 32309 1397
15271 31836 1383
15476 32224 1646
15458 32097 1705
16891 35466 2011
15469 32179 1120
15516 32299 1282
15235 31732 1246
16723 35118 1679
16990 35731 1107
15413 32063 1459
15473 32203 1496
15546 32425 1674
16891 35443 1693
15482 32259 1467
15439 32094 1545
15429 32089 1511
15440 32070 1397
15473 32169 974
15476 32244 969
15470 32182 8492
15354 31927 1358
15458 32197 1452
15540 32408 1469
16564 34836 1622
15502 32194 1453
15455 32131 1655
15450 32164 1437
15520 32311 1505
15592 32597 1873
15780 32981 1469
15537 32379 2666
15463 32152 885
16925 35564 1620
16981 35700 1637
15597 32583 1477
16921 35496 1667
15520 32380 1579
15366 31945 1508
15539 32335 1576
15412 31953 1535
16976 35707 1548
15385 31897 1634
15499 32306 1746
15515 32273 1425
15606 32611 1532
15765 32954 1766
16846 35378 1884
16800 35178 1763
15334 31850 1301
15462 32182 923
15517 32371 1335
