35641 73896 1436
35343 72944 1409
35693 74094 1436
35042 72500 1663
35805 74557 1479
35013 72372 1404
35793 74343 1436
34980 72410 1398
34970 72331 1403
35664 74019 1437
35364 73068 1485
35521 73860 1428
35639 73896 1433
34724 71797 1401
34953 72252 1397
35670 74233 1485
35655 73956 1427
35614 73824 1425
34513 71270 1376
35591 73826 1432
35539 73470 1426
35888 74625 1441
34803 71850 1388
35754 74357 1434
35869 74669 1445
35552 73771 1435
35637 73953 1446
34946 72276 1401
35006 72298 1402
35454 73610 1436
35717 74191 1432
35810 74431 1649
35428 73385 1420
35674 74190 1431
35786 74074 1430
35671 74035 1431
35797 74409 1441
35537 73718 1426
35450 73311 1413
35664 74044 1442
35346 73485 1423
35837 74488 1451
35483 73521 1515
35655 73964 1687
35389 73401 1595
35554 73539 1419
35047 72580 1401
35337 73009 1407
34988 72363 1403
34973 72256 1396
34892 71937 1390
35482 73383 1477
35658 73981 1428
35821 74458 1449
35697 74158 1438
35787 74442 1439
35346 73227 1435
35875 74626 1458
35917 74785 1523
35001 72457 1399
34908 72015 1389
35561 73752 1431
35636 74006 1555
35685 74105 1432
35279 73427 1715
35348 72992 1407
35381 73113 1421
35391 73161 1423
35284 73111 1542
35567 73778 1424
35352 73158 1483
35490 73367 1414
35691 74053 1440
35159 72411 1407
35336 72996 1415
35468 73410 1417
34866 71692 1416
35650 74000 1429
35712 74141 1430
35823 74506 1443
35523 73603 1427
35763 74289 1436
32535 67399 1354
35451 73302 1413
35568 73769 1434
35400 73321 1423
35855 74167 1433
35872 74633 1458
35005 72452 1409
35647 73962 1431
35675 74026 2234
35820 74525 1457
35911 74781 1445
34619 71560 1401
35815 74442 1456
35698 74117 1449
35581 73671 1510
35619 73982 1443
35187 72676 1413
35706 74143 1434
