34971 54333 1754
34929 54240 2610
34830 54195 1626
35406 55218 1697
34646 53781 1655
34817 54120 1719
34428 53824 2923
34975 54409 2574
35169 54869 2632
34934 54565 2730
35192 54973 2662
34853 54497 2510
35003 54362 2719
35120 54689 2516
35257 55054 2626
34795 54232 2593
34408 53550 2714
34777 54188 2679
34990 54402 2661
35527 55478 2466
34969 54629 2511
34322 53153 1559
34775 54311 2312
34626 53980 1756
35556 55495 2089
34611 53853 2109
34764 53883 1727
35065 54417 2390
34993 54450 2570
35293 55097 2612
34636 53923 2487
31731 49403 2272
35010 54604 2644
34567 53754 2534
35486 55422 2483
35250 55087 2569
35038 54670 2602
34779 54175 2777
35551 55623 1660
35108 54814 1699
34498 53546 2624
35153 55036 2899
35431 55418 2441
35414 55224 1586
34561 53787 2006
34807 53923 2434
35022 54549 2598
35047 54534 2731
35547 55607 2760
34886 54189 2767
34779 53974 2688
35249 55040 2731
34878 54304 2669
34790 54121 2584
32123 50080 2307
35269 55004 2700
35323 55239 2644
34559 53739 1744
34597 53733 1882
35444 55313 2321
35183 55025 2541
34900 54360 1682
31978 49704 2342
34921 54154 2741
34853 54312 1642
34722 53925 2590
34619 53734 2485
35309 55389 2336
34475 53590 2473
34345 53299 2705
35560 55508 5450
34792 54280 2552
34521 53526 2575
35017 54657 3096
34714 54000 2605
34653 53974 2486
34568 53764 2652
34637 53718 2451
34772 54208 2542
34555 53788 2440
34204 53072 2566
35290 55069 1607
31701 49277 2492
34882 54400 2719
35105 54794 1824
35228 55068 2556
35153 54898 2613
34998 54557 2530
34891 54176 2603
34461 53522 2399
34436 53491 2410
36008 56494 1711
35004 54611 1717
35377 55202 2682
34660 54121 2705
34479 53689 1686
35148 54728 1720
34784 54032 1844
34884 54382 2499
35079 54791 2857
