78497 158858 8026
78142 158258 7779
78428 158853 6498
78821 159737 7820
78095 157846 7123
78129 158047 6429
78405 158941 6801
75688 152996 4282
78488 158958 7912
78447 158980 9698
79464 161231 7464
79379 160756 7737
78002 157833 8063
78366 158569 9285
78439 158687 6694
78384 158620 7932
76458 154205 6778
78195 158199 9294
78518 158887 6618
77719 157270 7139
77550 156676 8285
78114 158064 13186
78175 158134 9104
79373 160650 7337
76459 154207 6347
76871 155238 7753
78525 158995 15360
77919 157365 6835
77813 157497 7310
78200 158068 6554
78457 158822 7416
78066 157869 5280
76978 155526 7738
78425 158685 6533
77731 157059 19086
78524 159025 7469
78117 158064 6742
79529 161104 4293
78441 158766 7318
77974 157588 6459
78341 158517 5059
79354 160544 10477
79725 161663 10022
77153 156078 6023
78330 158709 7152
78100 157836 4923
78402 158940 4517
78266 158442 12000
77693 157307 5706
80007 162433 6511
78498 158832 6024
79350 160777 6284
79454 160992 5902
78352 158950 4887
78149 158185 4424
78360 158524 4728
77654 157166 4011
79788 161752 5053
76757 155042 6588
79095 160421 4437
78491 158915 4252
77987 157723 4044
78109 158091 4093
78648 159256 4387
79284 160644 4184
78406 158755 4235
77929 157557 4172
78503 158901 4403
76436 154147 4748
78330 158355 5023
77987 157593 4638
79086 159864 4407
71893 146190 3521
78161 158121 4028
78472 158874 3993
78115 157904 4503
78388 158664 4499
78477 158868 3891
78093 157929 4126
78359 158488 7175
78483 158787 6958
77551 156797 7072
77545 156665 4194
77754 157469 4181
78701 159439 4943
78285 158488 4394
78372 158582 4843
78400 158638 8109
78220 158155 7211
78530 159065 7898
79426 161009 6531
77021 155635 5541
79249 160638 4694
78525 158835 5339
71866 146229 4103
78474 158939 6396
71881 146109 3753
78111 157987 4795
78015 157797 4839
78387 158591 3915
