71978 100938 4898
71533 100286 5002
71600 100486 4509
71486 100262 4658
71500 100237 4710
71612 100543 5251
71629 100514 7840
71517 100338 7209
71570 100410 5225
71615 100504 5885
71612 100469 3698
71964 100899 4971
71678 100695 6802
71475 100346 4869
71545 100397 4785
71602 100473 3565
71588 100475 5188
71511 100392 3799
71667 100582 3079
71591 100411 5886
71808 100710 3216
71640 100586 4522
71797 100730 4930
71423 100379 6159
71354 100127 4524
71599 100483 7219
71744 100621 6391
71619 100511 6916
71418 100037 4599
71520 100303 4772
71420 100318 5491
71622 100513 5086
71608 100535 5522
71627 100487 5109
71475 100427 5244
71596 100498 7967
71684 100599 4540
71652 100581 5169
71638 100525 4438
72100 101087 5115
71518 100345 4675
71502 100542 4536
71695 100655 4112
71349 100245 6087
71601 100484 5187
71604 100423 4753
71728 100584 5875
71614 100533 5295
71712 100519 4861
71562 100396 4840
71617 100487 4535
71616 100510 4666
71638 100565 9478
71594 100468 4967
71614 100532 8852
71469 100198 5139
71631 100491 5186
71523 100427 5998
71493 100379 4725
71637 100562 4586
71578 100449 4929
72178 101145 5940
71617 100482 4768
71536 100389 4478
72199 101182 5069
71606 100488 5228
71581 100354 4666
71465 100285 3718
71486 100295 5279
71664 100496 5630
71638 100605 6693
71506 100262 5032
71494 100453 5136
71616 100509 3069
71484 100392 4747
71594 100485 4725
71360 100113 5278
71661 100621 4585
71489 100208 4503
71519 100373 2911
71582 100447 3090
72077 100927 4513
71610 100520 5361
71687 100551 5178
71621 100585 5013
71541 100345 3840
71609 100505 4318
71501 100293 5158
71618 100507 4702
71615 100520 4351
71513 100376 3223
71616 100512 7101
71580 100435 5148
71576 100506 4182
71602 100356 4752
71654 100596 4762
71618 100487 5888
71615 100536 5960
71605 100570 2979
71643 100504 3145
