22725 31378 1734
21695 29873 1357
23495 32562 1737
23543 32637 1735
23967 33397 2617
23471 32488 1159
23688 32945 1868
23243 32101 1760
23913 33284 1915
23127 32063 1953
23614 32795 1918
23351 32228 1215
23294 32363 1776
23121 31955 1737
23434 32547 1635
23592 32791 2110
23185 32071 2760
23184 32009 1671
23441 32506 1869
23520 32685 1071
23472 32567 1577
23350 32371 1112
23582 32680 1664
23048 31787 1638
23246 32303 1342
23302 32279 3793
23252 32156 1838
23250 32194 1480
23298 32117 1083
23424 32475 1929
22932 31653 1749
23359 32380 4594
23415 32409 1658
23117 31910 1702
22938 31661 1634
23311 32292 1733
23127 31968 1828
23066 31851 1755
22777 31461 1780
23665 33027 1681
22743 31338 1654
24163 33845 1803
23371 32337 1738
21719 29864 1190
23036 31946 1773
23693 32939 2001
23452 32333 2104
22646 31079 1554
23241 32237 1729
23249 32180 2005
23171 32193 1220
23342 32362 1512
23446 32516 1236
23428 32467 1711
23576 32680 3064
23517 32569 1629
23156 32045 1969
22105 30673 1676
21973 30294 1683
23376 32404 1730
22438 30703 1665
23705 32834 1719
22952 31797 1101
22663 31302 1779
23427 32423 2408
23318 32226 3545
23122 32134 1437
23171 31980 2461
23258 32294 1755
21874 30197 1647
22913 31834 1807
23936 33448 1811
23151 32074 1468
23385 32627 1252
22145 30668 1087
23473 32691 3691
23432 32571 1795
23192 31930 1954
23532 32818 1859
23481 32569 1780
23324 32409 1882
23544 32640 1911
23345 32264 1839
23054 31723 3262
24104 33640 1197
23483 32644 3205
23679 32924 3533
23344 32401 1803
23017 31738 1763
23286 32121 1871
21797 30109 1604
23373 32284 5212
22850 31586 1610
23598 32686 1713
23112 32030 1744
22967 31691 1698
23356 32448 1890
22780 31344 1795
23250 32229 1702
23327 32393 1760
