64762 132158 13706
64640 131778 7895
65180 133232 6415
64514 131694 8213
64472 131605 8010
64100 130708 3905
64120 130848 8260
66506 136234 5964
64892 132439 3722
64608 131902 3709
64474 131504 8746
63913 130212 3948
64497 131329 6256
64868 132371 5976
64960 132758 5689
66451 136131 14685
64575 131695 5049
64963 132785 4325
65120 133117 6226
65085 133045 5930
64999 132908 5719
64050 130546 6970
64952 132638 4572
66692 136736 6597
65037 132906 5523
64603 132050 5685
64735 132096 5787
65744 134371 6030
66969 137450 5891
64731 132053 6022
64904 132460 5828
64530 131803 5697
63906 130200 5891
64926 132621 5787
66344 135699 6526
64531 131707 6447
65008 132759 11854
66372 135506 8521
64920 132532 7099
64973 132722 6392
64831 132519 4082
64683 132563 3998
64996 132747 10812
64792 132291 6398
64527 131536 6036
64406 131357 7528
64156 130747 7007
64774 132214 3885
64678 131879 5908
64551 131490 3861
64939 132641 4700
65016 132751 5667
66140 135470 6821
64932 132548 5868
64819 132317 5753
64692 132095 7542
64983 132756 6218
65153 133177 7415
66424 135884 3880
64982 132828 6450
64835 132378 6000
65086 133040 3852
64632 131852 4683
64740 132105 3661
64800 132239 5580
66667 136631 6284
66403 136118 4127
64553 132309 6750
64698 132041 5420
64767 132317 4625
64917 132591 3740
66594 136424 5659
64779 132150 5669
64787 132203 6321
66575 136426 6424
65137 133185 3938
64987 132744 6256
64933 132631 6079
64972 132686 6159
64981 132590 6164
64109 130690 6034
64837 132292 3880
64611 131820 6374
64833 132273 8006
64467 131577 6225
64152 131249 6782
64644 131926 3816
65071 132911 9101
64099 130674 5940
66776 136942 6490
64824 132459 9229
64295 131225 8609
64887 132538 6155
64953 132667 6120
64043 130530 9292
64631 131811 3894
65140 133122 4147
64358 131256 5521
66770 136891 4428
65074 132975 4470
