7094 10882 513
7095 10906 385
7092 10896 796
7095 10898 552
7104 10899 514
7103 10923 513
7105 10899 425
7093 10898 394
7041 10806 384
7073 10856 527
7120 10924 549
7094 10880 539
7134 10953 558
7083 10900 606
7119 10957 577
6984 10664 561
7095 10899 590
7087 10883 2047
7093 10896 478
6974 10668 434
7152 10986 592
7004 10723 562
7120 10959 613
7091 10905 565
7122 10965 568
7151 11003 566
7092 10880 600
7085 10881 565
7007 10713 356
7008 10733 420
7105 10899 573
7109 10907 448
7027 10774 897
7120 10966 602
7011 10737 609
7098 10933 599
7077 10871 590
7050 10826 557
7111 10951 556
7089 10872 558
7095 10899 592
6977 10653 553
7125 10943 602
7095 10898 533
7010 10732 550
7114 10934 4209
7082 10872 390
7092 10905 401
7105 10899 418
7079 10887 574
7099 10912 631
7097 10903 558
7091 10898 580
7020 10770 543
7098 10912 358
7076 10881 401
7091 10898 540
6990 10701 345
7117 10914 506
7062 10852 369
6972 10667 407
7105 10926 513
7091 10879 537
7095 10913 384
7074 10859 522
7082 10868 610
7072 10874 513
7140 10959 497
7111 10932 351
7002 10721 568
7122 10950 543
7094 10912 395
7094 10878 426
7094 10882 544
7095 10897 561
7093 10901 589
7094 10892 545
7109 10901 510
7130 10952 654
7169 11018 534
7082 10872 546
7104 10899 537
6976 10667 562
7094 10883 574
7092 10896 533
6971 10660 525
7134 10959 511
7092 10896 672
7168 11041 366
7096 10912 501
7104 10889 524
7095 10898 553
7105 10910 565
7119 10914 573
7133 10962 489
7101 10912 434
7086 10884 381
7102 10924 413
7099 10876 361
7016 10741 550
