98458 128768 4942
98549 128935 8276
98515 128808 5939
98442 128718 3830
98809 129198 6038
99385 129671 8120
98490 128862 4653
98487 128693 6763
98643 128967 8938
98155 128523 4018
98513 128847 6114
97732 128037 8910
98483 128777 5986
98455 128664 6136
98815 129195 6298
98434 128739 6135
97446 127606 6032
98569 128875 4377
98418 128698 3792
99378 129727 4334
98437 128772 6404
98437 128603 6290
98452 128704 6591
98788 129169 4761
98745 129105 6091
99388 129749 6019
98879 129338 6553
99439 129750 6267
98464 128741 6171
98757 129125 6110
99424 129737 6411
98492 128797 6677
99375 129695 5868
98539 128788 5867
97444 127638 5973
98440 128804 6196
98253 128362 6606
98495 128893 6197
98502 128766 8272
98544 128816 5351
99388 129765 5484
98793 129202 6621
98455 128744 4368
99408 129763 8863
98415 128752 6274
99407 129740 6344
97421 127616 6418
98503 128760 4143
98802 129188 4158
98385 128530 6973
99321 129522 7022
98778 129073 7455
98866 129271 7342
97726 127996 6214
98793 129133 5727
98737 129076 5005
99364 129673 6798
97551 127723 4790
98299 128417 4256
98598 129023 6845
98743 129061 4867
98424 128752 6351
98333 128466 7986
98315 128488 4617
99358 129585 5293
98417 128807 6780
99442 129747 5283
98490 128799 7089
98469 128832 6075
98447 128704 5810
97530 127879 7496
98471 128807 4997
98402 128763 9578
98199 128607 5338
98502 128677 4993
97869 128209 6448
98811 129264 11076
98518 128784 6135
98466 128811 4304
98674 128999 4200
98460 128823 6490
99482 129837 8564
97979 128318 5375
98718 129156 4647
98717 129063 6945
97757 128053 5667
98312 128427 4437
98764 129110 6261
98463 128811 4309
99400 129661 4230
97480 127731 4778
98761 129121 3845
97501 127782 6640
98531 128726 6772
98401 128688 8469
98424 128636 8965
98704 129037 6362
98462 128705 9386
98477 128751 9858
98454 128640 7914
