46463 94010 4242
48573 98562 5340
48121 97427 4241
47639 96497 3173
47780 96607 4534
47546 95969 4442
46613 94520 7445
47525 96068 4358
48163 98025 2881
47638 96219 4475
47714 96691 3925
47971 97676 4148
47965 97596 4699
48186 97726 4173
47201 95202 4557
48781 98972 4443
48577 98565 6764
49498 101061 4492
48057 97343 4443
47532 96329 4460
47610 96273 3458
46358 93411 4236
48455 97930 4764
47173 95562 4633
48584 98578 2758
48674 98727 2948
48868 99405 4594
48183 98058 4538
47772 97064 5410
47439 95500 4333
45748 92511 2887
48615 99126 6098
48481 98547 4512
48091 97486 4341
46038 93034 2972
48825 99206 4470
48201 97797 2990
45695 92164 4123
48003 97602 3463
47479 96149 4391
48337 98204 4384
48722 99282 6390
47850 97135 5432
41387 83548 4009
48078 97347 3014
48193 97541 5866
47709 96817 4424
47076 95120 3034
48343 98204 4380
45885 92713 4190
48601 98797 4204
48655 98971 4418
47931 97164 4979
46458 94194 4221
48243 97814 3247
46718 94326 8053
41136 83254 6385
45913 93046 4091
48419 98509 4541
47629 96700 4388
47447 95979 2827
46769 94591 3366
45971 93323 4110
38329 77047 8282
48728 99149 5475
48593 99211 3739
47604 96135 4501
48682 99290 5101
48469 98181 4546
48701 98858 3076
48072 97455 4739
47552 96272 4650
48530 98302 3017
47973 97180 4556
46531 93983 4113
48351 98438 5213
47995 97376 4513
48546 98723 4409
47562 96292 4149
46936 95093 2987
46191 92940 2862
48587 98289 4877
48523 98323 4371
48398 98011 2870
46223 93814 2663
49158 100491 4480
47732 96579 3037
46484 94164 2655
47916 97081 4355
47548 96450 4114
47652 96148 3956
46172 93548 4357
48721 98992 4373
47599 96447 4157
46530 93875 4549
48681 98911 9628
48162 97669 5193
47945 97251 7729
48948 99541 4725
48462 98209 4782
