7108 10084 495
7038 10014 481
7023 9998 471
7032 10001 324
7059 10012 457
7053 10014 519
7030 9985 499
7052 10009 475
7044 10018 468
7057 10019 482
7097 10054 390
7037 9992 437
7024 9987 538
7030 9999 516
7033 10003 482
7056 10043 508
7067 10026 588
7095 10222 342
7023 9979 389
7049 10028 567
7050 10015 522
7038 10000 498
7023 9943 477
7068 10035 478
7043 10000 510
7058 10029 518
7047 10041 463
7032 10006 5199
7029 9983 496
7046 10020 430
7066 10048 493
7044 10012 495
7041 9995 444
7084 10070 503
6990 9937 496
7049 10015 598
7048 9989 481
7036 9992 539
7048 10030 469
7070 10045 506
7003 10011 497
7035 10006 510
7061 10022 563
7042 10017 485
7071 10050 384
7079 10061 555
7002 9969 518
7088 10079 519
7045 10009 526
7045 10021 541
7049 10008 387
7086 10056 498
7048 10000 542
7074 10047 517
7019 9979 538
7048 10005 522
7073 10051 522
7041 9997 542
7031 9993 480
7019 9961 520
7013 9986 501
7061 10014 491
7079 10044 445
7009 9945 474
7064 10034 313
7043 10028 456
7049 10020 505
7036 10002 311
7057 10018 467
7044 10006 334
7025 9968 470
7070 10054 462
7018 10000 451
7016 10004 473
7030 10000 419
7055 10025 480
7039 9981 525
7038 10001 422
7073 10062 416
7016 9960 400
7052 10034 443
7040 9986 537
7013 9956 536
7047 10005 397
7050 10006 378
7040 10011 328
6995 9958 460
7039 10002 414
7061 10049 540
7027 9977 493
7064 10019 508
7048 10009 467
7236 10392 337
7021 10001 417
7105 10084 528
7094 10096 549
7043 9996 698
6999 9994 465
7050 10016 316
7055 9993 530
