20944 33437 1146
20864 33244 1558
20659 32898 1763
20903 33361 1543
20826 33183 1573
20664 32878 1847
20950 33446 1803
20815 33146 1810
20920 33399 1541
20772 33110 1524
20891 33302 1702
20952 33451 1110
20906 33372 1682
20897 33296 1622
20980 33515 1858
20950 33418 1671
20871 33262 1685
20891 33300 1730
20910 33346 1559
20554 32661 1578
20788 33112 1146
20657 32879 1450
20907 33382 1722
20662 32899 1615
20435 32590 2694
20955 33411 1871
20631 32862 5259
20940 33443 1671
20635 32849 1570
20932 33396 1793
20679 32913 1686
20936 33381 1221
20951 33437 1964
20535 32579 1067
20940 33396 1590
20938 33397 1101
20859 33261 1010
20855 33295 1233
20902 33342 1705
20627 32848 1742
20818 33209 1902
20913 33366 1839
20766 33086 1686
20626 32823 1558
20832 33184 1758
20967 33491 1846
20806 33122 1929
20594 32803 1038
20880 33290 1664
20900 33372 1912
20936 33391 5993
20682 32971 1632
20926 33391 1628
20940 33434 1761
20951 33458 1731
20942 33409 1618
20817 33202 1536
20911 33399 1533
20707 33007 1647
20642 32858 1069
20940 33436 1696
20955 33431 1053
20640 32865 1839
20912 33383 1630
20633 32833 1672
20938 33371 1823
20948 33433 1651
20836 33199 1720
20915 33336 1590
20629 32816 1244
20959 33429 3872
20819 33157 2611
20953 33433 1796
20839 33234 1722
20927 33392 1859
20959 33445 1639
20613 32832 1664
20895 33320 2347
20949 33421 1577
20891 33336 2170
20947 33423 1646
20942 33395 1614
20889 33357 1813
20950 33415 1160
20655 32887 1480
20681 32936 1372
20654 32905 1303
20836 33240 1536
20806 33133 1483
20655 32876 1509
20950 33453 1093
20938 33418 1533
20899 33365 1744
20588 32747 1493
20872 33296 1615
20806 33147 1550
20647 32894 1601
20944 33393 1546
20860 33262 1750
20808 33166 1677
