42577 71062 2215
42675 71386 4202
42495 70890 2143
42820 71541 2171
42500 70893 2667
42754 71495 2387
42444 70945 2928
42562 71013 3313
42620 71029 5157
42111 70248 3578
42585 71037 3581
42534 70948 3569
43190 72088 2313
42845 71664 3533
42176 70568 3092
42538 71050 7158
42737 71386 3325
42767 71465 3522
42585 71042 3185
42559 70984 2153
42535 71083 2693
42511 71008 2165
41391 69087 2021
42723 71325 2083
42705 71436 3443
42575 71061 6774
42560 71059 4589
42552 70999 2920
42753 71511 2206
42771 71554 2743
42819 71617 3069
42525 71041 3281
42839 71749 3261
42822 71512 3328
42524 71023 3229
42107 70228 2220
42612 71096 3286
41500 69174 3189
42039 70113 3342
41622 69374 2990
42539 71049 3126
42560 70981 3040
42844 71652 3209
42581 71101 1976
42595 71074 3620
42647 71149 3273
42798 71627 4469
42738 71445 3460
42800 71604 3498
42514 70909 2230
42719 71276 3406
42341 70728 4969
42178 70487 2114
42802 71605 2389
42776 71523 2479
42602 71122 3601
42670 71238 3344
41286 68893 2195
42561 71037 3620
42975 71854 2978
42518 70997 2542
42201 70506 3128
42677 71255 2209
42639 71202 2581
42812 71686 3654
42596 71064 2956
42507 70983 2241
42601 71094 3146
42616 71179 3076
42903 71717 2317
42128 70267 2589
42835 71632 2159
42551 70944 2069
41694 69517 3139
42707 71249 4701
42803 71448 3718
42720 71477 2387
42783 71561 5021
42519 71023 3134
42086 70233 3176
42565 71018 3074
42760 71407 3116
42762 71536 3352
42186 70488 3072
42582 71027 3187
42582 71046 3442
42709 71445 2845
42489 70970 2964
42607 71071 3287
42738 71377 2582
42583 71048 2245
42710 71431 3927
42545 70972 3345
42717 71368 3257
42439 70782 3111
41626 69381 3415
42118 70243 11184
42709 71416 3216
42580 71006 2244
42723 71422 2863
