33082 45603 2111
30747 42038 1868
32859 45258 2032
32939 45381 2023
32746 45005 1402
33608 46415 1994
30995 42488 1940
32934 45343 2212
32825 45222 1738
30709 42147 1971
33186 45774 2170
32796 45128 1863
33325 45891 1956
32659 45207 1868
33185 45800 2122
33091 45638 1920
33141 45713 2112
32770 45103 1767
32388 44408 1908
33134 45758 2091
32918 45422 1434
33853 46938 1431
33438 46162 2082
33176 45712 1944
33223 45811 3383
33430 46132 1397
32899 45393 2004
30409 41619 1811
32988 45420 1974
33146 45618 2011
33248 45974 2157
33552 46326 2188
33132 45596 2077
33711 46720 2173
33183 45701 1978
33135 45713 2381
33141 45505 1448
32914 45184 1984
33177 45572 2189
33658 46522 2030
33731 46585 2342
32932 45483 1962
33456 46138 1400
32830 45220 1527
33281 45995 2171
33600 46526 1981
33621 46400 2254
33228 45769 1918
33604 46483 1958
33519 46428 1602
32867 45436 2066
33250 45815 2099
33206 45731 2073
31231 43168 1284
33836 46817 2110
32887 45411 1444
32991 45469 1314
31308 43124 1799
33124 45580 2002
33119 45716 1896
33273 45872 2180
32847 45136 2003
33098 45644 2596
33825 46817 2224
33560 46402 2254
33203 45760 2140
33261 45869 2085
33043 45478 1982
33338 45847 2179
33600 46260 1976
33582 46389 2003
33082 45596 1985
33459 46106 1383
30895 42564 1280
33161 45693 1684
32485 44587 2080
33372 46172 2012
33044 45497 2070
32916 45350 1501
33526 46419 1376
31717 43704 1304
33585 46449 1942
33048 45561 1458
33126 45494 2069
32792 44993 3931
32867 45256 2165
33446 46055 6282
33552 46337 2274
33680 46712 2090
33466 46200 1573
33160 45686 2183
32564 44881 2189
33092 45499 1453
33462 46256 2106
33073 45497 2113
33054 45451 1849
33134 45605 2110
33197 45874 2148
33566 46470 1398
33195 45719 2207
