2064 4419 141
2729 5961 283
2691 5829 210
2686 5798 243
2685 5794 259
2727 5939 268
2686 5803 261
2051 4360 203
2716 5896 284
2064 4420 181
2701 5827 284
2691 5817 227
2684 5801 256
2693 5827 176
2713 5894 270
2008 4204 196
2696 5800 249
2690 5833 184
2687 5821 257
2594 5548 347
2052 4375 203
2675 5773 254
2680 5779 270
2697 5809 260
1975 4143 171
1985 4146 171
2732 5948 169
2055 4378 227
2678 5791 270
2730 5940 263
2686 5817 233
2713 5907 284
2700 5827 185
2771 6092 305
2701 5857 264
2691 5845 260
2697 5858 293
2049 4371 195
2719 5863 262
2051 4371 197
2046 4353 306
2051 4379 205
2065 4427 212
2728 5934 274
2695 5833 271
2695 5829 277
2691 5837 262
2692 5829 265
2694 5846 279
2053 4371 187
2729 5953 297
2698 5840 268
2054 4373 200
2677 5791 300
2697 5798 263
2682 5798 223
2710 5885 278
2677 5788 256
2062 4415 178
2695 5833 260
2704 5852 195
2698 5799 283
2048 4362 219
2688 5831 271
2694 5843 275
2685 5821 245
2048 4355 192
2697 5834 260
2736 5967 243
2009 4214 206
2689 5799 347
2063 4413 135
2052 4379 215
2695 5877 284
2705 5828 196
2730 5943 264
2683 5802 302
2048 4356 206
2053 4366 211
2064 4426 200
2053 4371 190
2695 5798 332
2064 4417 212
2739 5962 287
2687 5830 286
2692 5859 285
2727 5918 296
2686 5778 290
2689 5814 245
2693 5824 275
2053 4365 191
2699 5847 308
2688 5844 348
2637 5732 311
2699 5854 315
2688 5821 253
2689 5805 261
2063 4410 231
2692 5832 283
2689 5818 282
