61181 85974 2798
61809 86562 4126
61132 85833 4281
61070 85754 4353
61150 85796 4421
61149 85785 4514
61537 86137 4080
61182 85933 13806
61166 85921 4322
61663 86298 4272
61711 86552 4111
61957 87021 4603
61130 85816 4348
61792 86541 11814
61614 86244 6564
61466 86093 2731
61163 85879 4218
61131 85920 3998
61170 85862 4215
61584 86357 4371
61670 86480 9771
61173 85893 4108
61584 86122 5044
61534 86199 7953
61645 86444 4149
61156 85906 3287
60934 85465 5519
61173 85924 3704
61945 86569 3272
61169 85899 3978
61189 85935 6925
61226 86003 3889
61191 85946 4000
61216 86035 4065
62047 86651 4198
61632 86450 4155
61204 85979 10442
61120 85835 4311
61127 85842 5819
61468 86226 4395
61164 85858 4234
61264 86109 3828
61564 86141 4150
61136 85832 2690
61187 85970 2531
61197 85936 4534
61159 85879 4238
61152 85868 4103
61608 86264 3503
61122 85868 4455
61193 85950 2750
61182 85906 4126
61130 85786 3652
61175 85882 3754
61480 86196 4141
61185 85903 5981
61195 85978 4554
61612 86240 6637
61135 85851 2868
61666 86439 3043
61633 86392 4794
61169 85882 4077
61618 86235 3770
61574 86337 3644
61521 86324 10194
61152 85852 4299
61600 86183 3541
61618 86253 10331
61114 85795 4177
61150 85840 4684
61089 85779 4014
61152 85835 4079
61123 85750 3749
61143 85789 3978
61085 85757 4440
61152 85857 3043
61580 86379 3938
61186 85890 2886
61804 86581 2577
61230 86098 7097
61683 86466 3729
61619 86366 4207
61163 85886 2803
61872 86860 4276
61169 85902 4279
61221 85981 4280
62047 86674 11079
61154 85840 6119
61196 85920 3937
61020 85756 2777
61525 86173 3855
61621 86385 4052
61367 86142 3910
61946 86509 4001
61423 86051 4358
61218 86061 4034
61656 86293 4010
61417 86063 2532
61612 86292 4745
61168 85844 4493
