50882 80019 3732
51380 80935 4191
50750 80066 3872
50669 79843 3794
49693 78467 3779
50714 79962 3445
50785 80099 3627
50791 80072 3607
50666 79900 3437
50794 80092 3773
51023 80521 3691
51416 80947 3273
50734 80283 3915
50775 80076 2291
50285 79443 2603
51211 80843 4206
50797 80112 2693
50773 80031 3979
50848 80194 2379
50682 79906 4204
51205 80882 3622
50700 79933 3052
50795 80100 2996
51310 80957 2562
50778 80033 2686
50680 79876 2475
50795 80097 4056
50794 80095 3623
50775 80062 2306
50716 79939 3697
50845 80198 3915
50768 80034 3538
50798 80121 3973
50293 79545 4140
50672 80157 3707
50744 79981 6371
50704 79997 3768
50764 79999 4229
50795 80061 4064
50774 80024 2640
50697 79910 3759
50680 79852 2444
50782 80048 3633
50802 80111 4441
51041 80549 2319
50252 79010 3878
51445 80914 2651
50870 80197 5058
51273 80710 3866
50773 80075 5192
49719 78537 3690
50736 80007 3978
51446 81060 3370
50317 79565 3332
50801 80072 3928
50757 80053 3825
50710 79961 2536
50729 80016 3493
50618 79738 3644
51084 80555 3826
50790 80074 2514
51021 80289 3739
50714 79975 3650
51075 80508 3983
50784 80088 3759
51301 80723 2659
51231 80897 2971
50779 80068 2720
49719 78471 3818
50692 79892 5308
50678 79886 2424
50750 79999 3541
50782 80123 3538
50769 80041 2357
50812 80136 2619
51029 80536 2292
50745 79988 3533
50754 80043 3756
50714 79971 3942
51442 81036 3869
51391 80887 5591
49705 78475 3640
50773 80074 3658
50657 79826 4275
50764 80051 4095
50766 80011 4097
50950 80168 3896
50818 80537 4432
50341 79575 4000
50805 80115 3739
50768 80083 3805
50256 79418 4089
50765 80100 3415
50769 80028 5283
50758 80001 3715
50733 80010 3582
50787 80073 3667
50684 79912 2711
49727 78541 6627
50787 80135 3728
