53559 84621 3848
53691 85006 3838
53298 84190 2820
53609 84766 7708
53721 84950 4013
53384 84329 8102
53772 85036 6924
53756 85035 3977
53613 84675 4196
53820 85087 4348
53756 84985 4045
53590 84632 4205
53618 84820 3819
53711 84911 4277
53532 84631 4012
53663 84701 4239
53783 85067 4272
53885 85224 4169
53845 85192 4254
53640 84790 4188
53655 84846 4231
53803 85093 3893
53500 84627 3707
53719 84984 4310
53886 85247 4035
53335 84297 4313
53714 84937 3690
53842 85275 4202
53708 85013 4516
53630 84690 4125
53637 84709 4415
53717 84948 3172
53706 84974 6160
53734 84973 6903
53730 84909 3945
53759 84981 5382
53601 84787 5705
53681 84870 2870
53304 84157 3968
53555 84722 3809
53721 84893 4061
53812 85068 4282
53404 84409 2779
53394 84366 3909
53340 84220 4367
53889 85231 4241
53769 84972 3506
53747 85027 3787
53728 84980 3985
53689 84882 4424
53253 84065 3592
53779 85024 4380
53822 85101 4200
53776 85057 3837
53830 85134 6327
53739 84994 2931
53594 84764 4387
53620 84819 4355
53757 84950 4276
53569 84572 4259
53748 85043 4302
53252 84114 2676
53688 84834 9427
53659 84844 2810
53676 84818 4388
53578 84695 3864
53798 85085 4088
53762 85065 5643
53542 84610 3922
53731 84916 2987
53748 84970 3987
53730 84978 4332
53347 84247 2569
53798 85061 3102
53717 84946 2613
53579 84710 6810
53710 84849 4061
53683 84931 3662
53766 85014 3940
53306 84223 3322
53703 85007 3900
53711 84933 3742
53826 85154 3760
53691 84781 3357
53551 84733 2700
53775 85024 3953
53290 84148 2457
53777 85078 4066
53749 85007 4075
53292 84209 4392
53731 85006 3735
53508 84604 3535
53614 84680 4107
53279 84152 4066
53595 84595 2554
53598 84647 4063
53619 84719 4156
53275 84189 9454
53631 84701 4219
53751 84992 4207
