61029 92889 4543
59033 89703 4201
60891 92713 6495
60834 92702 4901
60946 92834 3752
60708 92408 4684
60881 92691 4486
60920 92748 4821
60774 92527 4693
60918 92806 4856
60756 92565 4807
59018 89685 5742
60726 92480 4972
59000 89636 3808
60921 92752 4645
60720 92441 15155
60920 92774 4833
58691 89341 3982
60954 92769 4654
61115 93007 11747
60798 92580 4730
60799 92555 3246
58756 89468 13520
59036 89756 4894
59168 89897 2877
60832 92610 3568
60844 92602 4651
60927 92783 4322
60728 92459 4742
60864 92653 3041
59032 89720 5331
59186 89928 4689
60963 92848 4827
60958 92750 4363
59037 89717 5340
60874 92662 4581
60761 92539 3097
60934 92649 5328
60794 92566 8225
60796 92567 6981
60906 92764 5231
59107 89774 5714
59021 89675 4793
60880 92674 5322
60866 92660 4700
60747 92506 4880
59164 89888 4373
61075 92894 5456
60859 92640 4196
60946 92780 5950
60767 92536 5317
60851 92623 3098
61009 92849 5149
60830 92623 4364
61016 92696 3281
60777 92518 4717
61394 93329 4668
61054 92903 4053
61006 92910 4508
60959 92655 4644
60866 92681 3307
60869 92652 4600
60876 92687 4725
58680 89314 4588
60959 92773 4271
60812 92574 5284
60711 92407 3326
60848 92636 4645
59025 89689 4453
60812 92566 4506
60856 92636 4492
60935 92836 6860
60865 92691 4682
60803 92507 5671
59156 89845 2918
60901 92728 6399
61002 92880 4209
59011 89694 4411
60912 92721 4337
60764 92493 3886
60841 92606 2971
60872 92664 7957
59115 89769 4208
60829 92605 5291
60885 92688 4564
60890 92686 5432
60884 92691 5412
60923 92712 4601
60868 92693 3309
60869 92719 4589
60767 92436 4727
60664 92398 5222
61141 92929 5336
59005 89646 4534
60950 92818 5126
60919 92739 3168
59021 89683 6431
60747 92470 4530
60825 92563 4656
60772 92515 3054
