41090 57687 2783
40924 57361 3703
40788 57414 2994
40970 57510 2552
40906 57369 2714
40916 57367 2886
40960 57495 1657
40802 57378 1864
40941 57439 2156
40972 57510 2385
40888 57323 2650
41071 57681 2856
41136 57723 2496
40898 57312 2398
41132 57751 2298
40684 57178 2557
40911 57395 2032
40816 57369 2459
40950 57532 2491
40932 57413 2617
40934 57435 2599
40905 57376 2156
40765 57368 1581
41003 57562 1585
40930 57404 1530
40974 57570 1629
40876 57423 2514
41064 57661 2418
40720 57278 1765
40920 57407 1631
41122 57740 2470
40913 57363 2200
41083 57646 2337
40837 57421 2583
41091 57709 1589
40786 57397 2483
40773 57336 2493
40930 57395 2201
40778 57417 1812
40900 57401 2551
40877 57366 2374
40931 57386 2523
40928 57411 2536
40953 57430 2482
40946 57452 2523
41092 57655 2696
40931 57427 3006
40659 57296 2203
40896 57390 1597
40916 57420 2364
40991 57501 2717
40928 57434 2441
40953 57436 2593
40925 57373 2782
41089 57711 1655
40924 57451 1606
41011 57597 2573
40806 57403 2223
41109 57704 2430
40886 57387 2558
41093 57563 2738
40954 57437 2959
40971 57483 2570
41081 57664 2535
40906 57360 1691
40772 57350 1718
40640 57242 1682
40876 57334 1742
40894 57374 1800
40828 57416 1727
40938 57477 1746
41095 57681 1733
40923 57468 2711
40746 57394 1663
41138 57744 2635
40935 57418 2503
40692 57196 2558
40951 57478 2450
40919 57384 2490
40959 57452 2526
40847 57328 2396
40885 57364 2497
41142 57766 2624
40934 57430 1881
40954 57498 2356
40879 57297 2371
40794 57390 2691
40694 57243 2565
40937 57436 2499
40764 57310 2441
40956 57489 1766
40917 57401 2569
41083 57690 2669
40947 57438 2443
40895 57381 3311
41148 57771 2640
40962 57390 2494
40809 57385 3493
40773 57391 2520
40927 57418 1708
