24967 41980 2093
24317 40940 2421
23715 39836 2294
24374 41088 1272
24230 40864 2033
24254 40888 2022
23658 39788 2057
24269 40937 2032
24219 40832 2050
24714 41750 2000
24416 41110 2210
24433 41115 1996
24343 41041 2061
24655 41605 2087
24594 41477 1951
24372 40998 2199
24172 40684 1936
24647 41540 2069
24255 40888 1885
24827 41931 2012
24224 40721 2035
24970 41991 1559
24281 40899 2211
24215 40712 2130
24218 40709 2027
24595 41480 3994
23837 40076 2093
24352 41029 2374
24369 41088 1796
24610 41495 2063
24963 41992 2177
24332 40959 2197
24311 40921 6904
24296 40980 1610
24360 41048 1344
24770 41809 1820
24323 40970 1247
24950 42017 1243
24250 40921 1288
24466 41185 2147
23820 40081 1786
24695 41650 2002
24280 40913 1730
24374 41069 1923
24386 41112 1881
24408 41133 1969
24961 41974 2375
23748 39919 1784
23707 39836 5299
24316 40970 2144
24436 41146 1869
24332 40982 4922
24358 41038 1957
24387 41053 2213
24236 40865 2005
24793 41715 1537
24302 40927 1333
24647 41664 2075
24227 40837 1417
24584 41435 1360
24403 41050 1776
24334 40965 1720
24461 41177 1560
24551 41384 1257
24344 41119 1952
24867 41889 1656
24263 40923 1875
24890 42028 1834
24772 41789 2065
24342 40991 2335
24316 40982 2104
24418 41077 2817
24698 41650 2153
24146 40614 1751
24945 41928 2630
24242 40783 2003
24974 42017 2079
24323 40982 2245
24475 41223 1616
24265 40944 2681
24311 40953 1295
23716 39841 1983
24530 41327 2032
24229 40859 2058
24297 40930 2113
24672 41608 2082
24696 41793 2231
24690 41717 1435
24299 40894 1975
24520 41306 1391
23829 40044 2054
24300 40890 1977
25097 42321 1845
24839 41978 2314
24348 40984 2135
24301 40944 3765
24817 41786 4757
24709 41701 2001
24224 40818 1884
24470 41249 2146
