24381 50810 2304
24756 51712 2388
24097 50349 2764
24732 51609 2531
24751 51677 2496
24761 51745 1579
24783 51797 2469
24799 51855 2440
24909 51968 2327
24083 50346 1819
25014 52282 1608
24749 51676 2414
24813 51929 8658
24767 51768 3451
25000 52505 2562
24788 51799 3618
24799 51928 2326
24041 50228 2363
24803 51837 2961
24786 51658 1594
24799 51885 2502
24758 51791 1544
24900 52073 1664
24769 51707 2362
24106 50418 2263
24999 52232 1916
24764 51697 2431
24735 51622 3034
24751 51702 2629
25008 52307 2766
24771 51770 2963
24765 51750 2662
24625 51276 2516
24917 52096 5734
25063 52443 2621
24874 51972 2664
24733 51640 1666
24711 51757 2307
24800 51929 2195
24490 51098 1567
24746 51673 1861
24988 52321 2629
24781 51777 1793
24761 51730 2349
24815 51819 1959
24693 51608 2467
24922 52051 2629
24770 51685 2077
24997 52486 2629
24781 51814 2492
24757 51737 2035
24748 51657 2702
24733 51639 2393
24906 52030 2481
24716 51577 2325
24738 51664 2818
23983 50073 2548
24762 51761 2624
24810 51869 2563
24625 51346 1879
24752 51777 2638
24115 50410 2462
24899 52145 2598
24755 51698 2512
24845 51795 1941
24750 51794 3705
23994 50147 2301
24810 51796 1790
24837 51795 2815
24886 52065 2648
24820 51849 2282
24747 51669 2483
24817 51788 2400
24752 51685 2503
24764 51697 2737
24607 51348 1714
24734 51768 1517
24002 50128 2321
24788 51794 2507
24807 51795 1945
24323 50659 1937
24809 51858 2433
24098 50238 2237
24748 51684 2785
24913 51936 1957
24016 50149 2103
24746 51719 2421
24880 51984 2448
24879 51977 2429
24745 51689 1997
24858 51907 2634
24722 51602 1883
24669 51556 2253
24770 51790 1626
24869 52109 2633
24857 51836 2445
24755 51690 2450
23974 50056 2330
24780 51794 2520
24780 51799 2622
