41630 86117 3575
40739 83879 3441
40545 83469 3333
40750 83959 3839
40303 82814 3486
40632 83705 3282
41599 86037 3604
40143 82711 4762
41507 85806 3570
40853 84001 3404
40945 84486 3298
40882 84316 3596
41734 86372 2382
40672 83814 3591
40201 82965 3576
41755 86489 4053
41603 86019 3591
40810 84162 3459
40555 83496 3555
40918 84392 3571
40775 83956 3537
40908 84253 4190
41725 86444 3942
40743 83837 3804
40952 84608 3386
40823 84151 3663
41037 84808 2888
40883 84380 3272
40665 83754 2493
41318 85352 2355
40533 83293 2286
40705 83819 3425
41614 85984 4055
40837 84306 3516
41563 85916 3567
41781 86591 3275
40838 84258 2397
40813 83962 3589
40326 82977 3403
40643 83729 3549
40899 84325 3552
40473 83199 3405
40999 84586 3659
40684 83762 3496
41686 86290 3698
40924 84456 4774
40786 83911 2244
40897 84271 2531
40857 84185 2792
40654 83675 2678
40895 84337 3058
40524 83420 2882
41549 85920 5356
40789 83983 3622
40943 84464 3553
40371 83038 3072
40970 84448 2317
40766 83966 3392
40754 83851 3204
40775 83982 6580
40730 83866 3979
40814 83970 3537
40673 83795 3426
40580 83473 3265
41788 86521 3454
40919 84483 3910
40120 82368 3573
41624 86043 3473
40957 84503 3487
40910 84421 3857
41515 85819 3545
40928 84396 2389
40186 82879 3543
40944 84494 3281
40973 84435 3424
40951 84394 3361
40346 83069 2330
41597 86085 3811
40727 83826 3414
40975 84550 3494
40494 83373 3278
40844 84111 2995
40740 83946 3250
40498 83310 3412
40187 82899 3465
41533 85883 3412
40343 82967 2654
40856 84307 2969
40957 84523 3341
40894 84438 3429
41557 85932 3623
40864 84251 2879
40607 83651 2567
40748 83948 3959
40999 84565 3340
41504 85831 3655
40777 83882 3450
40409 83143 3355
40971 84598 3479
40991 84665 3426
