44875 58631 2749
44476 58223 1629
44671 58420 2659
44860 58551 3054
44607 58327 2778
44678 58445 2700
44431 58118 2446
44312 58021 2478
44847 58585 2744
44880 58643 2009
44670 58423 2892
44350 58187 2341
44342 58168 2340
44950 58687 2773
44452 58146 1699
44646 58417 2415
44623 58386 2467
44466 58160 2059
44056 57867 2587
44621 58372 9614
44674 58480 4609
44302 58081 2466
44458 58202 2388
44633 58435 2243
44647 58427 4706
44660 58444 1686
44644 58391 2496
45007 58795 2371
44667 58459 2626
44388 58083 1823
44429 58233 1751
44721 58554 2501
44612 58375 2323
44663 58456 2505
44595 58370 2819
44846 58546 2762
44871 58614 2757
44681 58408 2497
44470 58181 2648
44639 58387 2485
44653 58392 2404
44716 58489 2593
44544 58314 2554
44610 58377 2666
44396 58041 2404
44646 58381 2558
44852 58563 2498
44887 58605 2834
44904 58623 2549
44297 58107 1662
44939 58707 2327
44431 58198 2540
44747 58476 2704
44951 58688 2105
44431 58236 2582
44678 58459 2635
44673 58465 1629
44580 58362 2494
44352 58221 2646
44666 58446 2516
44883 58656 2614
45154 58912 2461
44595 58368 1849
44735 58539 2404
44662 58426 2641
44703 58474 2687
44849 58589 3821
44533 58315 2570
44293 58066 1620
44626 58410 2373
44670 58454 2398
44336 58085 2174
44736 58609 2112
44466 58209 2487
44322 58134 1725
44496 58344 2391
44683 58471 2340
44708 58513 2540
44557 58328 1799
44676 58418 2473
44650 58410 2523
44676 58430 2595
44639 58407 2448
44440 58127 4533
44334 58134 2379
44179 57985 2246
44574 58304 2770
44605 58435 2403
44667 58426 2078
44661 58433 2755
44885 58647 2468
44533 58282 2624
44866 58612 2378
44667 58441 1999
44581 58350 2463
44597 58414 1776
44864 58597 2508
44976 58779 2507
44284 58055 2535
44983 58807 1969
