65658 101623 5748
65577 101634 4076
65471 101543 5603
64930 100446 8292
64904 100265 5344
65542 101512 5342
64869 100211 4803
65508 101400 4918
64943 100489 5065
65809 101829 8741
63833 98619 3911
65419 101124 5197
65620 101459 5240
64177 99257 5381
65631 101516 5518
59484 92119 3821
64786 100212 3529
65338 101057 8552
65875 102209 7935
65747 101793 6543
65062 100788 3700
65609 101675 3869
65501 101272 5297
65756 101909 5727
64524 99875 5495
65301 101234 5809
65887 102196 4932
64608 99900 4942
64897 100314 4797
59542 92027 3354
65508 101683 7777
64651 100075 5195
65402 101211 5162
65515 101398 5360
65502 101431 4781
65460 101347 5819
64989 100262 3781
65809 101902 5064
65286 101121 4985
65490 101733 7985
65319 100948 5121
65677 101834 5182
65249 100950 5439
65332 101160 8481
64038 99057 5541
66080 102487 4937
59756 92403 4652
64774 100036 5038
65935 102438 5047
64669 99895 5673
65036 100216 6948
65749 101798 3703
65602 101691 3663
65779 101695 5295
65679 102028 5700
64611 99816 5119
65905 102412 5528
64628 99926 4719
65679 101639 5350
67019 104462 3839
65597 101693 5004
65265 100920 3578
65411 101173 3816
64437 99814 5143
66422 103224 7864
65198 100638 8504
65962 102185 5664
65828 101777 7855
64370 99483 5079
65494 101394 8884
65197 100769 5667
65759 101830 6327
65071 100529 4975
64681 99981 5702
63453 97540 4923
65267 100988 6805
64714 100243 4988
63953 98541 5260
64960 100632 5379
66311 103084 4509
64808 100067 10280
65842 101863 5276
65530 101661 5182
65466 101460 3482
65815 101827 8022
65546 101308 4920
65417 101058 5762
65309 101285 5782
65275 100687 7009
65083 100825 5074
64713 100109 5468
66324 102898 5921
65463 101153 5863
64719 99849 6016
64471 99764 5186
65393 101440 6736
65045 100593 5033
65287 101057 5028
65925 102235 4857
66196 102601 5418
