81667 111960 5582
80998 111083 5664
81049 111328 9106
82307 113145 5757
80892 110859 5863
79800 109134 3953
76254 104801 5963
80756 110647 6054
80444 110170 4201
81439 111963 3890
81646 111841 5654
81133 111453 6233
80738 110783 8819
81546 112004 5550
80798 110743 5784
80996 111560 5517
81341 111564 5928
81462 111966 5647
80943 110569 4589
80716 110569 6180
80893 110680 3951
80882 110896 5796
81557 111729 6065
79962 109474 5913
81055 111406 3954
81145 111291 4174
81918 112134 4391
81416 111624 5516
81017 110916 6234
81385 111830 6010
81299 111361 3947
81066 110929 5768
81729 112112 6363
80384 110021 6037
81085 111113 6215
74201 101037 5704
81405 111474 3941
81848 111998 5459
81738 112062 6524
81635 111814 5579
80707 110419 5901
80716 110598 6382
81484 111766 7992
81455 111569 4117
81945 112318 5604
80827 110569 3995
81604 111995 3967
81245 111409 6289
81884 112084 9691
80632 110457 8051
80726 110901 4225
81932 112320 7161
76713 105254 6047
80900 110840 6265
81221 111467 6361
81711 112269 6274
82704 113994 5359
81574 111971 5705
81742 112564 4801
79874 109511 5597
82029 112725 6176
82121 113080 6374
81826 112575 8207
81404 111382 8984
80858 110602 6053
81316 111365 6220
80726 110381 4257
81433 111965 5508
81978 112770 3552
81113 111259 4135
81458 111967 3934
81604 111890 5821
81269 111440 4055
79829 109431 3941
81512 111876 4623
81732 112213 6347
81225 111606 6171
80638 110210 3991
81567 111858 5693
81451 111717 6164
79790 109000 5960
81589 111662 4421
81134 111508 6639
80418 110251 6008
81282 111794 5683
81550 111779 6031
81062 111325 6089
81356 111639 5896
81964 112492 6875
81417 111933 7596
81614 112167 6385
80935 110954 6316
81422 111708 3714
81671 112074 8480
80948 110713 9029
81466 111791 5674
81566 111840 5612
81177 111589 5708
81676 112307 6028
82057 112681 8252
