11611 24022 943
11496 23754 650
12151 25136 1076
11481 23734 1064
11500 23768 1145
11488 23732 1096
11483 23721 1054
11504 23783 1187
11379 23434 680
11463 23660 593
11424 23586 969
13585 28476 760
11945 24840 644
12028 25039 628
11442 23604 1032
11490 23743 1052
11559 23862 699
11499 23755 943
11438 23593 984
12034 25055 1113
12126 25290 1205
11964 24848 1080
12114 25046 1089
11438 23586 680
11364 23415 762
11477 23706 727
12161 25389 1191
11502 23798 757
11417 23528 774
12044 25096 1257
11487 23679 722
11524 23796 1043
11503 23758 1046
11659 24200 1103
12213 25510 1225
11396 23491 1080
11512 23800 1076
11571 23896 1120
11452 23592 1126
11448 23647 1142
11473 23720 1134
12033 24877 1121
11393 23488 1042
12186 25279 1215
11449 23635 827
11455 23607 1023
11498 23746 1042
11571 23883 1141
11468 23737 798
11514 23818 1012
11399 23456 1089
11559 23940 989
11549 23916 711
12024 24991 1003
12138 25123 732
11468 23683 1027
11539 23906 1071
11455 23630 1169
11373 23466 1034
11532 23914 1071
12130 25328 1467
11960 24793 1150
11527 23824 3089
11511 23723 1115
11624 24053 1002
11426 23517 743
11508 23764 633
11486 23711 1084
11454 23616 992
11461 23658 909
11421 23580 876
12050 24896 680
11444 23643 616
11506 23779 1040
12194 25503 1137
11382 23444 1057
11494 23778 1056
12020 25032 790
11964 24905 1136
11474 23696 2190
12049 25102 2756
11928 24786 1490
11400 23547 1192
12093 25102 1027
11483 23706 3354
11472 23635 983
12122 25295 1132
12180 25407 1165
11441 23592 747
11900 24466 1309
11489 23723 1369
11913 24578 982
11460 23636 1080
11360 23383 1009
12064 25176 1106
12297 25566 770
12087 25020 843
12250 25640 1249
11980 24847 1254
11462 23641 1057
