76165 120330 8978
76343 120649 6461
76144 120232 8469
76275 120419 11294
76375 120875 5904
76416 120710 10817
76343 120526 5860
76529 120827 5847
76252 120652 8726
76144 120294 6873
76259 120635 6140
76146 120130 5598
76293 120420 3904
76205 120501 6044
76272 120420 6945
76212 120577 6362
76083 120194 6317
76272 120310 5812
76294 120494 5372
75483 119448 4567
76258 120590 3891
76358 120845 6615
76341 120519 6332
76238 120325 9430
76070 120146 5825
76370 120581 5564
76213 120319 6624
75891 119983 7682
76309 120461 8347
76354 120539 7980
76145 120475 6853
76320 120482 5561
76169 120194 5964
76348 120830 3755
76274 120428 4657
76377 120618 6642
76346 120517 6306
76373 120549 4061
76267 120386 8109
76283 120385 11346
76304 120575 8818
76373 120638 10165
76412 120699 5613
76349 120514 5974
76366 120632 5143
76372 120576 6173
76380 120633 5829
76031 120107 8395
76354 120568 7812
74786 117937 5589
76395 120683 3943
76176 120071 6157
76285 120357 6027
76383 120657 6176
76359 120611 5973
76054 120082 6379
76289 120393 4909
76303 120770 5794
74933 118205 5652
74957 118295 7220
76125 120277 7932
75325 119257 5600
76222 120321 8448
76254 120323 6636
76283 120443 5571
76365 120572 6808
76267 120516 5933
76417 120446 5622
76409 120742 7035
76374 120598 6514
76068 120081 4134
76397 120692 10598
76386 120638 4188
76354 120580 5838
74947 118221 5774
76414 120695 6741
76313 120438 10099
76282 120419 5894
76361 120613 6101
76370 120707 5798
76478 120795 8619
76549 120960 5402
76295 120448 4906
76298 120713 6931
74520 117594 7399
76329 120496 5685
76046 120109 7922
76225 120308 5921
76393 120618 6539
76385 120439 9356
76470 120644 4936
76306 120724 7415
76313 120438 5493
76480 120818 5554
76272 120446 4506
76321 120492 3682
76448 120725 6378
76330 120541 3948
76340 120566 3855
76303 120431 4612
