59827 85701 4086
60253 86211 3149
60188 86116 5779
59868 85801 2813
59405 85312 4663
59826 85730 2740
59843 85750 4844
59624 85610 3996
59795 85772 2794
60208 86133 5566
59849 85745 3180
59835 85748 4461
59547 85461 4698
59753 85635 4903
60046 86049 4287
59800 85693 3057
59851 85735 5402
59903 85873 6148
59908 85844 5021
59826 85701 4243
59826 85704 4681
59554 85473 3785
59818 85709 4195
59561 85480 4334
59698 85628 6530
59821 85706 2574
59801 85692 4279
59555 85480 4086
59801 85778 4525
59816 85689 4521
59561 85497 4291
59794 85691 4395
59912 85852 4535
59818 85704 4070
59871 85803 4438
60220 86194 4788
60261 86237 6366
60220 86143 2770
59820 85711 4169
60260 86232 7344
59815 85691 4581
59820 85695 5759
59791 85664 6274
60003 85932 4218
60240 86195 4021
59795 85685 4222
60073 86062 4164
59823 85714 4139
59813 85705 3263
60135 86070 4835
59842 85749 4718
59828 85738 4534
59468 85381 6945
59817 85708 4612
59883 85818 3033
59821 85700 4648
59827 85720 4013
59814 85704 4086
59825 85735 2968
59814 85721 5090
59814 85705 6053
59823 85717 8176
59745 85609 4691
60179 86088 2951
60197 86113 4372
59792 85685 4414
59855 85753 6400
59831 85723 4681
59418 85325 4811
60273 86223 3349
60255 86231 3337
59855 85782 4132
59914 85855 4261
59799 85666 3827
59830 85738 3749
59854 85765 3164
60229 86186 2477
59893 85832 2844
59815 85687 2746
60222 86174 4665
59787 85674 2737
59821 85697 4474
59821 85710 7686
59822 85709 2715
59823 85698 4096
59799 85684 4562
60227 86172 4560
60202 86135 4399
59817 85715 3101
59888 85812 4261
59828 85703 6938
60201 86144 4127
60240 86189 4290
59829 85701 4421
60195 86137 4871
59806 85682 4333
59705 85632 4143
59780 85640 3328
59794 85681 4456
59839 85750 4062
