14777 23453 1060
14694 23272 1029
14747 23395 6859
14751 23433 1105
14754 23388 1122
14730 23407 1147
14742 23343 680
14765 23426 1427
14757 23405 1080
14700 23278 726
14714 23273 1054
14758 23411 1112
14705 23334 1357
15107 24048 1122
14758 23414 1163
14768 23388 2657
14770 23491 780
14744 23429 834
14696 23324 1055
14755 23359 1128
14733 23374 1073
14810 23515 1132
14770 23408 1146
15461 24645 1190
15426 24558 1204
15483 24656 1298
14673 23366 1187
14675 23251 1247
14717 23281 1073
15773 25219 1184
14823 23535 1214
14689 23315 1185
14784 23410 1154
14694 23316 1173
15460 24584 1319
14754 23398 1742
14789 23443 1155
14787 23453 1230
14704 23335 1245
14730 23328 1299
14758 23422 1185
14768 23445 733
14750 23380 1249
14731 23347 1269
15669 24977 1239
14742 23369 1181
14744 23443 1157
14765 23443 1264
14714 23356 1193
14738 23350 1306
14683 23307 1177
14721 23345 1164
15444 24564 1252
14759 23396 1293
14765 23467 1132
14762 23427 1261
14699 23335 1153
14669 23337 693
14715 23334 744
15495 24696 1130
14752 23424 1130
14751 23404 1050
15451 24605 1189
14756 23425 1170
14751 23392 1143
15434 24531 1142
14729 23337 1077
14739 23472 1077
14699 23339 1145
14705 23255 797
14798 23517 859
14764 23417 1030
14795 23506 1165
15768 25214 1010
15697 25053 1269
14767 23421 1213
14753 23401 1049
14713 23244 1049
14754 23405 1061
14737 23322 1238
15645 24961 1329
14727 23312 1065
14741 23421 1132
14796 23520 1214
14709 23257 1182
14772 23466 1077
14764 23429 1138
14703 23366 1096
14740 23458 1095
15424 24527 1398
14761 23438 1097
14774 23454 1139
14702 23337 794
14760 23449 1105
15472 24647 1213
14701 23317 1314
14774 23466 1498
14777 23452 854
15501 24708 1406
14721 23290 1050
