78887 100930 5495
78461 100371 6842
78237 100064 3484
78346 100090 4696
78986 101218 5834
79394 102083 5479
79143 101540 4820
78828 101224 5380
79121 101351 5749
78177 100316 3786
78159 100221 5475
74883 95787 6014
77591 99448 5080
78650 101180 5846
74181 94942 5200
78386 100445 5618
79147 101373 5613
78947 101470 5151
78575 100578 5080
78327 100161 5681
79157 101658 5242
79324 101749 5261
78733 100939 6787
79046 101082 5766
79918 102487 4652
78728 100896 3581
79039 101217 5734
79610 102056 11382
78657 100550 5487
78048 99976 3365
78697 100881 5217
78921 101115 4719
79104 101482 4604
79404 101975 5640
78494 100175 5749
78647 101194 9521
78544 100686 5872
79054 101442 7172
78787 100873 4976
77668 99352 5529
78169 100351 5336
79093 101572 5200
79414 102295 5547
78810 101168 3526
79289 101502 5270
78853 101031 5331
79556 102030 3508
79300 101625 5831
79254 101674 4776
78274 100195 4173
78096 100055 4338
78472 100486 5883
75319 96511 5144
77392 99005 6698
79077 101377 5180
78506 100427 3829
78460 100655 7405
79341 101906 4855
78358 100480 3917
78021 99779 6241
79073 101571 4953
78376 100536 3356
78355 100638 5303
79412 101993 3570
78683 100794 3479
77415 99203 4941
78743 100713 3803
78627 100513 5040
78821 100985 5052
79659 102377 5475
79224 101539 5835
78033 100124 3380
78717 100932 4386
77873 99790 4322
78201 100133 5178
79047 101296 5056
78316 100182 5365
78701 100960 5323
79095 101544 4931
78142 100268 5688
79728 102326 5414
78901 101451 6453
78886 100980 8271
78960 101200 5301
78897 101162 4651
78666 100802 5285
78845 100906 4972
77930 99906 5259
79125 101473 3526
79326 101804 5282
78794 100976 5467
79082 101226 5431
75097 96234 5083
79088 101454 5846
79395 101939 4324
79147 101626 5148
78349 100266 5377
74292 95193 5169
78495 100564 3451
79749 102302 5483
