35741 73072 2997
35779 73348 3301
35744 73310 2949
35699 73119 2798
35446 72525 1943
35289 72313 3111
35572 72668 3137
35681 73123 3013
35902 73684 1906
35831 73499 2957
34878 71312 2967
35668 73065 2917
35197 71768 1915
35887 73637 1953
35789 73291 3100
35760 73161 1991
35259 72218 2792
35875 73513 3337
35384 72549 3150
35110 71774 2934
35323 72217 2972
35652 72900 3510
34805 71127 2830
35828 73443 2723
35717 73169 2944
35754 73240 2882
35797 73346 3644
35799 73331 2764
35613 72827 3460
35853 73572 2063
35566 72809 3472
35722 73062 2864
35686 73188 3229
35764 73381 2833
35725 73260 3186
34322 70198 2684
35819 73497 3147
35744 73290 1954
35408 72395 2915
35779 73318 2999
35791 73444 1879
35647 73015 1960
35006 71695 3028
35692 73182 3236
35684 73120 3111
35384 72608 3138
35526 72613 1932
35775 73229 3211
35499 72780 3046
35692 73057 1942
35740 73320 3211
33502 68497 1886
35654 72946 2815
35515 72633 2840
35729 73109 3076
35782 73321 3220
35707 73260 2757
34734 71076 1894
35358 72276 3206
35789 73273 3284
35872 73532 3159
35687 73067 2966
35710 73214 3184
35401 72398 2900
35696 73131 2856
34939 71634 2377
35875 73510 3821
35627 72986 3627
35679 73117 1958
35781 73269 2111
35133 71878 3014
35638 72906 3014
35739 73163 2943
35018 71710 2736
35857 73503 3004
35843 73443 2920
35606 72949 3198
35870 73517 2455
35874 73587 1846
35784 73270 2900
35973 73723 3053
35778 73325 3051
35689 73139 4442
34820 71375 2942
35691 73192 3139
35319 72151 3068
35550 72634 3132
35702 73196 3025
35829 73443 2758
35872 73512 3196
35145 72131 3220
35684 73188 3210
35828 73426 2874
35820 73397 2327
35758 73310 2903
34927 71482 4617
35633 72857 1905
35129 71948 2876
35424 72639 3801
35842 73484 3045
