34648 52649 2698
34644 52690 3127
34880 52980 2720
34611 52602 2762
34856 52922 6815
34582 52613 3027
34858 52932 2402
35009 53195 2273
34908 53046 1684
34587 52567 2517
34563 52559 2471
34639 52686 2512
34933 53023 2159
35032 53187 2720
34850 52914 2487
34587 52604 1954
34646 52619 1945
34608 52632 2615
35098 53429 2551
34887 52963 2482
34851 52955 1671
34644 52690 2351
34878 52963 2358
34744 52751 2440
34983 53186 2496
34782 52925 3309
34664 52806 2680
34901 52999 1842
34866 52939 2602
34823 53015 2593
34603 52660 1774
34848 52902 2705
34893 53038 4148
34610 52642 2411
34879 52970 2247
34732 52692 1648
34904 53033 2528
34608 52647 2372
34845 52898 1651
34885 53021 2028
34594 52622 2482
34638 52699 2497
34609 52597 2457
34907 52980 2226
34859 53001 2607
34605 52648 2491
34593 52581 1694
34967 53089 1710
34939 53085 2526
34590 52616 2637
35015 53199 2366
34905 52978 2420
34851 52914 2427
34933 53069 2503
34855 52926 2625
34752 52814 2837
34593 52663 2621
34844 52897 1640
34666 52710 3085
34835 52995 2592
34592 52616 2528
34759 52864 2167
34858 52930 2902
34602 52585 2683
34932 53093 2640
34872 52953 2485
34776 52896 2600
34877 52962 2712
34872 52954 2676
34896 52992 2857
34857 52938 2568
34691 52724 2936
34854 52921 2250
34757 52730 1697
34853 52910 1634
34886 53020 2585
34845 52898 2433
34862 52933 2522
34748 52853 1613
34570 52548 1613
34855 53050 2550
34633 52798 2507
34905 52961 2647
34762 52870 2356
34847 52902 1951
34562 52530 2531
34657 52686 2559
34618 52606 2421
34877 52954 2415
34576 52566 1621
34612 52654 2507
34729 52846 2452
34456 52356 2647
34692 52663 2526
34911 52990 2300
34755 52872 2642
34912 52975 2651
34847 52906 2481
34879 53018 2664
35004 53164 2649
