34358 47245 1979
34939 48210 1456
34509 47483 2184
34215 47040 2180
35259 48826 2065
34570 47669 2241
35442 48857 2405
34560 47673 2204
34598 47625 1708
35257 48716 2604
34417 47419 2160
34265 47161 1457
34426 47398 2208
34729 47909 1545
35086 48455 2242
35452 48846 2314
34284 46961 2410
34944 48125 2538
34516 47389 2425
34644 47822 2259
35356 48974 2433
34991 48302 1657
35147 48574 2091
34677 47716 2234
34876 48001 2511
32764 45116 1476
35194 48619 1798
34820 47957 1512
32369 44630 2105
34634 47720 2195
34226 46933 1492
34634 47680 2174
35087 48377 2107
35101 48337 2099
34949 48229 2262
34658 47743 1596
34831 48020 2219
34773 47851 2249
34902 47974 2258
34813 47887 2182
35026 48511 1650
35294 48711 2128
35098 48489 2369
35481 49062 2208
35011 48453 2451
33555 45994 1627
34133 46833 2100
34474 47498 2253
34390 47539 1926
34830 48068 1603
34528 47558 1595
35497 49212 3918
34797 47917 2446
35890 49621 2561
34563 47638 2218
34550 47662 2073
35131 48601 2102
34667 47832 2219
34849 48088 2218
35287 48613 2113
34386 47322 3373
34631 47809 2347
32743 45167 2203
31731 43358 1340
34743 47951 1483
34710 47779 3002
34292 47186 4366
34891 48080 1418
35036 48265 2208
35131 48503 2108
35423 49220 2336
34884 48128 2250
35162 48588 2256
34826 48034 2675
34619 47695 2371
34961 48258 2412
35367 48858 2143
34132 47044 2161
34468 47569 2261
34404 47372 1495
35254 48730 2293
35043 48191 2258
34703 47939 1589
34957 48276 1552
34117 46855 2126
34631 47561 2816
34594 47525 2139
34656 47821 2280
35686 49252 2339
34733 47929 2149
34673 47603 1430
34764 48006 1548
34685 47945 2269
34317 47017 2025
35042 48375 2283
34742 47841 2301
34510 47735 2455
35060 48403 1547
35129 48455 2164
35552 49060 2063
