3273 4390 202
3063 4012 208
3123 4153 210
3335 4494 231
3270 4339 223
3349 4503 277
3211 4235 239
3283 4374 264
3294 4347 152
3371 4572 228
2941 3862 219
3230 4266 194
3254 4345 254
3211 4193 158
3321 4462 287
3276 4437 247
3381 4559 260
3328 4444 247
2900 3799 215
3054 4002 216
3217 4271 201
3290 4422 223
3418 4620 233
3301 4432 227
3421 4622 233
2861 3736 196
3295 4405 249
2859 3714 197
3018 3901 204
3382 4539 241
3158 4147 207
3374 4595 7251
3225 4259 180
3185 4222 207
3430 4620 232
3294 4324 215
3111 4109 209
3360 4534 227
3138 4164 223
3135 4100 230
3436 4613 240
3336 4523 247
3335 4482 254
3326 4465 223
3129 4144 217
3342 4517 267
3374 4497 240
3209 4293 253
3232 4331 267
3144 4164 201
3241 4303 253
3363 4454 219
3078 4056 314
3370 4472 252
3318 4450 211
3330 4533 234
3322 4352 203
3274 4392 208
3335 4390 235
2920 3858 217
3365 4514 270
3275 4357 226
3093 4023 220
3434 4594 322
3238 4313 258
3398 4571 227
3340 4477 240
3188 4263 214
3215 4279 214
3265 4381 227
3180 4222 154
3445 4615 238
3436 4537 256
3257 4341 215
3424 4642 187
3383 4496 215
3337 4417 251
3263 4358 208
3343 4510 236
3370 4486 231
3306 4368 204
3239 4317 214
3248 4259 225
3364 4495 225
3240 4346 152
3204 4238 222
3344 4455 223
3341 4476 235
3236 4284 217
3111 4035 225
3241 4381 195
3172 4187 183
3266 4351 250
3439 4545 153
3369 4496 208
3356 4483 223
3264 4384 239
3235 4301 221
3365 4507 329
3115 4137 228
