41764 64993 2411
41109 63849 3382
37807 58704 3822
41075 63904 3126
41190 64077 2981
41137 63793 3368
41618 64923 3882
41829 65284 3289
41274 64094 3338
40741 63320 6207
41220 64262 3042
40717 63215 2022
41778 65223 3367
40889 63488 4290
41135 64133 2310
41184 64189 3168
41738 64986 3169
41362 64457 3610
41513 64620 3106
41278 64271 2071
41625 64693 2498
41521 64777 2009
40999 63553 1989
41731 65229 2935
42098 65755 3129
39730 61535 2659
41698 64845 2380
41402 64415 2012
41088 63760 2684
40768 63240 3049
41041 63771 2170
41238 63907 3147
41724 64968 3260
41451 64444 3596
41586 64701 3016
40797 63510 4759
41821 65258 3483
40742 63327 2125
41683 65084 2638
40796 63508 3179
41889 65441 2153
41946 65499 2985
41429 64482 3130
40765 63117 2936
42391 66469 3260
36495 56261 2928
41008 63958 3297
41652 64800 3332
41692 65027 3476
42011 65528 3257
41332 64356 3428
40724 63190 3141
41210 64053 2533
41607 64726 3656
40943 63462 3143
41912 65510 2755
41414 64492 3048
41544 64779 2910
41816 65153 3177
41363 64356 4273
40709 63070 2300
37161 57652 2659
41557 64659 3308
42011 65534 3492
41483 64512 5215
41079 63872 3314
41242 64184 3045
41769 65070 2079
41420 64502 3176
41343 64383 3171
41583 64934 3158
40937 63575 3715
40181 62252 2943
40988 63585 2247
41483 64493 3073
41583 64851 4585
41600 64898 3065
41143 64113 4509
41302 64307 3175
40907 63351 3059
41474 64675 3287
37373 58017 2927
41034 63764 3438
40864 63481 2202
41013 63870 3453
41344 64401 7401
41202 63835 3078
41560 64750 7697
41132 63937 2213
40966 63751 4657
40465 62713 3227
41495 64466 3019
37895 58715 1870
40940 63784 3124
41640 65098 6311
41852 65335 2117
41922 65506 2138
40912 63543 3018
41774 64947 2217
41630 64890 3221
