36195 73763 3318
35597 72099 2767
36065 73370 2926
36586 74483 2255
36616 74651 1905
36654 74562 2062
36097 73552 2750
37112 76010 3012
36400 74047 2018
35767 72954 2833
36684 74643 2314
37005 75562 2862
35980 73011 2640
35860 72585 2856
36633 74907 2765
37597 76752 2926
36929 75646 1907
36783 75024 3036
36696 74655 2691
36725 74959 2840
36756 75085 4703
37283 76185 2983
32025 65138 2427
37228 75930 2909
30663 62087 2367
37224 75949 2735
36081 73184 2537
35909 72967 2938
36450 74040 3021
37064 75606 3018
36008 73161 2982
36261 73800 2723
35566 72541 2416
36803 75120 2841
37089 75915 2729
36804 75075 2942
36891 75085 2940
31661 64445 2412
36879 75276 2645
36685 74958 3110
36328 73807 6221
36509 74505 3076
36677 74692 2295
36838 75049 1986
36649 74646 3219
36760 74845 2898
36071 73253 2913
36210 73800 2957
36868 75218 2857
36894 75185 2840
35893 73162 2730
36276 74053 2590
36342 73731 3080
36142 73703 2876
36984 75462 1841
36361 74224 1797
35715 72074 2795
34165 69278 2750
36865 75309 2938
37118 75860 2693
36605 74422 2998
36325 74015 2309
37463 76484 2917
35326 71925 3006
37359 76129 2986
34890 70556 2832
36129 73663 2790
36445 74207 3286
37229 76298 3183
35568 72694 3015
36639 74903 2601
36595 74618 2770
36413 74634 2912
36535 74610 3276
37069 75394 2941
36932 75372 4351
36687 74432 2409
37180 75720 3766
36599 74647 3230
35505 72157 3064
37013 75177 1955
36768 75007 3168
37039 75306 3088
35906 73048 2971
36308 73920 3020
31165 63057 3018
35339 71818 3148
31790 64392 2501
36587 74547 2984
36910 75467 2897
36814 74932 3407
37592 77052 2860
36394 74079 2811
36658 74638 2065
36740 74887 2961
36688 74698 3003
36495 74522 2577
37397 76753 2194
37441 76709 3001
36613 74510 3109
