31706 44813 2208
31862 45060 2103
31758 44949 4177
31655 44733 4118
31724 44871 2211
31726 44867 2249
31388 44425 2235
31831 44931 3548
31778 44985 2080
31765 44960 1972
31674 44790 2047
31771 44924 2078
31783 44990 2228
31405 44496 1672
31726 44876 2293
31790 44843 2438
31792 45018 2162
31975 45159 2559
31753 44833 2149
31686 44750 2176
31691 44761 3661
31502 44673 2141
31789 44972 2295
31779 44906 2136
31683 44742 2107
31728 44876 2082
31746 44917 2046
31766 44977 1457
31823 45023 2208
31646 44724 2173
31436 44565 1750
31615 44712 1606
31967 45154 1482
31669 44732 2139
31695 44827 2246
31777 44835 1424
31670 44780 2007
31674 44769 2123
31669 44736 2259
31829 44956 2231
31772 44886 4780
31775 44968 2423
31810 44951 2159
31526 44677 2032
31834 44979 2110
31702 44789 2077
31746 44773 1620
31902 45132 2159
31761 44939 2293
31348 44473 2306
31813 44977 4692
31671 44667 2636
31735 44912 1606
31736 44887 2364
31711 44827 4651
31911 45066 2280
31703 44820 2441
31981 45200 2363
31793 44826 2363
31731 44812 2351
31975 45194 2021
31745 44754 2367
31643 44672 2160
31748 44895 2434
31310 44341 1708
31654 44715 2007
31729 44852 2530
31694 44797 2306
31822 44916 2581
31746 44782 2270
31613 44655 1508
31654 44723 2263
31756 44928 2076
31751 44951 1847
31851 44960 2017
31297 44354 1993
31819 44969 2190
31414 44510 2161
31794 44865 2177
31729 44857 2287
31731 44896 2339
31639 44712 2384
31699 44848 2163
31761 44920 2292
31387 44499 2284
31602 44641 2176
31391 44465 2210
31718 44884 2296
31394 44411 2323
31785 44941 2523
31622 44584 2509
31636 44774 2228
31671 44763 2346
31751 44942 2277
31768 44907 2299
31693 44784 2207
31727 44877 2261
31505 44620 2432
31725 44838 2243
31788 44939 2434
