63070 82736 3244
62964 82507 3004
63046 82665 2440
63569 83187 2535
63296 82857 3767
62337 81904 3914
63039 82668 3846
63073 82744 3468
63058 82830 3225
63233 82859 3538
63327 82968 3781
62928 82564 5824
63064 82722 3852
63066 82751 3840
63278 82850 4200
62977 82682 2685
63315 82907 4325
62558 82165 10076
63315 83008 3356
62585 82289 3915
62959 82631 3896
62410 82038 6625
62915 82532 3927
62474 82054 4284
63354 82987 3734
62941 82614 4101
63302 82893 2472
63453 83122 6410
62496 82086 3475
63089 82738 3995
62915 82541 3216
63024 82775 2480
63081 82863 2457
62486 82040 3776
62987 82691 4017
63147 82902 2456
62503 82096 2520
63297 82961 3460
62973 82662 2488
63099 82871 4003
63457 83115 4805
62420 82073 2704
62951 82648 6959
63368 82984 2351
62991 82725 4270
63311 82651 3681
62923 82566 7133
62548 82132 4884
63094 82775 2600
63578 83232 4145
62924 82586 3657
63823 83557 3798
62418 82103 3870
62947 82606 2628
62972 82664 6336
63098 82797 3871
63757 83424 4712
62933 82609 4015
62912 82534 4066
63134 82932 3847
62943 82598 3890
63063 82690 3920
62953 82646 3228
63335 82941 2637
62938 82578 3772
63543 83118 2804
62930 82577 4274
62406 82049 4323
63157 82652 4698
62483 82096 4223
63066 82660 4017
62837 82444 2502
63089 82754 3753
63109 82831 3816
63009 82692 5291
63003 82698 4088
63394 83017 2739
62937 82591 3501
63055 82692 2729
63494 83182 3931
62953 82594 4001
62401 81989 2504
62943 82643 3347
63276 82839 2429
63333 82936 4112
62392 81977 4096
63081 82716 3864
62990 82651 3820
62758 82459 2553
63073 82760 3637
63013 82750 3567
62943 82581 4766
62945 82616 2388
63404 83053 4102
62943 82602 5229
63065 82755 3714
62470 82117 2452
63113 82794 4144
63077 82780 3919
63508 83086 3776
