42363 58180 2619
43499 59927 2751
42019 57636 1928
40053 54866 1931
42740 58836 3203
43050 59140 3805
40945 56021 2747
42987 59075 3161
43459 59959 2960
43358 59851 2987
43081 59167 2760
42956 59303 1792
40747 56199 3102
42895 59139 2751
43013 59402 2794
43216 59529 3518
42521 58358 2820
42824 58716 2648
43547 60142 4763
42872 59104 2770
43307 59863 1988
43242 59715 3200
43208 59625 3099
43171 59463 3830
43111 59330 7217
42964 59156 6585
43236 59404 3241
42968 59067 3112
43284 59479 3258
42840 58795 2269
40158 55071 2733
43444 59871 2991
43371 59737 3198
43067 59437 3504
43077 59223 4870
43503 60038 2936
42358 57917 3173
43047 59033 2607
43548 60276 2758
43446 59909 3371
42789 58795 3056
42126 57782 2622
42939 59270 2876
43140 59282 2968
43012 59272 2809
43843 60689 3156
43518 60080 3496
43357 59953 2772
42284 58018 2732
43277 59730 3763
42870 59299 2980
42594 58662 2101
42575 58392 2112
42812 58574 3025
43300 59731 3436
42979 58984 3312
38531 52671 2392
43543 60101 1881
42759 58791 2707
43117 59723 2070
43292 59654 2837
43021 58990 2780
43091 59364 2928
42834 58788 1985
42575 58561 3032
42751 58737 3015
43442 59904 3044
42686 58647 2913
43203 59219 2956
43190 59663 3158
43278 59706 3026
42647 58849 3061
40221 55337 1850
42632 58561 3275
42929 59062 2543
43695 60198 2961
43650 60069 3009
44054 61072 2369
43387 59929 2264
43182 59383 2074
43283 59497 1965
43256 59644 2956
43872 60463 3410
43232 59720 3176
43375 59517 3156
42982 59355 2940
43112 59475 3015
43004 59044 2194
43175 59471 2005
43199 59449 3052
43044 59254 3110
43932 60801 2180
42561 58249 3380
43397 59744 3089
43383 59825 3048
43039 59428 3153
42944 59143 3013
43526 59975 3568
43055 59345 3309
43516 59851 1754
