52446 68340 3388
52510 68480 3059
52354 68164 3155
52414 68263 2963
52441 68345 3133
52298 68089 3104
52255 68148 3103
52449 68383 3014
52447 68359 3256
52433 68317 2245
52249 68099 2991
52146 68046 3085
52382 68170 3282
52450 68217 3164
52356 68157 2925
52410 68531 2125
52425 68306 7581
52388 68227 3119
52460 68365 3003
52407 68298 3305
52436 68316 3204
52305 68068 4808
52486 68372 3148
52461 68427 3309
52446 68357 3321
52427 68309 3387
51974 68027 3271
52373 68196 3199
52334 68075 2890
52374 68168 2084
52362 68180 2919
52489 68329 2862
52412 68492 2742
52371 68216 2025
52354 68171 2084
52313 68049 3042
52282 68034 2845
52450 68365 2896
52365 68190 2959
51960 67966 3127
52438 68546 1993
52403 68478 3221
52318 68114 3252
52403 68254 3199
52423 68280 3087
52454 68391 2726
52294 68028 2962
52484 68364 3068
52173 67975 3358
52290 68046 3029
52441 68330 3013
52516 68443 2982
52481 68324 3078
52361 68168 2964
52413 68286 3313
52383 68402 3042
51713 67665 4714
52358 68134 3093
52452 68356 3069
52416 68371 3122
52315 68097 3052
52390 68237 3439
52357 68142 3421
52500 68471 3167
52395 68261 3195
52401 68236 3975
52408 68273 3992
52437 68330 3024
52289 68051 3442
52267 68020 2856
52595 68616 2936
52165 68016 3360
52489 68368 5074
52398 68459 3504
52320 68134 3401
52448 68351 1945
52483 68343 1911
52497 68440 2001
52445 68332 2073
52443 68339 2101
52317 68070 3923
52398 68127 2676
52445 68347 2920
52452 68313 3095
52462 68376 3300
52302 68051 2950
52400 68232 2973
52536 68535 3132
52158 67979 3189
52465 68350 2031
52393 68457 3333
52420 68306 3186
52413 68268 3113
52477 68353 2919
52440 68302 3576
52401 68300 3243
52400 68255 2093
52387 68244 3238
52183 68082 3093
52229 68119 3236
