6874 10045 522
6875 10044 557
6907 10069 526
6883 10059 514
6886 10046 511
6911 10070 524
6845 9994 527
6891 10046 514
6875 10032 496
6873 10035 530
6799 9955 501
6891 10046 530
6902 10068 465
6822 9981 507
6885 10038 498
6917 10100 542
6874 10033 544
6861 10023 543
6812 9968 544
6871 10030 492
6808 9957 389
6810 9962 599
6857 10031 481
6881 10036 510
6878 10038 518
6889 10050 485
6842 9991 331
6799 9948 547
6874 10031 489
6816 9970 563
6867 10020 502
6840 10003 492
6812 9959 515
6872 10030 505
6874 10030 510
6891 10047 539
6911 10069 372
6803 9954 536
6842 9991 521
6883 10041 532
6872 10030 507
6896 10058 526
6872 10029 533
6852 10015 551
6914 10087 444
6873 10028 302
6863 10022 333
6866 10019 489
6824 9971 472
6802 9957 486
6867 10028 474
6854 10010 507
6844 9996 509
6843 9998 487
6910 10097 552
6913 10072 566
6811 9973 544
6870 10039 535
6912 10070 486
6843 9991 524
6822 9969 466
6879 10041 527
6903 10073 574
6861 10016 526
6872 10041 531
6811 10002 587
6896 10052 516
6905 10075 484
6918 10101 496
6914 10079 510
6914 10097 496
6830 9981 350
6848 10003 499
6952 10131 531
6874 10022 514
6857 10015 558
6816 10000 472
6911 10069 429
6845 9999 484
6816 9971 511
6855 10006 392
6868 10025 490
6862 10021 532
6967 10117 492
6885 10044 557
6887 10049 567
6874 10051 563
6820 9968 527
6874 10030 500
6978 10126 588
6846 10001 497
6904 10061 502
6840 10004 524
6814 9969 533
6815 9969 430
6867 10015 552
6865 10018 388
6875 10031 515
6890 10056 536
6863 10022 413
