14672 20186 1037
15737 21853 1147
15711 21655 1236
15987 22098 1323
15728 21789 1170
15822 21973 1200
14906 20648 1120
16110 22544 1226
16107 22481 1202
16111 22395 1224
15921 22059 1237
15758 21879 1280
16223 22548 1279
15840 21938 1260
16336 22847 1329
15695 21759 1102
15979 22194 1117
14672 20327 1039
14926 20688 1115
15974 22118 1182
16248 22839 866
15905 22159 1166
16394 22739 1146
14741 20326 1161
15843 21992 1110
15043 20889 1202
15998 22152 1338
15833 21947 1148
15066 20753 793
14486 19853 1044
15283 21380 1117
15987 22237 1219
16278 22645 1034
15323 21279 839
15969 22085 831
16069 22220 1189
16123 22497 1169
16046 22377 1189
15087 20924 1029
14760 20466 775
16248 22746 1298
15088 21026 1098
16030 22343 1147
15950 22127 1166
15873 22000 1271
15286 21365 1026
15930 22131 1136
15825 21906 929
15929 22082 1241
16253 22615 861
15989 22165 800
15954 22186 1296
15792 21815 1214
16174 22444 1207
15829 22055 794
16183 22566 1140
15932 22193 2201
15760 21804 755
16094 22411 1046
15842 21966 1114
16054 22380 1233
16047 22464 815
15166 21205 1052
15988 22247 1127
16010 22231 1233
15544 21515 1043
15933 22115 1144
15681 21667 1187
16072 22391 1112
16324 22762 1251
15145 21157 1147
16034 22445 1222
15676 21834 1280
16081 22340 1270
15879 21996 3917
15750 21849 1148
15481 21399 756
16020 22315 771
15962 22147 1202
16123 22334 1239
15862 22045 1254
15690 21720 974
16017 22201 1139
16333 22762 1342
16037 22351 1019
15971 22217 1093
16025 22301 1480
16369 22808 1260
15610 21657 1134
15974 22286 822
15893 22088 1119
15739 21865 1215
15962 22104 818
16302 22741 1155
16243 22723 803
16457 23029 1303
16181 22605 1227
16061 22373 907
15929 22041 1242
15656 21600 1111
