15526 32006 1676
13859 28444 1337
16336 33742 1560
12868 26252 1246
16148 33291 1069
16132 33201 1810
16489 34226 1287
16604 34388 1808
16346 33899 1553
15155 30911 1421
16289 33682 5662
16266 33696 1744
16465 34021 1575
16552 34256 1774
15815 32353 1507
16115 33100 1583
15940 32783 1690
13609 27704 1385
16218 33261 1768
15790 32514 1616
16313 33619 1645
16761 34957 1099
15477 31618 1381
16703 34753 1299
16491 34103 1373
16598 34456 1125
16224 33369 1465
15577 32190 1043
15620 32065 1544
16024 33055 1601
16999 35217 1813
16053 33154 1624
16733 34713 1619
16060 33088 4553
15977 32681 1036
16068 33099 1054
15872 32559 1450
16685 34701 1609
16474 33946 1561
16468 34161 5106
15494 31663 1461
16517 34312 1071
16120 33208 1657
15968 32814 1546
16480 34208 1516
16173 33297 1667
16418 33956 1629
16212 33439 1504
16387 33773 1677
16242 33610 1491
16334 33654 1558
16363 33754 1679
16059 33085 1719
16700 34599 1766
16474 33996 1835
16583 34388 3538
16336 33596 1162
16314 33480 3637
15473 31746 4034
15844 32710 1727
16150 33188 1627
16362 33921 1655
16374 33903 1083
15714 32013 1033
15693 32180 1626
16449 34005 1753
16850 35028 2032
16247 33616 1115
16217 33519 1630
16157 33377 1594
16394 33914 1617
16549 34179 1585
16341 33853 1500
15964 32843 1024
16495 34213 1116
16656 34485 1643
15078 30936 1419
16238 33531 1493
15194 31149 1346
16717 34791 1265
15978 32855 1439
15757 32433 1617
15856 32629 1384
14949 30586 1525
15733 32335 1158
16463 34001 4072
16327 33694 1670
16495 34278 1645
16168 33583 1523
16677 34586 1703
16036 33003 1602
16295 33710 1687
16563 34210 1681
15767 32342 1539
15970 32866 1018
16564 34313 1649
15592 32073 1599
16368 33758 1678
16234 33542 1647
16540 34131 1797
