28845 39681 1986
29113 40353 1469
29045 40033 2270
29555 40775 2147
29118 40123 1746
28607 39279 2258
28958 40147 1556
29753 41023 2120
29148 40239 2107
28970 39973 2759
29201 40360 2237
28914 39955 2439
28972 40127 1954
28948 39661 2173
28967 40040 1911
29319 40714 1536
29294 40596 2085
28424 39192 2099
29200 40125 1861
27319 37738 2242
29576 40976 2157
29715 41036 1879
28777 39586 2259
27171 37526 2804
29341 40530 2223
29113 40365 1549
28874 40035 2173
28907 39925 3019
29110 40279 2114
28702 39345 1410
29170 40284 2155
29067 40141 2097
29243 40450 2279
29477 41109 2238
29372 40786 2225
29211 40382 2241
29283 40495 2137
28996 40059 2163
29100 40030 2122
28397 39085 1765
29663 41135 2166
28902 39992 2363
28937 39999 2318
28804 39766 2165
28727 39521 2006
28935 39791 2119
29348 40754 3970
29489 40893 2166
29486 40765 5384
28890 39970 2073
29010 39907 2029
29243 40319 2266
28775 39834 3612
28426 39341 2237
27207 37359 1414
29198 40328 2234
29004 39867 2130
29243 40248 6994
28694 39422 2037
28905 39939 2187
28763 39661 1447
28752 39633 1854
29709 41266 3011
29501 40931 1527
28792 39848 1417
29297 40422 2298
28867 39790 2408
29539 41059 4527
29202 40332 2355
29235 40581 2206
28976 40084 2168
28827 39714 2194
29370 40710 5569
27453 37875 2143
29119 40396 2093
29258 40465 2157
28940 39957 2063
29112 40120 2144
29366 40577 2121
29389 40769 1704
28139 38668 1924
28617 39322 2159
29585 41045 2209
29226 40512 1440
29008 40112 2264
28544 39364 2133
29264 40540 2117
28769 39686 2233
29150 40221 2262
29331 40811 2208
29378 40611 2172
29203 40493 5456
29348 40642 4965
28690 39527 3021
27559 38046 2154
28973 39902 2349
28963 39902 2349
28822 39717 2373
28981 40013 1514
29261 40371 2277
