22011 31746 2473
21932 31596 1541
22028 31781 1657
22132 31914 1508
22256 32154 1517
21958 31635 1687
21945 31615 6069
21966 31671 1568
21924 31588 1974
21964 31664 1599
21951 31642 2064
21953 31640 1144
22102 31895 1130
21974 31700 1857
22148 31996 1106
21927 31593 1759
21952 31643 1733
21959 31636 1776
21956 31624 3377
22005 31733 1089
21934 31599 1260
22554 32640 1735
21926 31588 1595
21956 31621 1579
22217 32124 1876
22021 31730 1558
21966 31701 1552
21995 31713 2017
21972 31693 1799
22001 31728 1663
21949 31613 1708
21929 31591 1702
21937 31620 1776
21969 31677 1397
21995 31712 1663
21926 31589 1436
22132 31924 1428
22721 32896 1097
21934 31600 1681
21932 31597 1602
21956 31634 1782
21939 31639 1155
22309 32206 2598
21931 31595 1628
22201 32014 4794
22188 32010 1770
21928 31603 1555
21928 31591 1598
22028 31776 1654
22054 31832 1750
22198 32009 4384
21930 31604 1685
22138 31977 1228
21932 31597 1649
21924 31586 6500
21947 31634 1677
22093 31848 1198
21935 31612 1459
21967 31667 1506
21928 31592 2387
21952 31641 1624
21970 31677 3074
21938 31609 1724
22005 31741 1772
21928 31593 1540
21973 31687 1602
21964 31674 1683
21933 31598 1520
22161 31971 1412
21932 31597 1819
22223 32129 1928
22006 31702 1118
21964 31643 1782
21897 31540 1069
21961 31628 1649
22282 32200 1755
22042 31812 1783
22202 32027 1528
21926 31601 1136
22025 31760 1633
22001 31723 1180
22139 31978 1557
21989 31681 1616
22153 31995 1671
21957 31651 1622
22004 31736 1642
21956 31624 1171
22013 31760 1548
22147 32009 1054
21991 31722 1725
21930 31591 1547
21930 31605 1034
22034 31762 1753
21971 31692 1957
21974 31694 1476
21933 31608 1101
22133 31943 1101
21929 31591 1838
21930 31594 1087
21995 31713 1064
