100400 130930 6375
100489 131162 10069
100372 130826 5848
100361 130813 6873
100729 131243 4130
100008 130426 6334
100459 130986 7660
100379 130709 6324
100208 130666 4232
99992 130366 5922
100725 131192 6577
99811 130232 5968
100632 131243 5947
100331 130723 6288
100361 130848 6193
99968 130366 11802
100304 130752 6669
100468 130920 6146
100389 130894 9179
100329 130781 9653
100401 130885 15577
100355 130781 6249
100524 130964 9002
100336 130799 8308
100114 130621 6148
100343 130808 4371
100398 130878 6247
99902 130353 6577
99934 130270 3964
100484 131028 6340
100289 130735 7229
100308 130713 6106
100465 130927 6443
100504 131138 6417
100415 130916 6011
100412 130835 5060
100363 130918 7409
100438 130851 8062
100973 131570 5978
100005 130399 8029
100477 130939 12597
100444 130952 5375
100327 130786 11269
100148 130522 6906
100373 130867 5892
100414 130949 6158
100376 130867 7173
100894 131288 5468
99836 130286 4885
100414 130893 6886
100438 130920 7922
100137 130701 8236
100744 131246 6663
100332 130824 6004
100406 130903 6382
100340 130780 4866
100350 130814 8818
100442 130902 5088
100173 130555 6568
100414 130884 6763
99952 130371 6447
99763 130097 6773
100230 130683 6168
100327 130745 4762
100110 130594 6388
100313 130744 5796
100360 130826 9898
100355 130815 6488
100437 130945 8641
100527 131117 9018
100678 131235 6476
100385 130826 5372
99829 130280 5517
99981 130390 9637
100112 130497 5787
100474 131028 10022
100476 130924 4360
100384 130915 3843
99933 130277 6830
100755 131288 6246
100184 130826 11824
100227 130717 6198
100392 130845 6698
100551 131012 6723
100303 130648 3916
100669 131086 6284
100413 130897 5833
100902 131535 9037
100375 130812 9165
100397 130863 5507
100341 130740 6179
100729 131303 7750
100697 131238 6878
100460 131024 6417
100769 131342 7672
100540 131098 7143
100482 130945 6223
100453 130878 4144
100420 130876 8797
99918 130293 6470
