49449 63471 3017
48780 62469 3095
50341 65012 3126
50065 64376 5365
49487 63879 3071
49106 62960 2166
49041 62792 5240
49188 63174 2560
49141 63251 5078
49095 62859 3211
49947 64392 2187
49190 63188 5673
49607 63908 3289
49822 63959 3171
49345 63196 3216
49358 63338 3518
49478 63565 3414
49118 63147 3048
48821 62654 3044
48600 62252 2561
49684 63866 3096
49397 63604 3073
48873 62680 3044
48650 62227 3046
48496 62178 2840
49337 63508 2179
49786 64113 3033
49171 63142 2213
49636 63714 3087
49032 62751 3127
47650 60899 2919
49335 63466 2797
49137 63040 3124
49331 63380 2921
48952 63011 2012
49563 63856 3037
49156 63309 3130
49570 63710 3055
48751 62507 3087
49362 63622 3126
49315 63409 2927
49588 63970 3679
49382 63616 3090
48799 62723 3054
49300 63369 5421
49134 62871 3289
49289 63145 2872
49232 63064 5674
48964 62972 3566
49605 63940 3000
49556 63900 2989
49607 63705 2054
49517 63879 2047
48221 61768 2081
48782 62584 3118
49902 64551 2108
49596 63715 2076
49529 63658 2146
48847 62774 3862
49293 63315 1966
47203 60734 2058
48165 61634 2090
48867 62645 3218
48972 62814 3266
48716 62507 6764
49364 63581 3750
48255 61884 7590
48830 62691 3233
49661 64085 3350
49017 63008 3415
48850 62527 3135
49377 63495 3270
49354 63342 2039
49160 63148 3130
48297 61672 3202
49340 63416 2916
48901 62765 3832
46651 59880 2326
49233 63389 3707
49244 63146 3307
49260 63294 3142
49793 64073 5092
48922 62864 5387
48928 62919 2710
49549 63577 3150
48471 61848 3044
49594 63769 3285
49927 64192 2354
48995 62847 3017
48794 62344 4126
48778 62318 3214
49110 63005 3172
48252 61613 3448
49523 63845 3057
49298 63280 2965
49065 63058 3025
49214 63315 3163
49622 63964 3266
49404 63601 3164
49128 63015 3225
