40597 83318 4328
40618 83298 2403
40329 82288 6977
40847 83609 2866
40577 83232 2476
40471 82611 2994
40559 82912 3566
40608 82863 2387
40761 83362 3938
40420 82391 3548
40438 82995 3419
39996 81579 3803
40584 82972 3481
40601 82918 3676
40784 83835 3873
40583 82803 4011
39889 81300 3691
42094 86593 3947
40548 82723 3599
40528 82813 3607
40414 82519 3827
40382 82272 3768
39824 81124 3629
40491 82645 2352
40347 82699 3693
40728 83681 3450
40302 82231 3540
40533 82655 3567
40498 82595 3358
40240 82023 3591
40380 82478 2517
40484 82646 3458
40379 82500 3944
40686 83548 2336
40225 82081 2332
40699 83048 3780
40327 82282 3898
40436 82530 3614
40302 82235 2189
40175 81915 2490
39955 81464 3518
40750 83265 3887
39932 81397 3400
40282 82149 2264
39874 81280 3532
39776 81142 3446
39776 80973 3180
40287 82225 3461
40768 83389 2399
40488 82681 3611
40551 83257 5425
40454 82606 5743
40597 83277 3395
40482 82767 4033
40459 82594 2429
40512 82660 3638
40940 83808 2718
40736 83543 2324
40457 82617 3951
40681 83569 3679
40496 82538 3483
40465 82621 4213
40506 82730 3538
40773 83699 3456
42054 86533 3830
40639 83361 3813
40575 82948 3599
40498 82742 3489
39974 81503 5085
41991 86055 2345
40155 81934 2210
40567 83083 3498
40320 82324 3694
40433 82504 4076
46552 96203 4154
40443 82509 6891
40076 81660 5940
40370 82317 3279
40326 82321 3298
40301 82256 2468
41740 85470 3635
40112 81740 4395
40518 82745 3470
40475 82638 3339
40423 82518 2488
40304 82128 3355
40679 83487 3439
40292 82175 2262
40762 83811 3367
39909 81307 2815
40754 83379 3302
40083 81671 3417
40326 82344 3138
40774 83369 3889
40734 83317 3288
40633 83372 3753
40306 82242 4038
40612 83029 3366
40683 83135 4130
40572 82958 3243
