17988 28222 1033
18618 29373 1120
18328 28791 1193
18339 28685 1042
18028 28243 1579
18572 29171 2524
17770 27764 1082
18410 28945 1071
18298 28810 1496
18353 28884 1595
18229 28523 3903
18390 28837 1606
18257 28678 994
18719 29501 1647
18039 28234 1041
18226 28557 1487
18462 28951 1636
18241 28684 1025
18767 29655 1698
18573 29359 1491
18431 28939 1488
18517 29183 1370
18225 28598 1546
18304 28915 1696
18238 28733 1665
18846 29657 1505
18193 28563 1524
18466 28997 1610
18702 29411 1487
18084 28366 1542
18057 28211 1543
17976 28145 1396
17804 27866 1500
17833 27760 1313
18321 28682 1541
18348 28923 1543
18580 29289 1375
18458 28852 1044
18145 28601 1491
18248 28671 1495
18161 28606 1760
18371 28812 1160
17856 27924 973
18172 28510 1533
18370 28877 1076
18313 28811 1540
18114 28318 1556
18592 29337 1135
18659 29339 1659
18477 28924 1558
18009 28223 1418
17900 28003 1007
18260 28625 1290
18656 29525 1346
18291 28661 4411
18281 28644 1840
17586 27330 1122
17244 26849 1395
18099 28406 1660
18547 29100 1675
17703 27606 1509
18295 28635 4325
18408 28906 1013
18141 28465 3314
18537 29103 1172
18306 28687 1515
18398 28893 1464
18290 28647 1323
18302 28771 985
17963 28057 866
17059 26824 879
18639 29288 2053
17638 27536 1297
18561 29230 1452
18511 29070 1510
18402 29006 1505
18077 28288 1081
18069 28281 1443
18581 29183 1572
18465 29125 1963
18295 28796 1474
18630 29396 1570
18050 28226 1540
18366 28869 1505
18627 29303 4013
18001 28202 1526
18423 29036 1508
17815 27805 1367
18310 28848 1416
17852 27724 1527
18491 29075 1597
18313 28800 1571
18326 28828 1230
18660 29414 1579
18237 28366 1414
17928 27975 1582
18462 29050 1028
18508 28980 1478
18627 29335 1472
18432 29032 1425
