76804 118700 6123
76512 118157 4489
76971 119162 6280
76176 117994 4992
75309 116076 6060
77296 119650 5008
75878 117278 3801
68080 104957 7079
76124 117633 6319
76961 119010 6946
76276 117947 4482
76642 118478 5108
76904 119195 12797
77390 119919 5339
77351 119855 9764
76532 118387 6338
76923 119094 8303
74128 114242 7062
76389 118055 5631
77014 119150 5834
76632 118451 6166
76236 117977 6124
76999 118936 7295
76817 118989 6689
77238 119722 5141
75961 117317 6779
76568 118532 6566
76581 118221 4959
75675 116714 7133
76977 119200 6370
76433 118160 7203
75652 117027 8288
75843 117216 6277
76818 118859 6497
77229 119999 10357
75161 115877 4644
77027 119502 5511
76759 118747 5193
76106 117521 5641
77530 120004 6606
76512 118123 5713
77091 119510 6318
76813 119050 7518
76578 118175 10585
77480 120249 7182
75498 116267 6427
75831 117472 6022
76084 117581 5646
76777 118889 5896
76973 119281 5020
76444 118484 4103
77368 119755 9315
75417 116291 6632
74926 115909 4717
76304 118185 6379
76528 118593 6446
76684 118665 6323
76195 118050 4718
76916 118982 5842
76821 118825 4327
77371 119922 6333
76680 118691 6591
74026 114244 5268
76255 117807 4792
77117 119417 5845
76402 118198 6059
77028 119108 4003
76010 117396 4321
74915 115798 6125
76931 118969 6711
76377 117937 6677
76269 118104 9553
77043 119583 6571
77027 119292 4392
76820 118865 6371
76498 118303 7047
76506 118546 9834
76531 118372 6379
76471 118011 6298
77064 119818 6557
76863 118950 7379
76502 118441 5887
76675 118880 5834
76518 118489 6295
76740 118581 10097
77243 119656 6404
76920 119119 6140
76377 118237 6348
76673 118719 6412
76366 118256 4346
75663 116648 6482
77120 119231 6840
76598 118443 5164
76365 117866 6624
77296 119777 4084
76979 118925 6699
76475 118501 6673
74834 115321 8389
67671 104154 4347
75952 117368 4234
