36265 60751 2328
36240 60699 2124
35765 59753 2959
36272 60756 3289
35905 60064 2291
36067 60372 2405
36235 60682 3366
36003 60194 4616
36282 60778 2978
36339 60881 2766
36286 60794 2816
36291 60821 2818
36296 60816 2970
36250 60726 2728
36317 60896 3090
36284 60756 2617
35758 59735 2543
36269 60742 3105
35916 60254 5480
36290 60774 2802
36421 61045 3129
36027 60235 2597
36287 60818 2732
36286 60793 2886
36266 60752 2847
36427 61062 2710
36036 60461 1834
36289 60807 2516
35953 60181 2966
36448 61095 1955
36279 60785 2521
36343 60905 2597
36231 60677 2655
35484 59460 2561
35938 60284 2636
36410 61003 2298
36308 60833 1719
35899 60230 3524
35713 59709 2619
36277 60760 3024
36431 61112 2487
36218 60677 2662
36453 61144 4843
36256 60708 10610
35517 59525 2519
36145 60736 2643
36281 60753 2327
36261 60790 2512
36210 60655 1818
35989 60431 2790
36282 60754 3822
36417 61081 5231
36276 60776 2601
36274 60738 3037
36032 60250 2149
36431 61091 2833
36239 60742 3029
36275 60745 3439
36263 60715 2663
35242 59006 2581
36263 60758 2517
36259 60744 2669
35487 59463 2180
36263 60780 2792
36309 60817 2612
36274 60743 2641
35954 60222 2600
36379 60956 2993
35900 60084 1939
36068 60462 3287
36589 61231 1955
35759 59848 2863
36331 61083 2652
35996 60219 4926
35945 60294 2734
35563 59601 2613
36064 60471 3541
36055 60320 3182
36313 60847 2692
36064 60425 3354
36299 60836 1863
36025 60227 2619
36277 60752 2775
36371 60952 2833
35919 60071 2844
36299 60826 2571
35947 60348 2798
36317 60865 3013
36498 61199 2876
35908 60243 2871
35915 60289 2639
36341 60943 2560
36441 61118 2269
36272 60769 2805
35486 59459 2091
36278 60780 1811
36271 60790 2970
36274 60787 2501
36130 60673 2585
36286 60767 2432
