53405 108139 5282
53005 107829 4690
54164 109711 5058
54164 110177 7068
54578 111252 6189
54971 111918 3653
54195 110204 3425
53987 109754 4055
54090 109780 5041
54124 109943 4812
54193 109976 5407
51642 104548 4820
54521 110903 7088
44760 89982 11271
53852 109057 7249
53413 108267 5020
54036 110096 6426
53694 108685 5375
54154 109619 4989
52689 106888 4768
53742 109133 5456
52730 106446 3230
54122 110278 5242
53935 109573 3248
53929 109629 5324
53131 108073 3190
53419 108307 5336
53818 109553 5440
45311 91130 5560
51701 104231 4657
54587 111128 5317
52088 105276 4765
53514 108444 4864
53798 108932 3447
54372 110582 6046
53076 107248 4831
54510 110577 5020
53931 109446 5535
52922 107025 3621
45573 92013 4894
52326 105900 5024
53227 107847 4451
51756 104525 5108
54686 111073 4863
54356 110757 3696
51405 103816 3087
54814 111434 3285
52415 105826 4007
53951 109010 4212
54272 110230 4844
53259 107751 4707
53518 108279 3560
54012 109364 3992
53676 109038 4322
53825 109045 4664
51827 104957 4476
52711 106185 4912
53358 107644 3962
54123 109796 6005
46121 93323 3298
45250 91274 2893
54726 111397 5551
52367 105665 4661
53912 109212 5126
53076 107682 4612
53842 109119 5340
53680 108330 8709
53098 107891 3882
53671 108577 3541
54011 109807 4419
53015 107371 4176
53413 108186 5327
53179 107253 5356
53982 109461 5116
53790 108855 9460
53707 108819 4454
50781 102819 6059
54141 109732 6258
52727 106522 5279
54209 110215 5562
50497 101686 4635
54631 110959 5757
54129 110052 5039
53605 108639 5365
53395 108214 5144
53971 109318 4796
53312 107780 4470
53692 108924 3499
53828 109074 5839
53064 107471 7043
53938 109663 4459
51244 103436 3780
53589 108990 3646
53672 108947 5125
54451 110635 3275
53032 107306 5230
54019 109561 5274
53419 108330 5508
45719 92252 5002
54046 109723 5268
