43018 61555 2932
43121 61694 6834
43123 61690 3063
43247 61934 3770
43121 61690 5667
43005 61515 3059
43158 61749 3107
43307 62001 2143
43197 61833 3219
43251 61988 2291
43036 61580 2295
43196 61841 2999
43145 61728 12324
43115 61725 3168
43046 61594 2864
43264 61868 3315
43295 61888 3136
43332 62014 4573
43203 61845 3202
43185 61812 2489
43174 61755 3123
43135 61726 3151
43127 61708 2956
43163 61759 3481
43177 61771 5170
43292 61937 2910
43198 61843 3090
43154 61772 2091
43135 61713 3123
43322 62003 6643
43224 61890 2922
43131 61727 2878
43133 61698 3006
43190 61810 3056
43044 61583 1877
43132 61698 3239
43123 61688 2878
43253 61887 5727
43229 61898 4982
43309 61967 3317
43135 61723 3064
43200 61870 3073
43129 61706 5573
43240 61911 6901
43187 61812 3172
43117 61700 3159
43120 61690 2941
43192 61806 3235
43114 61686 3052
43177 61803 2167
43259 61901 3710
42973 61481 2183
43126 61694 1937
43174 61759 2887
43294 61959 2927
42984 61495 2889
43095 61758 3550
43007 61560 3200
42973 61480 2982
43124 61692 3096
43228 61785 5391
43223 61883 7846
43066 61651 3372
43119 61691 3481
43321 62001 2935
43141 61731 3148
42977 61468 3070
43125 61689 2844
43220 61838 2821
43123 61708 2921
43192 61830 3413
43187 61838 3236
43108 61676 2948
43065 61625 3329
43125 61718 2230
43112 61695 3970
43209 61874 3217
43123 61703 3103
43105 61660 3417
43313 62033 6549
43217 61894 1975
43125 61693 2526
42995 61502 2079
43137 61704 3100
43091 61659 2077
43122 61717 2998
43135 61719 2682
43283 61928 3045
43297 61956 3047
43139 61709 1941
43184 61775 4870
43098 61662 3110
43285 61948 2411
43092 61657 1917
43101 61670 2992
43135 61727 3376
43122 61710 2849
43119 61707 2896
43130 61720 8220
43123 61694 3350
