44602 90692 4143
44161 89599 4092
44410 90064 4347
36694 74133 3364
44428 90280 3954
45328 92376 4171
44890 91683 4508
44090 89638 4086
44896 91369 4050
44217 89506 3796
44573 90653 4334
44117 89716 3870
42224 85438 4247
35309 70993 3244
42675 86152 4153
43956 89240 4041
43595 88016 4079
45258 92603 4201
42665 86172 5320
45404 92542 4359
43561 88287 4167
43974 89301 3971
42424 85754 4175
44615 90593 4196
44559 90721 4404
44065 89782 4311
44778 91074 4438
44621 90746 4361
44639 90955 4039
44365 90039 4173
44313 90506 6812
43947 88991 4456
42386 85829 4040
44875 91177 4405
43833 88977 4078
43751 88448 4015
42948 87077 2349
44794 91077 4273
44738 91183 4201
44681 90722 3291
43881 89083 4160
44165 89614 2920
44316 89695 2927
41915 84853 3762
44108 89693 4141
39086 78810 3719
43408 88018 3881
44652 90734 4130
37424 75442 3906
45205 91978 4528
44388 90351 4024
44096 89610 4000
43663 88605 4007
43946 88892 4414
44599 90782 3976
43856 88849 3935
37430 75596 2361
44428 90136 3748
42948 87506 3702
44506 90408 3810
43454 87938 3765
44626 91026 3746
45079 91871 4275
43997 89232 3888
44172 89625 2819
42913 87145 3230
37843 76594 2308
43861 88944 4143
44714 91188 6177
44794 91012 4039
36448 73321 3233
44715 90877 3151
44570 90711 2726
44054 89586 4178
43934 88974 3713
44450 90300 3874
44894 91374 3895
45015 91628 4545
38520 78251 3763
44661 90925 4171
45368 92498 4234
44326 90242 4213
44228 89804 4253
42853 86552 4456
44059 89294 3868
44584 90697 4082
44304 89953 4186
44523 90289 2738
43498 88537 4035
43065 87413 3789
45086 91674 3006
44248 89913 4377
44780 91032 4020
44368 90190 4167
43547 88145 4096
45400 93025 2596
43739 88801 2751
43985 89400 5011
44399 90239 4225
43324 87789 3994
