25402 51917 2384
25387 51793 2572
24882 50867 2678
25807 52776 3445
24656 50465 12827
24941 50959 2619
25405 52010 2419
25907 53392 3147
24697 50171 2492
25864 53155 2583
25916 53303 2979
25898 53275 2299
25198 51431 10049
22246 45588 6572
24694 50477 3721
26060 53754 2789
26098 53624 2719
25466 52162 2574
26106 53716 2743
24799 50623 2443
24511 50218 2387
25359 51932 2418
25243 51789 21230
23885 48562 2262
25325 52001 2448
25058 51251 1766
25427 52273 2595
24910 50802 2252
24905 50923 2687
25618 52863 2422
25026 51254 2534
24876 50804 2567
25456 52127 2705
25082 51103 2763
25818 52962 2815
22016 45014 2151
25793 53082 2419
25754 52652 2980
25467 52137 2621
25368 52176 2509
25303 51779 2558
25197 51556 2548
24989 51038 2714
25509 52356 6112
25121 51459 4288
25021 51265 2367
26077 53462 2716
25782 52764 2652
23962 48708 2648
26036 53852 2892
25247 51619 2629
25838 52977 2544
25610 52677 2780
25201 51565 2435
25427 52284 5683
25681 52657 2877
21305 43007 2081
24962 50990 2740
24642 50292 2415
25241 51661 2869
25449 51970 3117
25267 51773 2485
24406 49757 2430
25080 51102 2837
26235 54044 2869
25644 52470 5058
25122 51168 2517
25567 52365 2618
23421 47643 2475
25250 51708 2287
25039 51051 2568
25272 51595 1597
25738 53079 2337
23671 48376 2253
23553 47799 2341
25743 52985 2652
25122 51297 2562
25547 52421 2560
25796 53200 2763
21753 44192 2168
24825 50605 4763
25067 51438 2424
25771 52963 2544
25603 52362 2629
23927 48700 6077
24211 49477 2530
24326 49457 6218
26121 53610 2480
24993 51111 2921
25400 51823 2508
25880 53051 2425
25927 53453 4892
23766 48513 1697
25762 52771 2500
25603 52381 2632
25716 52877 2486
24543 50007 2332
25918 53057 2651
23638 48262 2490
24179 49464 2451
