22718 29981 1365
22790 29997 1379
22923 30230 1249
22958 30228 1170
22824 30106 1002
22826 30069 1454
22962 30250 1593
22891 30103 1507
22790 30001 1464
22919 30180 1488
22914 30227 3574
22953 30222 971
22856 30105 1555
22779 30005 1590
22972 30268 1077
23073 30315 1661
22921 30212 7694
22778 29992 6682
22815 30150 1617
22799 30015 1389
22687 29911 1487
22923 30168 1473
22977 30238 6147
22916 30186 1299
22581 29877 4536
22822 30066 1617
22754 29973 950
22895 30145 1442
23048 30286 1507
22914 30199 1420
22918 30236 1486
22797 30081 1454
22774 29987 1015
22790 30023 1356
22707 29906 1635
22954 30270 2206
22915 30222 1542
22944 30234 1455
22934 30201 1031
22934 30196 1355
22947 30228 1404
22887 30114 1306
22650 29835 1473
23112 30416 1442
22885 30113 1883
23064 30365 1412
22896 30148 1450
22923 30201 1567
22951 30248 1482
22845 30079 1511
22895 30124 1454
22852 30092 1457
22946 30214 1414
22934 30230 1509
22978 30263 1397
22795 30001 1568
22661 29886 943
22889 30171 1521
22987 30288 1593
22831 30098 1231
22941 30227 1148
22966 30225 910
22856 30117 1366
22932 30226 1522
22773 29948 1513
22925 30273 1435
22665 29911 1581
22780 29973 1601
22901 30169 1291
22948 30223 914
22921 30207 927
22885 30130 1022
22898 30189 1136
22931 30245 1025
22949 30219 2762
22710 29892 1815
22891 30172 1495
22928 30245 1245
22929 30185 2975
22928 30234 1736
23065 30333 1366
22907 30150 1515
23100 30354 1505
22795 30058 1439
22741 29948 1364
22871 30151 1339
22947 30241 1438
22861 30191 1375
22821 30079 1432
22775 30008 1054
22946 30247 1403
22897 30153 1371
23077 30330 1263
23047 30350 1306
23115 30376 1399
22788 30001 1495
22927 30218 1360
22835 30090 1510
22809 30038 1676
23130 30425 1459
