57421 95506 4276
57722 96312 4746
57685 96221 3409
57686 96346 4145
56920 94926 2925
57663 96154 3009
56966 95003 3188
57655 96136 3001
56972 95027 2647
56835 94725 3262
56944 94987 4734
57034 95177 4908
57433 95522 4292
57790 96172 2978
57798 96410 3023
57662 96215 4383
57143 95352 3246
57261 95502 3747
57555 96053 2840
57657 96263 5145
56846 94729 4518
56941 94943 4761
57419 95771 4668
57383 95720 4538
57028 95137 4441
56950 94981 4370
56974 95036 3861
57005 95078 4613
57400 95747 2953
57022 95072 3326
57503 95956 4738
57067 95201 4667
57587 96149 7594
57558 96008 4693
57016 95097 5606
57020 95139 4753
57451 95844 6104
56956 94992 5961
57100 95328 4762
56964 95013 4986
56970 95002 4567
57017 95145 4469
56907 94886 3402
57017 95133 4181
57937 96397 6736
57009 95108 5167
57202 95413 4939
56963 95001 4898
57649 96106 4798
57695 96246 4548
57567 96170 3122
56853 94749 4790
56956 95030 3087
56862 94770 4476
56956 94973 4595
57602 96150 4424
57039 95142 4546
56940 94953 4686
57482 95883 4563
56961 94991 2956
57008 95086 4420
56823 94665 3842
56951 94980 5189
57740 96306 3242
57611 96168 3805
57511 96042 4785
57660 96276 2980
56996 95078 4491
57587 96091 6566
56961 95059 6606
57021 95158 7624
57476 95879 4793
56991 95068 5096
57043 95185 4253
57649 96135 4554
57038 95154 5204
56970 95029 4573
57506 95960 6730
57678 96231 5221
57017 95109 2833
57651 96113 4793
57663 96280 3581
58352 96832 4736
57381 95713 3331
56863 94772 4598
57721 96281 3905
57011 95109 4506
57523 95976 4376
56956 94972 3075
58105 96422 4251
57851 96401 3568
56926 94888 4925
57717 96275 3251
57097 95302 3041
57713 96252 4553
57224 95520 4767
57016 95095 5045
57019 95017 4912
57663 96283 4631
57043 95213 4396
