81662 114241 4272
81275 113649 5023
81649 114242 3783
81564 114045 5846
81202 113753 6101
81585 114107 6281
81549 114107 6005
81560 114168 6890
81606 114186 7402
81530 114094 5687
81560 114116 5613
81288 113898 5593
81579 114155 4424
81662 114193 5519
80089 112489 5277
81616 114238 4096
81454 113809 4714
81641 114286 3568
81621 114251 4460
81567 114076 8362
81630 114226 10678
81542 114093 3862
80887 113312 11676
81351 113718 3811
81667 114234 8358
81459 113922 5903
81369 113952 5515
81609 114207 5780
82036 114786 8012
80328 112808 5221
81553 114087 5363
81484 113998 3545
81061 113524 6587
81539 114088 5493
81238 113808 3899
81603 114140 5394
80996 113475 6067
81679 114194 5139
81507 113972 3782
81613 114209 8100
81600 114175 7822
80811 113152 7910
81598 114232 4914
81562 114030 3681
81604 114198 3462
81611 114077 6559
81667 114248 3684
81664 114241 5646
81584 114013 5361
81617 114165 5853
81601 114177 6190
81608 114186 6841
81527 114121 3911
81124 113638 4235
80092 112369 6950
81638 114174 5763
81523 114151 11088
81584 114208 4328
81594 114083 7761
81535 114060 6378
81491 113881 5448
81379 113677 5472
80966 113432 5761
81625 114257 7287
81512 114099 9419
80977 113365 5639
81728 114362 5918
81379 113856 5650
81578 114142 5445
81594 114169 8686
81552 114077 5941
80994 113398 5587
81263 113596 5848
81652 114225 6540
81615 114226 5216
81502 114081 4462
81271 113718 5354
80867 113172 5460
81545 114109 6265
81652 114258 5823
81609 114109 5629
81593 114202 7419
81145 113646 5960
81617 114154 5468
81528 114037 5260
81728 114330 6467
81596 114156 5658
80064 112368 3499
81565 114145 5491
81373 113670 4834
80865 113259 4428
81301 113702 4999
81645 114252 4781
81211 113740 5279
81550 114115 8009
81641 114152 5727
81566 114168 7623
81212 113742 8663
81618 114203 9683
80081 112348 3434
