58873 76910 3360
58901 76998 2234
59027 77139 3756
58896 76935 3792
58928 77011 3621
59407 77568 3444
58890 76935 3668
59215 77426 3760
58899 76955 4152
58882 76926 3622
59669 77920 4558
59235 77471 7720
58843 77136 7358
58912 76997 5305
59063 77273 4178
59428 77616 3639
58866 76904 3353
59319 77598 3681
59567 77764 3329
59354 77653 3901
58906 76990 5006
59175 77406 2590
58901 76998 2313
58861 76887 2837
59035 77142 2360
59203 77238 5887
59433 77623 2325
59469 77788 2531
58912 76991 3842
58964 77071 3930
58900 76978 3847
58935 76993 3588
58918 76935 3427
59588 77775 3968
59354 77684 2725
59235 77466 3272
58937 77046 3518
58865 76859 3522
59348 77673 3930
59205 77388 3525
59341 77635 3523
58914 76938 3901
59394 77546 6329
59447 77635 3991
59313 77490 4623
58922 76974 3490
58875 76927 3788
59424 77559 3654
58880 76924 3941
58856 76861 3362
59164 77236 3648
58900 76928 3869
58920 76998 3542
58880 76934 3861
58867 76899 3850
59311 77550 3338
58973 77022 4085
59331 77601 2474
58905 76960 3685
58872 76889 6188
58876 76951 3810
58891 76974 3741
59199 77312 3622
58920 76961 3479
58875 76901 3475
59603 77829 3860
58872 76889 4070
59606 77785 2757
58885 76935 3435
58858 76852 3719
59609 77827 3834
59052 77157 2400
59207 77408 3250
59283 77495 3752
59380 77498 3174
58858 76896 3435
58883 76933 2442
58882 76908 5602
59028 77245 2369
59231 77450 2201
58952 77120 3661
59559 77770 3550
58850 76833 3493
58946 76996 3544
58892 76880 3571
58849 76874 3654
58885 76949 3605
58898 76980 3495
59728 78089 2406
58883 76904 4090
59153 77239 3219
59446 77580 3445
59030 77133 3178
59457 77775 3355
59262 77530 3794
58882 76988 3662
59632 77891 3464
59326 77593 2481
59227 77457 2385
59546 77785 5908
