44749 91232 3532
45043 91716 4283
43617 88595 6626
43421 87850 4099
38092 77147 3286
41197 83250 3750
44556 90726 4187
44257 89938 3992
43152 87422 2678
43284 88183 2739
43574 88198 4095
38368 77817 3509
44870 91476 4147
44082 89388 3667
44231 90133 3355
44415 90203 4360
44325 90273 4064
42621 86892 4139
34036 68276 2895
43666 88798 3779
44080 89527 2582
42066 85380 3776
44038 89782 6308
44233 89652 3606
44473 90460 3825
42853 86851 2710
44529 90523 3917
44280 90038 3613
43759 88847 2849
44962 91466 4047
44816 91185 3714
42450 85936 3705
42779 86251 3896
44367 90226 3986
44961 91485 4566
44569 90674 4816
43868 88773 2778
43875 89062 3204
44164 89824 2737
42313 85790 2672
42567 86430 3895
43253 87407 2618
43240 87754 3830
45311 92249 4028
44003 89413 4434
36855 74100 3396
43781 88854 4254
44581 90300 3136
43277 87563 3097
43698 88365 3887
44818 91109 4010
44644 90747 6295
42356 85660 3984
44340 90121 2674
44286 90013 4257
43407 88048 2564
42847 86941 3879
43183 87449 3927
44575 90747 4183
44199 89787 4292
42093 85088 3205
44264 89952 4172
45184 92171 4223
44434 90386 4232
44601 90570 4492
44137 89589 3746
44925 91383 3965
44486 90551 4115
44497 90213 3762
43773 88765 3051
43471 88209 3656
44591 90862 3880
43434 88107 3980
44639 90637 4173
45450 92934 4374
44536 90537 4216
44252 90130 4638
44380 90535 4130
44655 90406 4123
44801 91103 3980
43670 88342 4350
44396 90562 3990
45001 91315 3971
43387 87612 5568
43639 88327 2834
43853 88761 4139
43159 87318 3821
43343 87986 2544
43249 87833 6396
44345 90308 4508
43851 89121 4814
44271 90107 3483
38240 77595 3742
41791 84907 4390
43831 88791 4104
44472 90251 4350
44153 89678 3915
44388 90102 4746
44513 90370 3959
43625 88141 2496
