34993 54585 1792
34110 53029 2273
31601 48863 2575
34431 53302 2586
34744 54131 1665
34873 54373 2492
34144 52998 2595
35020 54615 2614
35074 54711 2572
35275 55021 2597
34616 53798 2199
35021 54558 2566
35063 54517 2433
35379 55166 2632
34859 54098 2765
35495 55253 2661
34660 54154 2585
34664 53978 2510
34838 54319 2585
31392 48640 2212
34804 53985 2543
34660 53774 1901
34679 53991 2480
34859 54438 3526
34825 54125 2456
34327 53559 2531
34745 54018 2908
34926 54412 2760
35140 54916 1959
34784 54259 2674
35333 55029 2482
34895 54594 1692
35241 55008 2552
35001 54418 2854
34609 53658 2639
35054 54685 2438
34674 53849 2027
34172 53132 4000
34839 54156 2652
35225 54794 2575
34842 53979 2434
34960 54743 2868
34888 54358 2591
35077 54602 2461
34926 54317 1658
34885 54339 2527
35532 55715 2744
34964 54613 1845
34680 53917 1981
34638 53929 2524
35300 54947 2750
35060 54707 1705
35029 54358 1746
34890 54245 2663
34403 53352 1738
34549 53787 2464
34683 53934 2393
34669 54101 2583
34737 54071 2844
35590 55572 2456
35288 55029 1917
34921 54332 2942
35302 55014 2428
33618 51942 3042
34159 53006 3576
34914 54515 1755
34215 53046 3157
34397 53369 2661
34796 54211 2500
34861 54081 2477
34752 53907 2218
35392 55322 1739
34844 54225 2393
33640 52074 2451
34624 53807 1658
34767 53969 2451
35130 54660 2630
34719 53957 2493
34842 54478 2556
35183 55085 2609
35550 55264 2633
35426 55333 2563
31885 49411 2280
34960 54417 2448
34697 54052 1683
34628 54085 1618
34809 54278 3930
34760 54294 2882
35060 54554 1821
34506 53637 2478
34672 53876 2497
35175 55031 2426
34601 53739 2529
35313 55304 2674
34977 54506 2766
31495 49019 1691
35357 54938 2489
34595 53793 2146
31285 48498 2137
34790 54203 2488
