80546 103039 3764
79715 102020 5566
80639 103506 5702
80370 102985 5862
80537 103461 5778
81114 104059 6289
80657 103620 5417
80404 102924 5270
81257 104328 8611
80324 102906 5678
80402 103091 3882
81033 104266 5885
80287 102694 5192
81444 104652 5571
81063 104021 4501
80594 103240 5773
81361 104689 6923
79989 102456 3556
81088 104343 4032
79977 102536 5323
80542 102960 4633
79446 101445 9535
80921 103718 6600
79564 101641 5403
80789 103500 3681
81171 104126 6686
80566 103293 5598
79781 101957 5111
79451 101642 5468
80323 102980 5926
81427 104617 3364
80876 103713 5241
79770 101945 3584
79602 101991 5582
79765 101740 3764
76493 98027 4874
81105 103881 4697
80843 103564 5350
79934 102404 4853
80049 102581 4907
79695 101953 5044
80881 103667 6966
80082 102741 3898
80603 103196 6401
80228 102760 4703
79726 102025 5181
80180 102837 5201
80887 103929 5501
80703 103355 4211
79943 102362 5160
81098 104102 8280
79833 102564 5562
81098 104278 3931
80117 102713 6332
80609 103414 3315
81524 104951 6071
80299 102765 6381
79380 101529 4755
80341 102692 4763
80954 103677 3925
80917 103961 4639
81054 103746 3469
80972 103932 5033
81550 104860 5951
80940 103663 5314
80338 103071 6177
80255 102856 5485
79797 102113 10495
79264 101213 5979
79320 101495 5384
81591 105016 5296
80874 103705 5684
79725 102063 5840
80029 102415 5626
79565 101799 5301
80084 102708 5847
80094 102569 6042
78686 100652 6007
80528 103244 5752
81852 105226 5281
80455 103116 5170
80747 103588 6073
79746 102186 5779
80180 102596 5627
81328 104693 8268
79774 102138 3680
81432 104782 6874
76249 97641 6063
81087 103870 5539
80620 103669 5601
81991 105247 5638
80081 102530 5575
79981 102023 5525
79209 101234 5334
81275 104240 5745
80882 103938 5889
80503 102982 8173
80332 103032 4398
80078 102519 7681
80634 103326 4966
