11466 16594 757
11515 16676 832
11546 16784 1147
11505 16664 550
11339 16443 873
11440 16564 782
11607 16875 616
11342 16427 790
11637 16937 890
11440 16566 672
11630 16878 910
11610 16855 903
11335 16422 882
11524 16688 826
11532 16796 542
11340 16426 559
11453 16586 516
11524 16729 885
11446 16573 872
11338 16430 900
11592 16865 669
11600 16904 775
11449 16581 675
11361 16452 639
11333 16426 863
11388 16500 777
11515 16764 955
11645 16891 845
11386 16482 840
11534 16805 577
11445 16580 959
11518 16767 912
11532 16796 1420
11340 16425 906
11491 16666 893
11336 16428 911
11339 16431 768
11344 16432 814
11442 16575 592
11360 16447 883
11655 16907 850
11337 16437 892
11598 16857 834
11606 16876 881
11446 16580 848
11467 16604 2209
11469 16603 769
11588 16896 843
11447 16581 840
11450 16589 818
11545 16816 564
11416 16541 808
11610 16903 2114
11604 16903 820
11448 16583 807
11518 16721 543
11392 16486 810
11477 16616 787
11344 16429 815
11573 16859 895
11550 16816 879
11344 16435 629
11635 16897 883
11509 16685 852
11335 16430 846
11463 16604 811
11498 16706 858
11466 16624 803
11467 16614 873
11636 16884 580
11449 16580 575
11573 16873 888
11447 16579 846
11458 16602 913
11465 16612 853
11445 16570 781
11565 16859 974
11537 16799 600
11437 16562 546
11629 16860 822
11515 16656 762
11341 16426 819
11444 16578 668
11465 16615 928
11449 16584 856
11343 16433 777
11336 16423 571
11613 16913 862
11633 16862 792
11454 16592 902
11532 16796 1028
11336 16423 925
11457 16602 626
11627 16874 825
11623 16916 924
11449 16581 905
11451 16589 831
11619 16865 892
11520 16673 893
11464 16606 837
