62583 97180 6985
61887 95852 4372
62661 97227 3264
62370 96880 3081
61267 94510 4751
62058 96047 4753
62503 96833 5006
61094 94279 4228
62237 96411 3258
62212 96126 3514
63334 98383 3367
62919 97506 4888
62134 96396 5101
62054 95979 3658
61299 94790 5008
62150 96138 3067
62376 96523 4880
62230 96460 4674
63120 98162 5077
62194 96285 4701
62376 96513 4164
62247 96357 3425
62818 97404 7539
61798 95580 5216
62436 96219 4075
61925 95780 4824
61965 95892 4772
61411 94986 6514
62102 96308 4918
61770 95240 4982
61242 94500 5269
62073 96276 4886
61417 94892 4829
62453 96855 5348
61898 95846 5075
62917 97486 5532
63120 98329 5533
62424 96607 4762
62656 97005 7044
62410 96892 4918
61799 95448 5450
63163 98390 4896
61801 95510 4736
62223 96367 6222
61349 94709 4724
61979 95629 4819
62527 97022 5124
62537 96950 3810
61655 95202 5211
61649 95383 4133
62633 97242 6225
61439 95055 3279
62226 96308 4021
62155 96443 5041
62057 96004 6153
62701 97308 4796
61697 95662 5330
61220 94624 4977
61261 94963 4769
61760 95824 4657
61673 95530 4771
55998 86425 5982
62496 97137 3975
62834 97496 4531
61902 95837 3217
62434 96760 5068
62534 97045 5165
63863 99243 5343
61966 95710 5102
61566 94994 4714
60862 93835 5261
62421 97018 4774
61709 95543 4977
62336 96596 4866
62642 97317 3457
61425 94847 3153
62412 96785 3365
61997 95841 5139
61684 95446 5079
61802 95586 5317
61886 95735 4883
62835 97546 8786
61872 95536 3686
62465 97002 4467
62292 96427 5026
62666 97319 5159
62142 96290 4990
62253 96194 6029
61136 94476 4464
62108 96085 4553
62412 96677 3296
62341 96653 4913
61270 94810 5148
62568 96736 5666
62129 96294 4825
62676 97517 5998
62913 97565 3832
62104 96096 5340
62871 97817 5608
62325 96512 7045
