60834 92053 4524
61054 92403 4299
60998 92361 5336
61028 92362 6216
60969 92306 4425
60979 92333 4550
60980 92342 5536
60970 92307 3051
61000 92249 4659
60427 91644 4924
61054 92440 4811
60963 92257 4859
61252 92686 4634
60999 92368 4924
60976 92315 4479
60980 92318 4680
61187 92575 4705
61190 92562 4549
61002 92353 4441
61092 92521 4604
61190 92613 5201
61262 92702 3499
61001 92367 4691
60354 91530 4625
61113 92447 2906
60349 91464 4610
61115 92450 3670
60446 91712 4225
61086 92497 4563
60972 92128 5196
61066 92353 4047
61050 92455 4590
60967 92310 3614
61031 92401 4562
60999 92350 4450
61022 92403 4636
60438 91675 3142
61058 92296 4913
61023 92431 4591
61006 92372 3269
61028 92405 3981
60974 92356 4810
59878 90761 4800
61206 92601 3408
60436 91667 4783
60973 92301 5275
60994 92326 6230
60952 92258 5011
60967 92302 4604
60980 92326 4809
61154 92518 3045
61180 92581 3107
61088 92521 3097
61083 92492 4921
61200 92573 4772
60980 92317 6461
60970 92310 4659
59963 90895 3078
61010 92397 4594
60944 92247 4497
59856 90690 4744
61042 92454 4711
59830 90644 4486
60996 92364 5140
61030 92412 4901
60962 92292 5170
60977 92313 3283
60971 92308 5368
60965 92303 5077
61002 92371 4689
60967 92325 7206
60982 92330 4663
61042 92439 4763
60424 91668 3131
61023 92400 3989
60971 92304 4604
61028 92332 2981
61001 92373 4536
60969 92305 4989
60423 91653 2897
61024 92316 3278
61012 92370 4272
61010 92376 4180
60329 91420 4777
60953 92261 2882
61006 92364 3282
61088 92518 4671
60970 92307 4931
60989 92330 4964
61195 92586 4441
61105 92498 3384
60976 92304 3218
61057 92341 3258
61012 92395 4611
60427 91728 4386
61035 92268 4226
61264 92730 5019
60436 91679 4513
60967 92304 4459
60293 91386 4792
