9837 12892 643
9893 13074 648
9786 12988 473
9891 13061 608
9876 13039 492
9866 13034 716
9881 13049 607
9859 13013 628
9879 13014 709
9842 12902 663
9877 13036 616
9825 12987 642
9879 13035 789
9859 13006 627
9844 12920 656
9767 12899 656
9849 12909 618
9890 13054 587
9778 12915 692
9848 13014 656
9773 12934 575
9863 13016 633
9874 13041 532
9754 12878 649
9863 13007 644
9856 12971 666
9907 13067 612
9855 13004 639
9773 12926 663
9882 13042 702
9772 12939 677
9759 12898 665
9868 13033 626
9863 13008 628
9857 13002 634
9823 12990 603
9832 12990 401
9848 12922 555
9775 12912 579
9861 13000 635
9871 13029 640
9879 13035 554
9870 13026 647
9875 13021 799
9857 12991 805
9875 13051 654
9867 13013 670
9881 13056 736
9883 13060 722
9898 13075 643
9770 12901 592
9924 13066 594
9880 13055 468
9888 13075 654
9872 13048 658
9861 13008 657
9777 12943 671
9856 12906 597
9834 12981 569
9862 12935 704
9825 12886 697
9899 13086 685
9913 13105 623
9896 13064 624
9846 12948 436
10005 13166 601
9860 12999 568
9866 13012 608
9838 12996 570
9803 12998 644
9813 12961 526
9852 12982 707
9819 12967 684
9935 13136 695
9782 12926 665
9820 12960 495
9879 13057 629
9772 12921 689
9818 12950 639
9855 12918 729
9932 13060 679
9772 12919 639
9882 13069 602
9867 13020 558
9839 12885 492
9875 13029 688
9884 13045 642
9856 13045 683
9853 12993 402
9925 13069 402
9818 12973 653
9779 12910 616
9831 12987 650
9816 12967 674
9808 12980 666
9784 12938 666
9855 12984 606
9883 13072 658
9844 12910 566
9870 13024 595
