16449 34216 1626
16537 34238 1570
16447 34139 1727
15983 32985 1652
15580 32019 1597
16254 33621 1734
16719 34690 1691
13542 27748 1406
15570 31902 3222
16236 33508 1612
16504 34093 1146
15637 32082 1555
14612 30194 1733
14115 29070 1012
16237 33557 1885
16196 33369 1647
16536 34143 1663
16102 33092 1595
16450 34156 1588
16502 34121 1555
16627 34668 1590
16296 33716 1624
16396 33887 1097
16438 34089 1942
16281 33554 1160
16580 34328 1387
15461 31755 1528
16623 34325 1545
16201 33463 1638
16709 34590 1746
16311 33759 1741
16293 33737 1678
16244 33546 1166
16474 34130 1627
14076 29040 1390
15028 31002 1387
15007 30652 933
16165 33327 1385
16259 33744 1372
16787 34890 2787
16699 34517 1664
15889 32588 1167
16417 34057 1124
16104 33282 1136
15108 30873 1014
16485 34216 1659
13889 28337 1417
16041 33196 1590
15876 32689 1638
16523 34253 1749
16897 35004 1673
13651 27915 1393
16217 33341 1598
15979 32882 1726
16527 33967 1682
16598 34246 1738
16466 34003 1235
15567 32108 1244
16100 33160 1211
16378 33933 1751
15611 32017 1068
16107 33234 1651
16412 33954 1740
15095 31016 1589
16560 34274 1729
16022 32925 1763
16362 33840 1636
15490 31776 1561
15683 32479 1518
16721 34727 1203
16445 33776 4166
15097 30802 1441
15751 32232 1158
13779 28177 1378
16228 33440 1596
16197 33375 1748
16159 33156 1719
16478 34122 1735
16493 34194 1747
16487 34065 1691
16285 33588 1630
16431 33980 1467
14685 30072 1430
16260 33625 1487
16738 34628 1588
16773 34900 1774
16644 34467 2485
16127 33240 1715
15533 31906 1485
16157 33298 1196
16152 33382 1841
16163 33438 1573
16215 33427 1817
16386 34005 1553
15958 32909 1525
16240 33330 1502
16381 34070 1458
16247 33459 1651
16442 33987 1518
16318 33707 1702
