70590 145344 5497
70677 145323 6148
67754 138947 4351
71065 146244 6358
70846 145646 6665
71037 146119 4806
70416 144779 4164
71209 146622 8208
71178 146602 7536
70952 145884 5888
70655 145246 7010
70707 145440 4387
67819 139075 7625
70462 144733 7357
71029 146377 6617
70942 146239 5415
71052 146251 6499
71090 146330 5801
70530 145059 9036
70615 145202 7965
70908 145904 7104
70584 144972 8335
69782 143180 8738
71124 146291 5066
71131 146400 6572
70998 146033 6728
71049 146202 6991
71332 147149 5303
70643 145236 6612
71002 146045 10604
70645 145185 6695
70987 146177 7633
70672 145329 7181
70377 144759 6935
70526 145108 7326
71312 147040 5270
70954 145911 5767
70704 145373 5243
70847 145660 7184
70155 144226 7147
71104 146441 6597
71026 146172 7688
70998 146172 8244
70587 145010 4286
70484 144805 4456
70986 146062 9575
70652 145212 5135
71001 146263 6542
70784 145704 6879
70616 145124 9771
71000 146032 5607
70516 144951 6935
71040 146069 6927
70597 145163 6942
71039 146181 7342
71264 146861 6657
70540 144974 6665
70608 145137 10258
70736 145411 6574
70574 145009 4738
70619 145123 4150
71442 147257 5655
70242 144627 7114
70626 145242 5508
69835 143314 10606
67886 139015 4239
70589 145187 9793
71073 146222 7322
70375 144698 6602
71030 146260 6452
71014 146042 7312
70716 145441 4145
70859 145674 6727
71125 146341 8759
70324 144499 5598
67757 138937 6054
70596 145037 8140
70894 145967 7298
70454 144913 8198
70608 145040 8187
70557 145057 4333
70740 145422 4863
70777 145558 4694
71202 147141 4423
71204 146711 5628
70586 145085 4530
70885 145851 6974
70636 145149 4254
70467 144853 6857
70698 145338 6769
71131 146445 6688
70835 145568 6024
70923 145742 4205
70650 145263 4638
71138 146237 10665
70997 146156 6925
70666 145321 4425
70810 145603 8591
70553 145126 7871
70610 144992 5174
