8355 17776 897
8340 17698 898
8336 17704 748
8341 17721 860
8159 17244 817
8343 17724 818
8272 17537 862
8318 17637 800
8370 17828 525
8347 17748 750
8289 17541 586
8341 17699 757
8344 17716 867
8393 17847 554
8340 17717 860
8319 17644 1187
8357 17746 874
8331 17685 804
8330 17657 871
8335 17750 640
8346 17708 553
8369 17832 798
8383 17838 872
8361 17790 821
8395 17885 585
8291 17579 893
8339 17706 998
8346 17758 905
8355 17737 592
8361 17752 687
8362 17800 791
8383 17817 837
8344 17713 695
8377 17817 568
8186 17282 581
8368 17784 816
8339 17710 1556
8308 17654 910
8343 17696 898
8268 17524 593
8366 17742 840
8294 17652 840
8376 17804 890
8305 17627 810
8279 17587 757
8348 17709 553
8301 17574 548
8355 17763 810
8317 17673 697
8290 17582 794
8270 17574 888
8332 17693 850
8352 17751 831
8375 17792 795
8354 17755 596
8348 17736 816
8378 17818 770
8260 17481 838
8318 17658 553
8285 17558 858
8400 17903 831
8352 17717 1126
8355 17719 838
8350 17722 823
8321 17673 794
8338 17704 846
8328 17736 5438
8346 17741 845
8363 17758 769
8255 17555 549
8306 17645 816
8394 17877 819
8352 17713 865
8283 17528 868
8349 17719 569
8302 17577 848
8386 17896 523
8324 17651 807
8387 17862 2116
8313 17596 791
8349 17724 646
8341 17719 940
8345 17711 839
8374 17811 860
8336 17699 820
8295 17572 895
8345 17722 866
8364 17776 820
8366 17779 837
8307 17661 830
8344 17721 884
8333 17657 832
8340 17709 739
8349 17786 846
8295 17587 577
8296 17643 829
8339 17703 801
8330 17710 804
8320 17719 774
8391 17866 882
