56411 116193 3477
57217 118281 5043
52806 108760 3098
56859 117306 5150
56968 117559 5174
57469 118919 5880
56755 117076 6103
57216 118069 3711
56934 117520 4860
57649 119084 3919
57269 118172 5670
58287 120326 5706
56411 116236 5564
57290 118469 3511
54619 112721 5275
51666 106317 4913
57460 118749 5875
57551 118842 3618
57493 118646 8669
56897 117339 5547
57532 118575 4916
57022 117541 5485
57580 119191 6934
57626 119355 5787
57480 118759 8358
56617 116879 4223
57513 119046 5493
58826 121790 5904
57393 118657 8165
57759 119435 5622
56787 117167 5255
57587 119123 3675
57636 119317 5882
57200 118149 9786
59462 123155 5655
56724 117141 5467
56770 117114 9902
54727 113061 4515
57412 118527 5855
56749 117160 5850
57635 118947 8785
56570 116628 6252
58444 120727 5231
56825 117339 6401
57030 117754 5465
56961 117524 5769
57046 117689 5928
57324 118405 5884
56753 117262 8729
57221 118288 5363
56431 116267 8276
56990 117544 5645
56891 117371 7427
58420 120833 5874
56822 117441 6054
57582 118805 6154
57414 118794 4760
57426 118686 6525
58399 120806 6746
58725 121527 8020
57539 119058 8373
54594 112734 4594
57958 119725 7852
58283 120370 5814
57927 119545 10887
57362 118512 5361
56441 116393 3683
57599 118999 5200
56736 116978 5313
57341 118441 4660
56654 116783 5507
53139 109693 4883
57139 117818 4970
56900 117438 5299
56426 116276 5461
57358 118485 5576
56926 117534 6468
57469 118974 5802
55236 114090 5243
57032 117802 5566
56876 117278 3706
57447 118780 3630
58792 121698 3670
57204 118086 5620
56693 116928 4664
58761 121720 5826
56507 116557 3439
55354 114708 5258
56492 116508 5183
57536 118902 5311
57040 117761 5234
56678 116874 5222
56846 117490 5159
55197 114088 3482
56949 117553 5239
57596 119102 5819
57463 118654 3677
56540 116594 3577
57169 118132 3664
53149 109720 5184
