79774 104239 3336
79789 104293 3358
78960 103345 4650
79810 104341 4843
78945 103362 4744
80263 104760 3362
80318 104764 5131
80252 104758 5143
80302 104839 4364
80424 104987 4799
80149 104747 5092
78948 103352 8119
78947 103342 6385
80118 104667 7100
79775 104192 5444
79907 104491 5127
79874 104371 5330
79795 104279 5092
79841 104337 5512
79739 104205 4783
79794 104330 4790
77624 101960 4408
79814 104271 3477
79879 104405 4700
79899 104449 7418
79874 104452 3900
79798 104352 3663
79871 104394 4719
80324 104875 8214
80242 104686 5798
79832 104338 4541
79721 104206 5391
78922 103294 10252
79750 104290 5167
80079 104653 6052
80085 104609 3465
80218 104798 5168
79785 104251 5856
79794 104332 8208
79890 104451 5628
80273 104769 9018
79792 104276 5155
78924 103283 10084
80239 104769 4686
79776 104193 5153
79815 104307 5041
79753 104243 6019
79807 104345 6708
80173 104797 5198
79714 104071 5281
79882 104417 3226
80338 104886 5519
79828 104413 3390
78781 103203 14851
79027 103444 12167
79804 104277 3399
78901 103317 6927
80508 105035 3657
79825 104342 5209
79790 104288 7632
80144 104735 5139
79981 104429 8592
79794 104275 6601
78789 103148 5758
79799 104301 5094
80685 105253 5869
79780 104208 4985
79771 104241 5552
79798 104188 5200
79054 103490 5318
79772 104235 5128
80091 104699 5150
80111 104694 3767
79714 104184 5247
79758 104235 5173
79763 104196 4983
79776 104259 5243
79803 104295 5168
80609 105132 6753
79910 104464 5933
80187 104792 4529
79837 104356 7930
79893 104380 4885
79809 104290 3678
79834 104316 5460
79758 104258 5321
78860 103309 8434
80438 105044 16168
79839 104330 4070
80131 104699 4817
79856 104392 7221
80128 104761 6538
80692 105300 5700
79060 103499 5367
78970 103364 5269
78893 103268 7522
79854 104379 5384
79870 104397 6344
79796 104247 5296
79829 104378 5439
