66146 104632 4852
66194 104695 5159
66206 104757 4929
66195 104673 5818
66243 104725 4025
66766 105536 5644
66520 105057 4922
66580 105266 4669
66781 105382 4183
66411 105066 5413
66270 104734 5908
66637 105274 4972
66729 105351 5321
66116 104589 3319
66275 104848 5304
66514 104933 5610
66198 104703 5374
66258 104820 8660
66274 104878 5470
66508 105027 4656
66160 104678 5071
66777 105491 5067
66538 105053 5146
66620 105272 5084
66559 105058 4282
66538 104995 3999
66177 104676 10301
66577 105341 4693
66257 104767 7654
66635 105090 4182
66163 104625 3243
66192 104682 3152
66748 105377 4879
66497 105075 5189
66431 105143 7743
66525 105163 3460
66664 105330 5447
66528 105153 3425
66364 104850 5081
66211 104773 3357
66216 104746 7130
66497 105151 8309
66434 104777 5124
66265 104805 3437
66593 105202 4884
66362 105012 5371
66536 105076 4380
66297 104961 6460
66568 105192 7750
66138 104588 3518
66724 105296 8155
66179 104736 3425
66286 104882 5436
66620 105238 6246
66747 105240 3409
66731 105310 5265
66115 104553 4645
66615 105260 4959
66536 105201 4712
66585 105163 5443
66169 104658 5035
66193 104703 5007
66176 104698 5093
66664 105122 5217
66533 105065 4766
66641 105330 5617
66188 104687 3471
66542 105113 5144
66200 104785 4644
66252 104855 4899
66191 104703 5282
66254 104813 3559
66524 104990 3308
66711 105333 3517
66175 104697 3555
66730 105371 3747
66866 105532 5015
66574 105043 4992
66433 104744 4829
66372 104665 3561
66051 104431 3893
66406 104889 4785
66375 105022 6890
66674 105154 5444
66176 104692 4851
66151 104619 4772
66204 104732 4624
66172 104740 4829
66568 105177 9010
66656 105166 3271
66493 105050 3354
66219 104714 6258
66521 105128 7083
66182 104685 5486
66250 104770 7356
66309 104851 5177
66548 105043 5208
66278 104860 5364
66151 104566 5665
66199 104799 4951
