16223 22847 1186
16204 22822 1110
16237 22881 1169
16231 22900 721
16203 22825 1252
16228 22868 1248
16481 23362 1076
16303 22965 1004
16393 23184 736
16388 23192 836
16390 23187 1170
16232 22888 818
16298 23021 1094
16358 23165 1070
16221 22863 693
16242 22872 1186
16222 22860 718
16261 22915 743
16357 23122 1144
16226 22866 1049
16392 23143 1129
16365 23145 1118
16294 22983 860
16244 22942 932
16246 22880 804
16202 22839 776
16325 23025 1079
16244 22919 1113
16235 22835 1095
16249 22930 1157
16386 23174 1142
16222 22853 1196
16373 23159 1076
16271 22942 1017
16245 22951 1147
16355 23142 1213
16225 22856 1260
16225 22862 822
16228 22878 843
16324 23020 1075
16315 22987 1212
16337 23104 1412
16405 23105 1199
16231 22870 1104
16325 23060 1098
16216 22853 721
16393 23103 1236
16356 23132 2882
16286 22919 1132
16482 23336 1104
16237 22884 1170
16241 22882 850
16343 23036 705
16245 22915 1107
16246 22942 1053
16319 23007 1108
16239 22896 1080
16220 22842 1100
16295 22946 1084
16499 23436 1425
16372 23158 1078
16356 23050 1056
16397 23231 800
16245 22962 6896
16432 23186 744
16224 22861 670
16246 22868 811
16349 23109 718
16209 22853 837
16289 22932 1153
16368 23159 1164
16401 23237 1267
16420 23291 897
16236 22887 906
16333 23086 976
16354 23109 726
16298 22983 1243
16222 22871 866
16357 23113 1115
16303 22950 1082
16238 22887 3013
16489 23394 3423
16246 22928 793
16400 23233 1185
16284 22905 2358
16293 22933 1124
16254 22940 1114
16271 22912 1116
16255 22945 1306
16244 22899 5406
16211 22818 1102
16384 23199 1088
16260 22947 1085
16209 22838 1124
16235 22901 1211
16438 23311 1149
16374 23058 1411
16247 22919 901
16224 22895 805
16241 22921 1176
