59501 93985 4360
59172 93433 3087
59442 93931 5005
59494 93993 3574
59372 93835 4360
59609 94092 3735
58336 92052 2623
59597 94094 4701
59506 93980 5217
59913 94491 2821
59495 93952 3525
59521 94003 2733
59466 93939 3968
59324 93685 4333
59709 94299 2942
59737 94294 4320
59554 94025 2788
59402 93821 4121
59707 94181 4301
59350 93709 4383
59731 94179 4544
59704 94115 4573
59387 93788 3000
59788 94447 3451
59561 93988 4477
59348 93673 9683
59702 94250 2931
59730 94183 5441
59638 94133 2931
58676 92448 2850
59724 94275 3544
59541 94127 4915
59176 93413 4864
59454 93931 4910
59706 94224 4145
59499 94009 4486
59741 94260 4227
59695 94060 4636
59351 93616 4947
59535 93969 4624
59628 94180 2950
59751 94307 4694
59586 94046 6043
59177 93431 2691
59291 93641 2808
59308 93648 6419
59359 93793 4628
59363 93805 3438
58648 92402 4658
59813 94512 8417
59470 93900 4507
59383 93831 5164
59365 93708 11246
59804 94284 4660
59341 93748 4678
59434 93880 4647
59485 93976 4632
59175 93456 4040
59609 94168 3894
59454 93982 3041
59426 93903 4267
59404 93893 4386
59828 94382 4095
59487 94041 4601
59344 93695 4178
59419 93829 4433
59348 93689 4563
58474 92076 4064
59551 93993 4409
59677 94260 10106
59267 93591 4532
59474 93877 5172
59367 93772 4527
59148 93391 4399
59550 94033 3147
59261 93573 3958
59438 93908 3972
59866 94481 4110
59746 94197 4052
59348 93673 4464
59743 94236 4935
59518 94049 4836
59740 94250 4784
59101 93241 4784
59875 94554 3052
59345 93736 3261
59555 94054 5605
59717 94265 2802
59294 93653 4427
59453 93961 6068
59723 94273 4798
59855 94458 3088
59348 93738 4953
59197 93478 4596
59756 94315 4043
59250 93470 3766
59544 94065 4747
59474 93967 2864
59406 93807 3464
59751 94366 4491
