35642 55391 2678
35418 55245 2459
35385 55027 2683
36302 56368 1807
35701 55414 1700
35849 55928 2250
35560 55235 2099
35867 55863 2923
32621 50496 2439
35399 55140 2429
35980 56075 2746
35691 55442 2652
36026 56301 2681
35659 55408 2639
35379 55099 1724
35229 54759 3065
35717 55516 2621
35400 55007 2610
36034 56409 2433
35779 55793 2477
35949 56122 3003
35946 56117 2697
35690 55493 2558
35307 54882 2801
36323 56778 2740
34979 54296 2604
32896 51157 1555
36036 56251 2477
35642 55369 2595
36080 56378 1714
35946 56202 2744
35634 55435 2749
36428 57082 2158
32888 51202 2287
35411 55065 1736
36093 56255 2464
35328 54975 1736
35386 54902 1707
35044 54371 2794
35905 56006 2661
35199 54604 2663
36151 56452 2792
35976 56093 2837
35907 55825 2682
35206 54541 2725
35882 55895 2795
36051 56020 2835
35779 55837 2760
35582 55308 2700
35585 55341 2747
34264 52943 2546
35452 55074 2737
35817 55737 2835
35263 54793 2571
35747 55711 2472
35712 55625 2641
35744 55636 2821
35564 55190 2778
35661 55409 2467
32195 49832 2377
36132 56486 2700
35806 55576 2868
36150 56383 2815
35914 55864 2893
35591 55337 2744
35753 55523 2754
36117 56360 2593
35577 55333 2652
36111 56350 2557
35879 55972 2734
35628 55486 2757
36012 56007 2568
35663 55504 2480
35164 54551 2552
35419 55169 2549
35707 55442 2635
35567 55263 2464
35512 55485 2814
34926 54124 2434
35326 54683 1645
34976 54324 2692
35058 54563 2658
35358 55181 2649
35718 55663 2785
36178 56503 2820
35737 55554 2430
36241 56731 2503
35710 55645 2746
34910 54275 2613
35785 55772 2498
35818 55841 2666
35927 56062 2561
35134 54575 2755
36095 56132 2625
36118 56387 2722
35983 55983 2636
35325 54798 2792
35670 55367 4587
34936 54304 2734
35574 55421 2974
