38305 64033 2059
37916 63560 1912
37848 63532 3138
37856 63462 2959
38310 64050 2962
38077 63854 3034
37816 63324 3045
38322 64123 2881
38099 63878 2820
38293 64025 2202
38241 64018 3325
38257 63930 3105
38074 63844 2859
38323 64088 3221
38383 64211 3775
38307 64045 2040
38312 64045 2634
38185 64104 5574
38218 63919 2942
38182 64036 3096
38287 64000 7965
38417 64230 4019
38332 64082 23193
38187 63892 3154
38299 64100 2647
38273 64011 2995
38302 64025 3153
38115 63732 3828
38214 64060 3031
38275 64047 2751
38324 64080 2343
38050 63709 1960
38154 63958 2631
37970 63675 2761
38329 64297 2728
38149 64003 3030
38238 64208 4011
38404 64384 1987
38468 64458 3230
38314 64052 2611
38421 64231 1874
38376 64151 3294
38350 64138 2560
38215 64229 2820
38304 64063 2903
38372 64232 2969
38198 63924 3639
38300 64060 3119
38306 64085 2013
37997 63772 3165
38383 64230 3016
38202 64086 4510
38150 63830 2790
38336 64220 6615
38418 64359 2945
38307 64122 2576
38060 63878 2551
38350 64154 3384
38463 64355 2025
38285 64154 3132
38286 63992 2791
38286 64220 3258
38131 64006 3270
38266 63990 3389
38215 64170 1976
38244 63940 1954
38070 63871 3380
38123 63941 3232
38360 64384 3145
38202 64125 3495
38225 63979 2117
37916 63582 2947
38405 64204 2966
38156 64018 2706
38227 63923 2793
38111 63767 1899
38300 64073 1977
38278 64063 2096
38273 64039 2912
38180 63865 2926
38168 63813 3088
38383 64229 2979
38225 63957 2804
38368 64210 1937
38288 63968 3283
38444 64373 8261
38213 63875 3056
38474 64498 2927
38455 64527 3208
37842 63410 2261
38347 64358 2667
38151 64113 2969
38395 64234 3012
38316 64078 4211
38155 64037 2978
38336 64177 2090
38298 64244 2852
38042 63876 2940
38461 64452 2999
38322 64029 2780
