57000 115138 5247
57745 116859 3443
49131 99426 2946
56879 115237 4760
58320 118719 3697
57513 116488 5350
58734 119522 6772
58364 118336 3794
57557 116533 3441
58447 118395 3409
55362 111588 4824
57928 117359 4681
58015 117509 5903
56327 114235 5401
57030 115449 3955
56861 115253 5415
49059 99031 4714
57601 116852 5339
56943 115338 4379
57630 116692 5169
58000 117459 5575
58472 118965 5974
56029 112968 9570
57516 116266 7320
57698 116701 5510
57524 116511 6330
56771 114609 6535
57134 115801 5069
58859 119767 7376
57842 117579 5934
58115 118141 6149
57115 115408 7686
57420 116538 8576
56524 114159 5835
57304 115978 5045
58348 118293 5493
58183 118156 6256
56860 115321 4547
57790 117217 6381
57117 115844 3466
49337 99490 4900
57987 117957 5652
57216 115565 5160
57587 116568 6679
57904 117199 5890
57917 117199 5932
56334 114081 4466
54507 109567 5370
56531 114297 5721
57609 116667 5190
55695 112464 5081
57629 116114 4048
57385 116316 5810
57994 117209 4015
57079 115705 7240
57527 116753 5750
57684 117000 6454
56743 115094 4126
57346 116057 5206
57970 117236 4544
58064 118118 4371
58176 118111 4472
57060 115597 5093
57586 116587 5087
57915 117209 7692
57269 115191 4915
57439 115976 5423
57340 116209 5307
56517 113935 3476
49084 98877 7364
57568 116528 12598
57981 117437 5323
56869 115239 5275
48797 98144 4893
56011 113912 6315
57575 116748 7344
58450 118508 5667
55499 112298 7414
57311 115589 6432
57975 117932 4276
58509 118801 4360
57700 116835 5111
56750 114736 6144
57693 117255 6166
57666 116959 7607
57421 116243 3991
57165 115540 10217
57227 115690 5344
56285 113550 5364
57468 116113 8686
57086 115117 6164
55694 112357 3608
57587 116603 3515
56209 113032 4109
56519 114205 11981
54306 110149 5166
56605 114598 6472
56502 114035 7633
58523 118923 5562
58219 117800 5901
