11695 24297 833
11089 22968 777
11641 24277 944
11528 23886 888
11027 22931 794
11605 24104 1207
11804 24533 1173
11600 24123 952
12097 25217 1209
11489 23749 1155
11602 24040 868
12148 25452 1171
10222 21106 974
11852 24841 1115
11865 24680 723
11763 24408 740
11896 24725 750
9902 20415 616
10994 22715 1054
11606 24011 765
12120 25283 840
11588 24107 794
12174 25432 854
12075 25093 1198
11526 23893 1213
11093 22713 1186
11992 24925 1138
10913 22531 680
11539 23928 1102
10070 20722 1070
9381 19170 518
11407 23606 644
11690 24307 1078
11520 23817 914
11511 23762 1116
11056 22781 739
11444 23549 679
11983 24893 658
9936 20342 946
11471 23962 1007
11234 23089 1045
11173 22958 1076
11781 24439 755
11283 23402 703
11762 24449 1270
11784 24495 748
11446 23725 898
11735 24387 630
10147 20904 600
11603 24060 891
11943 24905 1039
11431 23546 623
11660 24106 878
12150 25435 1048
11547 23891 1049
11686 24105 783
12089 25461 1215
11473 23720 1198
10956 22494 1122
11231 23332 1122
11502 23710 678
11987 25022 1057
11943 24904 738
11843 24527 662
11652 24250 1153
11805 24545 1046
12136 25397 746
11221 23168 1100
11586 23772 926
11647 24210 1132
11683 24297 1162
11077 22734 2232
11476 23606 1151
12139 25250 1280
11884 24816 1179
12012 24945 818
11974 24867 1139
11378 23514 1062
11849 24545 1082
11044 22835 998
11655 24248 1109
10718 22038 682
11360 23445 729
11910 24809 1239
11565 24089 1193
11382 23526 748
11678 24227 743
11983 25075 761
10001 20549 744
11723 24361 756
9372 19054 609
11926 25056 1090
10066 20893 715
11900 24908 1147
11998 24944 1218
11738 24357 1287
11985 24960 1276
11804 24408 1251
11707 24368 843
11882 24754 1176
