73314 96629 6444
73222 96544 3140
73346 96662 4187
73236 96571 3156
73894 97216 5053
73242 96536 3754
73238 96543 5271
73290 96559 4546
73998 97440 4596
73252 96541 3518
73168 96437 2952
73248 96604 4739
73256 96570 4410
73322 96635 5249
73921 97217 3969
73138 96388 2980
73930 97294 3985
73985 97307 2892
73856 97095 2752
73305 96605 4293
73239 96527 2967
73190 96488 2845
74637 97989 4914
73351 96697 4657
73162 96423 4336
73152 96419 5725
73184 96509 3582
73096 96410 2966
73207 96381 4565
73215 96516 6332
73110 96354 3859
74009 97447 4635
73218 96402 4827
73966 97311 4768
73196 96463 5292
73330 96672 4917
73238 96559 5188
73910 97208 5493
73300 96637 4845
73256 96578 4683
73979 97301 3205
73986 97420 5016
73210 96495 4658
73202 96513 5644
73045 96275 11082
73133 96386 4230
73191 96453 4276
73858 97148 4395
74061 97372 4552
73193 96404 3737
73265 96588 4427
74465 97770 5026
73150 96435 5240
73314 96593 3125
73296 96620 3009
73355 96635 2914
73300 96550 7544
73993 97358 4858
73952 97311 4615
73180 96485 9844
73138 96447 3233
73176 96398 4900
73326 96631 4546
73179 96424 2923
73965 97349 2938
74030 97435 4513
73052 96305 3735
73205 96483 4623
74016 97480 2986
73195 96430 3271
73276 96608 3854
73092 96425 4557
73906 97225 2906
73178 96461 2808
73916 97189 2981
74001 97429 2809
73280 96597 4581
73162 96457 4560
74110 97495 5052
73904 97188 4457
73936 97247 4328
73887 97127 6240
73336 96699 4612
73263 96585 4507
73278 96532 4360
73314 96647 4506
73332 96633 2978
73852 97224 4465
74014 97522 5047
73884 97204 3263
73277 96587 4251
73153 96425 3406
73090 96394 6298
73354 96637 5160
73305 96583 4581
73224 96583 4501
74062 97482 4482
73925 97246 4675
73187 96434 4365
73936 97292 8675
