40171 81908 4040
40640 82748 2678
34950 70832 2049
40276 81638 3693
41582 84716 3638
41414 84507 2485
38363 77779 2278
41085 83968 3604
39760 80695 3618
40168 81651 3566
40393 82245 5213
41060 83622 3949
40899 83418 3922
40138 81547 3199
37597 75920 3687
40042 81431 3429
40714 82650 8389
40769 82992 3538
40067 81484 2282
40584 82622 3412
40869 83288 3385
40397 82096 3324
39326 79978 3782
40791 82962 3704
40485 82524 3744
38712 78663 3709
40848 83067 3707
39970 81314 3529
41120 84160 3862
38899 79243 3568
39313 79717 3572
41682 85269 3891
40124 82034 3391
40330 81929 3650
41040 83441 3494
40485 82451 3642
40652 82761 3043
41356 84587 3741
41221 83976 3754
41062 83377 3913
39186 79485 3683
40790 83232 3561
40768 82970 3913
41818 85432 3968
40143 81737 4671
41052 83404 3555
38348 78055 3224
40392 81931 5830
41247 84236 4197
40170 81714 2407
39038 78719 3393
40353 82302 3198
40918 83643 3226
40893 83255 2427
40440 82207 3817
41411 84151 3597
40938 83349 2533
40198 81628 3403
39494 80177 3643
40362 82127 3440
40122 81537 2290
40950 83552 3675
41123 83755 2266
39631 80296 3285
39461 79639 2284
39598 80301 3551
39320 79930 3528
40634 82817 4540
40744 82922 3527
40463 82408 3498
39555 80738 2279
40401 82267 3548
41126 84010 3684
41136 83833 3578
38942 79252 3518
38397 77839 3496
39734 81011 3605
38571 77939 2542
41178 84117 3535
39281 79764 3441
40917 83372 3122
41017 83491 2959
40328 82032 2397
41181 84031 3625
40028 81202 3284
40979 83643 3623
40481 82635 3679
40910 83332 3957
40337 81813 3676
38287 77919 3316
41647 84935 2507
40422 82403 3623
40255 81618 3723
40823 83336 3794
38220 77385 3290
38615 78318 3732
38682 78360 3529
38314 77884 3282
40735 82975 2344
40793 83002 2483
