46573 61112 1798
46473 61089 2637
46448 61086 2810
46565 61099 2760
46516 61156 2705
46440 61017 2738
46577 61185 2871
46486 61108 2603
46474 61086 2523
46479 61072 2791
46719 61223 2625
46620 61159 2735
46467 61066 2702
46514 61108 2571
46498 61103 2880
46563 61122 2752
47013 61693 4340
46922 61492 1955
46729 61200 1761
46463 61056 1856
46467 61067 2956
46863 61422 2623
46553 61141 2794
46441 60991 2575
46750 61269 2721
46474 61058 2834
46592 61209 2605
46724 61229 2968
46589 61140 2977
46466 61094 7598
46514 61195 2632
46576 61086 2770
46539 61187 1972
46964 61538 2710
46686 61159 2820
46459 61068 1708
46479 61045 2845
46927 61514 2648
46493 61155 2655
46487 61119 2602
46500 61114 2577
46609 61209 1731
46491 61123 2501
46542 61057 1969
46483 61104 2728
46491 61142 2719
46601 61155 1825
46422 60960 2682
46479 61057 2738
46510 61123 2716
46449 61037 2906
46577 61106 2530
46967 61637 2665
46410 60936 2873
46478 61086 2856
46612 61234 1729
46374 60921 1826
46563 61111 3176
46584 61109 2448
46643 61271 2582
46790 61336 2642
46521 61121 2755
46497 61111 2611
46727 61218 2758
46500 61136 1765
46416 60874 2700
46488 61100 1753
46732 61252 2927
46479 61074 2800
46454 61031 2753
46440 60979 2743
46466 61053 1770
46614 61208 3347
46452 61043 2773
46581 61181 3096
46755 61296 1772
46627 61235 2692
46519 61199 2395
46692 61132 2701
46754 61267 2656
46572 61237 2613
46605 61261 2626
46545 61222 1884
46440 61026 2631
47099 61677 2739
46860 61453 1847
46688 61164 2675
46421 60929 2694
46689 61150 2861
46564 61229 2629
46395 60903 2609
46710 61209 2675
46398 60948 2815
46467 61033 2583
47099 61788 2731
46695 61161 2462
46556 61149 1679
46515 61116 2560
46936 61473 3989
46486 61106 2725
