53390 73774 2495
53197 73105 3952
52559 72189 4142
52367 72032 2953
53021 72847 3886
53535 73653 3019
53258 73259 3810
52899 72817 2871
52864 72755 3504
53241 73097 8447
49641 68308 12577
52757 72334 2430
53174 73155 3636
52767 72521 3423
53028 73211 13676
48840 66788 4078
52285 72009 4027
52382 71932 4090
53004 72623 3698
53564 73942 2514
52655 72172 6731
52998 73024 3838
52516 72034 3159
53707 73862 2475
52277 71769 3470
52973 72775 2391
52519 72085 3687
53364 73544 3640
53931 74406 3700
53335 73499 2395
52784 72544 4032
53630 73809 3820
52263 71462 3568
52629 72462 4256
53040 73223 3646
53865 74101 2807
53661 74046 5415
53611 73866 4091
53570 73783 3427
53360 73557 3878
52598 72250 3516
53291 73478 3587
53284 73444 4731
53319 73397 3852
52690 72515 4054
53913 74468 2871
53259 73270 3461
53555 73814 2552
53203 73129 4226
49569 68046 3633
52922 72490 3992
54068 74633 2616
48997 67037 3813
52981 72982 3035
50203 69070 3944
53185 73217 5457
53642 73845 3809
52910 72837 2636
52983 72942 5510
52810 72659 3554
52761 72524 2414
52566 72347 3098
49386 67734 2919
52927 72711 6693
53972 74467 5282
53602 73697 3827
53091 73169 5880
53477 73846 4359
53488 73881 3305
53171 73077 2523
53529 73845 3559
52595 72276 3411
52681 72124 4017
53496 73597 3693
52671 72374 3997
52976 73156 4114
52843 72719 2757
51909 71261 3608
52907 72767 2446
53188 73097 3777
52569 72218 2827
53030 72900 2763
53280 73456 3898
53007 72687 3553
52022 71305 3311
52888 72727 4268
52752 72380 3839
52636 72404 3306
52871 72679 3425
53388 73366 3022
53585 73773 5534
52914 72631 5951
53437 73750 3749
53036 72951 3949
53192 73167 3641
52639 72274 3831
54334 74977 2533
52409 72186 3762
53271 73354 3713
52907 72888 3693
