61542 86148 5834
60920 85611 4865
61007 85557 3641
61341 85912 5485
61373 85866 4254
61495 86050 4047
61463 86105 4084
61399 85938 3810
61341 85862 4514
61472 85996 2617
61361 85981 4277
61324 85813 3971
61415 85939 4239
61406 85975 4516
61355 85845 3982
61295 85830 3950
61425 86065 3827
61365 86055 8656
61310 85811 4160
61381 85907 4302
61285 85803 4033
61349 85908 5487
61300 85761 5815
61401 85953 4433
61320 85832 4000
61445 86096 4190
61313 85830 4194
61320 85824 4168
61337 85871 4234
61309 85808 4162
61382 85938 4145
61419 85913 4055
61308 85833 4119
61205 85662 4173
61425 86024 12089
61399 85941 3900
61486 86169 4580
61386 85985 3901
61459 86082 4210
61195 85774 4664
61098 85503 7080
61258 85798 4475
61490 86137 4395
61206 85694 4200
61280 85757 3441
61383 85992 4439
61464 86075 4088
61271 85778 5876
61489 86123 5550
61619 86241 4109
61324 85981 4030
61473 86048 6166
61328 85875 4644
61379 85892 3912
61425 85996 4592
61325 85940 4552
61257 85855 3929
61374 85892 8950
61304 85831 3687
61344 85868 3888
61551 86250 4041
61317 85852 4130
61353 85866 6192
61296 85774 3516
61393 85972 11565
61353 85902 4283
61374 85903 4320
61341 85926 8821
61340 85911 2603
61324 85847 4548
61442 86039 4015
61447 86097 2613
61315 85879 2689
61337 85893 3892
61418 86075 4121
61320 85835 4129
61274 85818 3246
61421 86017 3978
61433 85998 3695
61385 85918 16236
61297 85782 3016
61325 85841 6105
61318 85984 4400
61557 86292 9070
61368 85954 3990
61444 86014 3972
61422 86049 4033
61416 85941 7376
61522 86243 4025
61326 85884 4251
61314 85875 4048
61158 85629 5953
61328 85839 2909
61344 85852 5179
61323 85834 4282
61323 85839 6361
61386 85937 3864
61401 85995 2869
61440 85976 3940
61319 85837 4201
