61785 86844 4227
62363 87533 4285
62429 87437 2557
62369 87461 4306
62232 87229 2846
62347 87463 6470
62227 87222 5922
62103 86960 2814
62293 87398 2924
62318 87448 6872
61853 86986 2999
62201 87181 4216
62239 87299 4197
62086 87041 3296
62381 87519 2800
62332 87341 4059
62360 87465 2599
62279 87251 4202
62326 87351 4953
62167 87121 9724
62416 87519 4379
61909 87077 4007
62399 87570 4368
62362 87454 4870
62397 87554 4364
62346 87452 4363
62404 87535 2898
62197 87159 4325
62253 87242 2867
62248 87318 4270
62337 87404 4354
62202 87187 6234
62203 87213 3723
62243 87259 3944
62341 87349 4006
62362 87445 10214
62314 87395 4082
62213 87229 4504
62341 87375 3864
62405 87456 4186
62276 87368 4120
62231 87169 2754
62414 87572 4842
62334 87388 4210
62368 87471 4436
62345 87380 3593
62189 87371 4127
62249 87228 4298
62465 87544 7666
62315 87355 3820
62264 87329 2729
62328 87358 2613
62365 87439 3826
62254 87289 4678
62458 87572 4263
62186 87171 4118
62322 87384 6038
62299 87375 4515
62485 87681 3859
62369 87471 3239
62281 87260 2833
62227 87217 4309
62312 87407 2767
62408 87583 4286
62419 87458 4425
62452 87524 4780
62387 87557 3914
62199 87148 2687
62277 87314 3813
62220 87231 3981
62271 87323 3367
62430 87468 4081
62472 87567 2582
62352 87468 5748
62336 87433 3716
62372 87512 4033
62282 87348 4221
62257 87261 4599
62449 87508 4207
62242 87259 3829
62258 87267 3891
62189 87180 3972
62303 87361 4211
62396 87549 4178
62198 87209 2720
62235 87267 4036
62260 87337 4043
62202 87249 4034
62212 87190 4362
62217 87218 3838
62370 87484 2684
62361 87507 4239
62230 87245 4004
62430 87486 5235
62139 87109 4183
62422 87519 4053
62201 87189 4111
62376 87469 4358
62341 87420 6251
62407 87642 4146
