2411 4174 187
2409 4176 212
2441 4272 210
2409 4176 224
2409 4173 218
2409 4173 206
2485 4332 237
2465 4305 223
2412 4190 175
2413 4189 194
2444 4239 208
2462 4272 209
2394 4144 216
2411 4175 221
2407 4166 237
2394 4140 187
2404 4171 150
2463 4265 220
2406 4167 208
2454 4250 198
2397 4176 227
2466 4272 139
2399 4177 145
2396 4173 223
2428 4239 211
2410 4174 233
2406 4176 222
2409 4172 185
2470 4314 212
2410 4183 202
2413 4190 148
2401 4170 168
2436 4253 211
2482 4336 249
2494 4359 237
2407 4166 230
2402 4169 208
2451 4274 191
2418 4218 194
2453 4277 230
2467 4337 234
2411 4175 214
2431 4232 213
2461 4273 228
2393 4142 199
2500 4373 219
2394 4143 214
2482 4307 227
2456 4257 209
2506 4371 224
2454 4252 1912
2413 4208 177
2466 4268 215
2411 4178 187
2411 4183 186
2495 4348 230
2410 4173 183
2470 4320 189
2411 4174 178
2499 4362 208
2413 4192 224
2410 4173 299
2409 4172 207
2411 4185 210
2459 4329 202
2429 4233 200
2410 4177 210
2426 4225 835
2402 4169 143
2443 4235 143
2449 4279 208
2410 4177 199
2493 4345 231
2420 4208 207
2438 4265 212
2420 4198 222
2495 4349 243
2411 4186 199
2422 4218 469
2463 4270 211
2422 4210 207
2452 4253 216
2496 4349 208
2394 4144 205
2489 4326 233
2438 4264 202
2406 4173 196
2401 4168 189
2497 4364 209
2406 4175 189
2410 4174 205
2484 4326 235
2428 4225 219
2434 4243 201
2430 4235 232
2424 4212 232
2471 4280 255
2407 4171 222
2454 4251 218
2409 4176 195
