13836 19819 1001
13841 19826 992
13855 19843 1055
13766 19762 1033
13837 19821 990
13760 19738 986
13851 19853 717
13915 19972 1118
13756 19724 692
13755 19722 952
13855 19866 585
13889 19912 821
13772 19750 801
13849 19857 1213
13940 20018 1472
13843 19829 706
13920 19975 955
13849 19906 1025
13748 19722 1012
13925 19996 665
13855 19845 1063
13859 19851 762
13858 19850 973
13851 19839 948
13849 19854 677
13841 19837 728
13878 19909 1086
13895 19871 658
13838 19822 663
13855 19855 735
13848 19834 1078
13854 19848 687
13935 19996 718
13908 19963 1382
13849 19835 998
13969 20084 970
13842 19837 1010
13847 19841 3651
13846 19842 748
13861 19854 741
13980 20030 985
13859 19871 951
13924 19981 944
13860 19854 1093
13860 19851 1030
13864 19861 1037
13749 19717 1098
13854 19865 698
13925 19991 1083
13837 19817 1115
13918 19976 1032
13843 19831 1163
13861 19852 1028
13921 19979 937
13848 19844 1039
13848 19834 1065
13754 19725 992
13856 19863 1036
13752 19735 888
13842 19828 1089
13783 19753 1062
13787 19758 802
13760 19730 707
13918 19985 692
13921 19993 805
13844 19844 1066
13849 19838 1114
13845 19835 1046
13779 19750 1101
13853 19857 1029
13837 19820 1040
13859 19854 652
13839 19823 638
13863 19888 952
13774 19768 1087
13990 20058 6494
13858 19845 979
13752 19717 863
13847 19831 659
13841 19825 648
13757 19748 1007
13907 19960 998
13838 19827 968
13852 19842 962
13914 19968 4522
13759 19730 932
13873 19921 947
13754 19719 911
13867 19882 2849
13803 19797 916
13875 19913 985
13865 19881 649
13856 19863 2871
13782 19776 939
13835 19819 1034
13863 19879 1018
13852 19839 3494
13848 19850 936
13766 19760 872
13852 19844 859
