89440 180074 8674
91629 184132 9511
92456 186498 10656
93038 188194 7221
91049 183477 11026
92424 185791 8903
91843 184814 9366
90936 182298 7261
90364 181751 8751
84833 169857 9414
92023 185921 9222
90564 182189 7654
91191 183733 10965
91166 183132 10210
91074 183778 9688
91625 184558 6172
92409 186069 8056
90289 182014 11364
91307 183915 8035
90648 182293 8195
91680 184738 12498
92101 186009 7248
92176 185797 9732
90943 182573 6315
92805 187428 9343
90756 182861 8506
90372 182264 9978
91270 183508 9079
90317 182017 13158
90191 181294 9323
91010 183445 9530
91647 185173 10145
91123 183784 7027
91774 184918 8841
91682 184656 8342
89736 180057 8592
91664 184827 6439
89635 180500 7521
91108 183534 5859
91516 184190 5725
90221 181223 10339
86854 174477 13810
89392 179870 12576
92919 187644 11769
91034 183349 7339
90278 181022 7179
91574 184485 9757
93083 188172 10008
90567 181781 8671
89232 178982 13257
91052 182865 8126
89274 179538 9401
89810 180177 8077
92183 185987 18551
92498 186299 12946
91978 186065 12521
89938 180746 8958
91600 184401 9254
90604 182401 11225
89432 179459 12124
77059 154699 5022
91417 184745 11196
91773 184868 8956
90829 182742 8355
89640 180247 13061
91556 183756 8785
92008 185365 9697
91901 185332 8906
89621 180292 12896
92173 185460 9230
92087 185675 7055
90692 182013 6308
87425 175843 9361
90526 182328 13907
91460 183974 8926
90946 182944 8221
92743 186880 9261
90481 182135 8645
90507 181711 10506
91649 185202 9227
91296 183063 8684
88468 177511 15172
90189 181174 8745
89864 181040 7625
92366 185474 10096
88313 177119 11861
76789 154122 9561
90670 182398 12539
90285 181347 9039
91384 183507 9691
91848 184954 6936
90874 182357 9945
90559 181959 8029
91412 183433 14518
91553 184360 11330
92248 185666 9552
92907 187746 8331
89946 181147 12814
89896 180429 12345
90203 181548 10299
