45802 63186 3216
45652 63090 6337
45740 63038 2796
45315 62288 4186
45713 62978 2148
45261 62314 3057
45477 62594 3331
45766 63224 8150
45257 61990 5555
45334 62490 3213
45472 62738 5982
45547 62831 3005
45611 62820 3102
42304 57918 1862
45919 63346 3642
46318 64227 2057
45714 63078 2124
45736 63057 2155
44861 61589 2394
45345 62322 2294
45742 63020 3218
45879 63121 3095
45431 62446 3804
42944 58935 2777
45299 62477 5680
45261 62431 4475
45443 62543 2089
45316 62282 3008
44947 61728 6199
45613 62800 2167
46044 63344 5195
45005 61914 2263
46040 63644 4625
45718 63196 2432
45759 63137 4023
45728 62890 4409
45397 62338 3742
45403 62457 2852
45479 62595 2147
46019 63365 2535
45825 63153 3455
45294 62099 2402
45924 63318 3560
45967 63209 2211
45824 63206 3064
46241 63831 3629
44687 61350 3414
45718 63169 2299
44944 61560 3262
45724 63038 2851
45122 62293 3284
45567 62621 3190
45874 63080 3456
45310 62323 2098
44934 61899 2177
44920 61503 3044
46280 63885 3172
46431 64040 2174
46164 63719 2129
45475 62639 3309
44923 61860 3221
45402 62453 3263
45779 62963 3272
45922 63437 3449
45494 62566 2043
44984 61963 2904
46541 64538 2233
45654 62757 2305
45681 63058 3157
42263 57904 2924
46032 63675 5054
45722 63286 2007
46089 63647 3162
45239 62137 4240
45065 62071 2959
45709 62909 3046
45113 62313 2656
45774 63120 3105
45439 62701 3530
42500 58326 3163
45601 62575 3283
45586 62601 2100
45899 63201 2040
46234 63708 2938
46702 64810 2546
46293 64006 2888
45037 61882 2056
45758 63117 3145
46192 63959 3046
46067 63530 3177
45386 62446 3085
45491 62455 5603
45506 62655 3134
46663 64660 3373
45230 62196 2602
46586 64482 3533
45213 62347 3248
45241 62171 5032
42670 58791 5242
44971 61852 3192
