22361 35007 2421
22167 34716 1912
22303 34780 1902
22146 34571 5133
21900 34175 1864
22703 35509 2026
22427 35153 1955
21399 33421 1814
20647 32437 1737
22212 34670 2008
22155 34794 1783
22025 34444 1856
21869 34064 1323
22364 35025 1895
22590 35462 1899
22340 34902 1816
22655 35505 1952
21910 34231 1871
22362 34909 1981
22434 35064 1895
23238 36671 1720
22430 35123 1935
22680 35624 1886
22332 34989 1809
22190 34701 1655
22189 34589 1758
22412 35121 1778
20568 32031 1610
21971 34341 1667
22275 34728 1614
22759 35863 1178
22200 34697 1236
21758 33841 1163
22202 34808 1491
22338 34904 1230
21207 33163 1903
19765 30693 1504
22031 34310 1203
21849 34016 1218
22458 35339 1864
22082 34579 1805
22693 35660 1903
21975 34129 4260
22279 34875 2025
22478 35241 1972
22385 35096 1889
22087 34430 1307
22075 34486 1989
22567 35444 1866
21885 34073 1224
22522 35332 1459
21851 34107 1920
22561 35279 1303
22350 34999 1286
21828 34055 1758
22625 35414 1506
22463 35180 1951
21863 34073 2049
22346 34954 1307
22056 34371 1248
22596 35600 1798
22156 34562 1210
22485 35385 1756
22153 34721 1748
22463 35280 1736
22706 35515 1820
22660 35634 1695
22289 34743 1943
22614 35389 1242
22537 35277 1835
22491 35349 3998
22470 35150 2112
21251 32913 1533
22427 35140 1848
21869 34021 1908
22072 34477 1839
22372 34993 1937
21709 33773 1924
22088 34520 1321
22270 34710 1785
22565 35407 1309
22214 34616 2141
22020 34377 1346
22993 36237 2044
22337 34966 1928
22286 34825 3030
22202 34690 3393
22596 35419 1850
22658 35665 1949
22296 34915 1997
22439 35273 1887
21863 34133 1586
21648 33909 1306
21935 34294 1990
22716 35636 1877
22454 35158 1825
22616 35481 1706
22127 34659 1221
22098 34694 1177
21622 33814 1316
