40996 56390 2789
40617 55877 2837
41160 56761 2640
40679 56109 1904
37982 52343 1781
41163 57002 3889
41016 56734 3079
40999 56440 2812
40887 56352 2552
41088 56757 2797
40654 56009 2717
41212 56899 2222
41118 56698 2599
40573 55733 1949
40579 56119 1913
41554 57440 3058
40897 56578 2920
40918 56383 2860
40229 55307 3000
40565 55870 3026
40507 55924 2926
40143 55319 2664
40955 56447 2844
40957 56479 3374
41101 56679 2960
40355 55584 2571
41041 56679 1835
39997 55034 1817
40718 55953 2106
40836 56498 2876
40554 55584 7238
39976 54819 2742
40700 56045 2882
40807 56475 2853
40962 56497 5297
40927 56612 3850
40403 55528 1899
40548 55829 2912
40750 56199 2846
40771 56154 1822
40497 55830 1770
41352 57235 1812
40766 56124 2789
41456 57205 2739
40793 56225 3952
41332 57122 4349
40857 56472 2734
40081 55131 2510
40486 55735 2947
40744 56398 2602
41003 56610 2845
37733 51987 2626
38350 52817 2780
40351 55774 2847
40085 55146 2159
40646 55996 1941
40973 56559 1808
40610 55934 2930
40426 55715 2750
40392 55452 2656
40681 56269 6110
40364 55591 2815
41318 56940 2793
41010 56543 2806
40602 55949 2935
40995 56629 1827
40432 55696 2910
41480 57479 2909
37840 52131 2621
41193 56879 2832
41026 56598 2831
41342 57070 3240
41011 56529 3038
40124 55167 2829
41189 56847 2708
41238 56892 1888
41090 56659 2689
40842 56152 2533
40437 55675 2767
40756 56079 2557
40785 56115 1817
40743 56127 2735
40955 56732 2663
40209 55200 2691
40581 55988 2815
40492 55859 2914
41183 56874 2876
40450 55736 2619
40415 55505 1840
41335 56965 2867
41007 56487 1987
40426 55542 2794
40673 56222 3597
40806 56216 2754
40433 55650 2833
39982 55005 2582
40824 56239 2076
40333 55424 2853
40428 55653 2642
40048 54978 1727
