59449 77686 3898
58917 76992 3532
59227 77469 4492
59013 77119 3558
59720 78034 2462
58945 76986 3861
59219 77446 4049
59469 77596 4938
59106 77306 3598
59385 77670 3362
59274 77496 3817
59025 77175 3327
58781 76768 5059
58800 76862 7940
59658 77969 2288
58934 77005 3438
58780 76790 3662
58785 76798 2284
59368 77629 3766
58946 77001 3352
59184 77424 3904
58824 76918 3679
59207 77427 3432
59023 77222 3188
59378 77495 4720
59454 77658 3547
59630 77850 3633
58792 76843 3780
58825 76910 10244
58967 77062 3469
59056 77217 3547
58798 76854 3566
58774 76755 3610
59678 77951 3410
58786 76814 2427
58781 76789 2451
59019 77164 3651
59390 77666 15594
59608 77798 3418
59697 77964 3612
58799 76830 3693
58906 76979 3916
59008 77125 3826
59560 77864 3189
58811 76894 2681
59637 77843 3515
58794 76859 4279
58771 76772 3703
58829 76846 3701
58946 77082 3638
58950 77013 3662
58759 76777 3451
58810 76828 2251
59698 77948 2392
59287 77481 3513
58825 76818 3622
59234 77559 2344
58175 75929 3668
58950 76983 3178
59067 77198 2385
58983 77070 3761
58803 76831 3714
58953 77033 3592
58926 77013 3485
59670 77988 3672
58809 76889 4020
58916 77031 3274
59360 77610 3197
59267 77506 3751
59375 77539 3686
59060 77225 2582
58912 76981 3441
58792 76798 3418
59431 77595 3708
59678 77899 4018
59070 77285 3415
58885 76955 2371
59009 77114 3167
58790 76869 5266
58749 76761 3001
58755 76767 3166
59400 77680 2415
58781 76817 3481
59614 77746 3403
58787 76784 2297
58794 76805 3795
58947 77011 3952
58825 76890 3815
59350 77533 3971
58781 76806 4072
59058 77255 3634
58915 76969 2652
59397 77668 3773
59632 77827 3606
58776 76769 3811
58794 76857 3691
59064 77220 7345
59002 77096 3650
59183 77391 3658
58908 76964 2770
