14021 29003 924
14183 29335 1290
13991 28891 1362
14176 29329 1301
14210 29417 1382
14156 29340 1432
14139 29183 909
13930 28881 1261
14266 29572 1277
13892 28670 1323
14126 29208 1438
13998 29057 1263
13207 27224 1122
13987 28891 1313
14001 29063 1315
13974 28877 1873
14239 29566 1385
13898 28683 1343
13785 28392 1297
14185 29347 1392
14133 29205 1296
14149 29284 1374
14172 29330 873
13252 27611 946
14186 29362 1362
14190 29438 1555
13947 28897 1400
14078 29101 1236
14218 29467 1314
14150 29357 960
12930 26858 1551
13893 28684 1320
14216 29482 2938
14085 29211 1134
13852 28809 1403
14171 29398 1438
14140 29276 1420
14183 29498 1409
14131 29314 1026
14165 29348 1403
14134 29314 1401
14158 29298 1519
14124 29226 1277
14044 29070 1194
14159 29318 870
14173 29334 1107
13988 28956 1293
13160 27087 773
14198 29401 1165
14197 29417 1231
13947 28793 1344
13283 27445 1214
13892 28691 2231
14203 29481 1198
14113 29221 847
14265 29533 873
14185 29377 1429
14221 29517 1497
14108 29239 4804
14152 29276 1353
14152 29263 1369
14185 29363 1337
14007 29038 858
13991 28962 4417
14159 29328 1370
13995 28993 877
14258 29552 1385
14132 29235 1540
14187 29417 1486
14139 29189 1306
14127 29215 1279
13868 28659 1335
14488 30220 1482
14111 29241 923
14211 29450 870
13212 27191 1248
14188 29327 1261
14483 30175 1451
14205 29388 1440
13822 28485 1223
13951 29034 1234
14199 29412 1466
14140 29343 812
14041 28992 1193
14152 29313 1259
13209 27217 1107
14201 29382 849
14150 29253 1189
14143 29183 3250
14164 29331 1474
13158 27064 1217
13918 28727 1294
14164 29305 1309
14002 28908 1308
13984 28991 1276
14212 29454 1256
14025 29020 1208
14115 29273 1303
14073 29202 1179
14142 29255 1300
