22424 37889 1240
22141 37190 1633
22148 37376 1353
22304 37687 1756
22166 37360 1625
21788 36651 1208
22168 37354 1787
22037 37097 1849
22038 37079 1832
21973 36999 1607
22153 37328 2269
22213 37439 1211
21758 36598 1243
22180 37420 1252
21987 37010 1947
22034 37168 1717
22359 37715 1317
22507 38097 1942
22059 37154 2031
22307 37667 1223
22512 38125 1999
22431 37949 1688
22292 37693 1814
21960 36945 1866
22306 37633 1780
22090 37207 1271
22156 37362 1900
22278 37519 1806
21950 36964 1876
22499 38094 1860
22284 37529 1238
22000 37041 1206
22146 37324 1842
22054 37315 1934
21994 37044 1886
22029 37136 2018
21963 37033 1261
22441 38027 1270
22002 37089 1759
22027 37134 2033
22028 37101 1199
21988 36987 1297
22558 38174 1811
22015 37029 3932
22493 37917 1853
22030 37115 1705
22195 37432 1723
21863 36814 1634
21978 37018 1166
21774 36688 1764
22516 38148 1778
22437 37895 1900
22155 37338 1701
22043 37196 1350
22327 37625 1301
22494 38062 1707
21724 36570 1730
22003 37077 1740
22055 37203 1948
21801 36727 1741
21913 36813 1400
21958 36986 1193
21882 36884 1863
21735 36579 1248
21950 36927 1947
21863 36790 1774
22170 37353 1847
22433 37828 1947
22009 37072 1709
22049 37157 3391
22058 37160 1196
22275 37516 2081
22065 37162 1570
21990 36965 1149
22160 37249 1175
22156 37328 1278
22495 38087 1246
21912 36850 1854
22326 37709 1927
22029 37113 1770
22145 37319 1751
22292 37554 1879
22269 37520 1769
21777 36644 1922
22157 37338 1650
22149 37324 1748
21787 36696 1963
22022 37112 1737
21984 36994 1720
22037 37081 1747
22414 37834 1193
22497 38066 1685
22025 37096 1193
21746 36592 1751
22023 37079 1994
21763 36619 1988
22233 37542 1269
21841 36819 1825
22037 37157 1768
21943 36903 1887
