53478 74895 5311
52854 74359 2406
53199 74691 3464
53211 74640 2347
53263 74724 2248
53179 74601 3434
53209 74670 3263
53482 74963 2907
53156 74618 3317
53215 74730 2250
53239 74663 3470
53233 74729 3532
53219 74692 3819
53183 74711 3375
53188 74609 2677
52800 74251 3436
53512 74988 3093
53207 74619 3536
53647 75304 3351
53458 74928 4857
53270 74750 3370
53263 74786 4200
52548 73897 2169
53234 74707 2226
53277 74764 3415
53218 74629 3566
53070 74466 2348
52703 74093 4598
53219 74684 3752
52862 74299 3275
53300 74791 3837
53525 74997 3566
52571 73894 4176
53188 74632 3543
52680 74033 3594
53223 74703 3460
53398 74843 3705
53510 74989 3731
53243 74726 3264
53202 74691 3531
52800 74158 3204
53179 74646 3884
53447 74870 3652
53592 75155 3780
53233 74740 3965
53173 74631 3006
53187 74631 3110
53210 74658 3302
53485 74998 3011
53538 75060 3424
53175 74560 2266
53200 74651 3046
52365 73535 2303
53192 74639 3394
53519 75006 3564
53239 74763 2285
53786 75587 3499
53208 74687 3407
52775 74242 4843
53505 75032 3463
53388 74816 5997
53184 74645 2163
53378 74745 3902
53517 75001 2279
52828 74292 3503
53067 74424 3605
53203 74686 3355
53265 74766 2851
53236 74694 2166
53518 74999 3316
53212 74713 2465
53159 74573 3635
53176 74633 3420
53182 74639 3234
53222 74717 3168
53416 74916 3122
53207 74639 3867
53079 74567 3709
53225 74672 3306
53154 74611 2404
53161 74559 3765
53224 74729 3163
53229 74730 2984
53221 74670 3127
53214 74634 3366
53450 74861 3574
53246 74767 8122
53200 74732 3469
53184 74659 3654
53258 74764 4050
52809 74265 2228
53217 74704 3413
53225 74676 3713
53227 74655 2495
52973 74380 2184
53218 74680 3664
53478 74963 3514
53501 74962 2968
53181 74644 3641
52717 74100 2637
