27012 41246 1877
27143 41397 1885
27051 41260 1881
27001 41193 1798
27186 41486 1652
27001 41197 1766
27089 41328 1892
27053 41262 1732
26993 41185 1817
27023 41139 1969
27004 41218 1920
26998 41194 1822
27058 41300 1820
27050 41258 1878
27187 41389 1202
27063 41274 2434
27163 41409 1936
27005 41219 1884
26999 41208 1863
26993 41192 1707
27025 41219 1889
27009 41230 1771
27039 41290 1987
27087 41302 2016
27001 41204 1275
26988 41202 2404
27211 41461 1951
27076 41276 1901
26997 41196 1890
26997 41079 1883
26999 41195 1895
27120 41370 1862
27205 41500 1864
27069 41277 1911
27155 41390 1913
27002 41126 1914
26990 41190 1349
27139 41355 1924
27007 41219 1793
27159 41392 1793
27004 41199 1797
26977 41058 1765
27027 41245 1354
27029 41159 1982
26987 41085 1804
27123 41359 1179
26962 41146 1745
26969 41033 1729
26995 41214 1150
27006 41202 1240
26998 41195 1186
27116 41367 1345
27130 41378 1929
27067 41285 1883
26997 41196 1781
27093 41302 1237
27032 41238 1806
27054 41277 1894
27085 41296 1854
27013 41227 1823
26983 41178 1842
27261 41530 1822
27058 41268 1964
26997 41191 2331
27033 41230 1874
27004 41202 1685
27003 41218 4603
27078 41316 1790
27038 41234 1732
26968 41033 1529
27012 41210 1940
27158 41416 1765
26979 41173 1912
27042 41116 1952
27103 41303 1864
27127 41354 1937
27108 41373 1818
26905 40985 1747
27108 41321 1819
27035 41087 1822
27092 41303 1897
27131 41366 1712
27148 41396 1882
27054 41261 1761
27046 41250 1826
27069 41276 1976
27117 41367 1882
27042 41244 1180
26987 41181 1189
26905 41026 1916
27038 41223 1231
27039 41252 1271
27146 41359 1820
27153 41389 2011
27112 41323 1895
27131 41347 1831
27060 41277 1196
27012 41168 1219
26994 41186 1896
27036 41264 1211
