3682 7945 405
3705 7979 308
3706 7977 369
3665 7868 396
3483 7440 261
3672 7888 375
3827 8296 405
3737 8046 387
3710 7982 395
3695 7954 397
3839 8314 466
3655 7881 380
3706 7986 387
3672 7917 228
3698 7965 222
3697 7977 366
3670 7862 391
3702 7970 336
3703 7982 281
3668 7857 322
3688 7937 380
3701 7983 408
3696 7961 427
3483 7424 422
3700 7962 354
3700 7962 376
3678 7929 375
3837 8315 337
3840 8325 363
3707 8028 290
3664 7856 357
3694 7942 359
3668 7857 363
3622 7778 434
3668 7872 353
3676 7935 250
3779 8140 379
3698 7991 303
3815 8266 407
3700 7962 385
3468 7411 339
3710 8005 394
3708 7999 355
3674 7894 411
3833 8301 362
3685 7933 348
3661 7896 340
3841 8326 396
3703 7991 276
3667 7861 365
3702 7990 370
3666 7873 338
3676 7922 383
3696 7954 387
3669 7881 353
3662 7874 359
3696 7956 355
3705 7978 347
3700 7962 358
3732 7985 442
3659 7879 234
3838 8315 698
3829 8320 389
3710 7995 248
3698 7959 380
3818 8285 407
3806 8215 350
3840 8332 417
3720 8060 427
3703 7986 272
3666 7864 369
3690 7942 368
3483 7423 366
3735 8086 497
3656 7838 376
3674 7899 353
3690 7939 350
3581 7664 475
3696 7952 383
3706 7993 287
3698 7966 411
3819 8280 400
3754 8097 329
3797 8196 361
3832 8293 359
3688 7936 337
3826 8315 362
3706 7979 354
3683 7934 330
3705 7979 351
3657 7884 202
3668 7918 254
3820 8276 376
3482 7413 317
3705 7952 419
3702 7984 374
3673 7919 406
3710 7999 331
3575 7623 365
3704 7976 329
