66934 135557 5965
66812 135161 6607
66839 135300 4133
66926 135395 4868
66740 134981 3520
66751 135119 3541
66581 134650 6096
67243 136033 6305
70361 142570 6361
70843 143881 10115
67201 135970 3942
66810 135212 6057
66750 135059 6795
66744 135043 6070
67048 135746 7368
67293 136447 4164
67286 136358 6634
66734 134949 6987
66899 135649 6343
66555 134540 3913
66735 134954 3818
66999 135657 6620
66977 135338 6170
66755 135023 6319
67444 136643 4270
66823 135165 5735
66653 134723 4619
66891 135354 3983
70672 143031 6296
66790 135151 6770
66450 134269 4154
67319 136274 4644
67113 136105 7639
66931 135532 3850
66790 135069 7314
66914 135556 6545
66828 135266 8265
66896 135399 6217
66777 135393 6016
67210 136198 6184
66865 135057 6617
66885 135480 4324
67074 135911 6513
66722 135015 6885
66353 134025 3729
67485 136897 3607
66852 135271 3688
66739 134969 5858
66890 135503 7899
67157 135920 4333
67040 135641 6215
66812 135303 4120
66484 134567 6093
66596 134697 7996
66555 134553 6787
67113 136098 7997
66992 135786 7989
66997 135730 5920
67377 136567 6055
66757 135149 5434
67072 136022 4191
66755 135091 6142
70630 143009 8579
66768 134984 6603
67016 135611 4487
67230 136457 4782
67032 135780 5735
67270 136386 6063
67128 135782 5945
66747 135016 9507
66074 133486 6662
66888 135548 3787
66614 134789 7720
67068 135930 5657
67007 135721 5692
66916 135498 5936
67613 137114 4404
66574 135299 7558
67455 136639 6275
66955 135631 6052
67478 136965 6429
67433 136811 5791
67039 135491 3893
66739 135058 6091
66788 135156 6572
67362 136569 6309
66678 134829 4883
66793 135094 3920
66782 135150 7470
66188 134311 6058
67098 135700 5139
66899 135492 3935
67113 135758 5931
66878 135574 8453
66758 135047 5523
66961 136181 4046
67010 135729 3831
71187 144388 4768
66905 135465 5933
67070 135860 6277
