62949 104726 7075
63441 105631 9124
63408 105674 5524
63020 104713 5753
63443 105555 5949
63461 105563 5061
63522 105707 5239
62203 103878 7520
63334 105310 5326
63652 105912 4097
63369 105448 5178
63267 105238 5202
63390 105588 10407
63263 105230 5180
62211 103848 5717
63087 104915 6167
62113 103724 3423
63564 105947 6577
63671 105929 5127
63523 105637 7014
62813 104390 3625
63663 105939 4491
63246 105146 3426
63535 105684 3591
63051 104927 3703
63503 105712 7017
63388 105429 5064
63622 105842 5164
63527 105670 5676
62997 104704 3345
62999 104686 5006
63646 105867 4937
63551 105737 4334
63219 105082 5141
63680 105865 4342
63396 105504 5263
62049 103620 4921
63370 105470 5002
62067 103508 4842
62128 103779 5135
63546 105795 3466
62155 103746 5501
63451 105512 3454
63457 105531 5185
63642 105873 4535
63509 105785 4045
63565 105793 4916
63456 105532 4287
63792 106185 5148
63488 105600 5458
63478 105609 4774
63376 105479 6337
63363 105457 4338
63459 105601 4780
63384 105436 4759
63516 105728 8056
62178 103881 4238
63420 105552 5530
63474 105537 3574
63670 105930 5374
63438 105545 5288
62063 103532 5909
63355 105473 5812
63459 105567 18704
63212 105208 5025
63499 105770 7611
63590 105741 3529
61424 102566 5882
63513 105731 4406
63542 105689 5441
63316 105364 4837
63476 105667 5337
63790 106681 5122
63325 105373 4668
63250 105243 5229
62201 103920 3431
62130 103852 7032
63310 105377 4709
63496 105671 3653
63527 105646 5202
63597 105795 4448
62068 103592 5150
63589 105927 7826
63361 105462 4686
63202 105186 5566
62193 103827 5284
63654 105933 5386
62074 103608 5098
62475 104530 5442
63308 105395 4968
63938 107078 5764
63437 105544 4607
63569 105748 5127
63567 105797 5306
62154 103718 5115
63576 105812 3548
63382 105593 5133
63537 105673 5202
63770 106148 5278
63195 105190 3908
