33258 51556 2456
34127 53396 3142
33182 51588 2379
33269 52123 2505
33429 52198 2501
33179 51805 2527
33235 51768 2907
33214 51563 2712
33038 51343 2459
33285 51874 1605
32960 51278 2389
30076 46572 2356
33479 52176 2563
33635 52392 2092
33054 51314 1497
32625 50742 2067
33315 51795 2156
32697 50944 2280
33286 51995 2514
32639 50760 1964
33363 51948 2678
33382 52157 2522
33312 51846 2099
33439 52125 1810
34145 53473 2499
32752 50835 2358
30651 47681 2280
33327 51852 2540
33080 51479 2152
33480 52145 2336
33570 52596 2125
33674 52627 2352
33626 52475 3530
33539 52257 2441
33324 52133 2498
33128 51542 2416
33056 51295 2224
33392 52223 2420
33267 52080 1674
33294 51992 1698
33707 52663 2449
33024 51549 2271
33161 51763 2324
33589 52474 2230
32229 50118 2208
33086 51291 2220
33930 53182 2348
30199 46798 2177
33630 52394 2539
33477 51941 2404
33865 52869 1991
32861 51171 2313
34056 53220 2462
33101 51452 1489
33856 52852 2378
33156 51548 2313
33294 51763 2222
33570 52240 2277
33001 51539 5665
32821 50858 2373
33500 52178 2431
33305 51993 2282
33550 52395 2418
33379 51808 4571
33258 51627 2061
33820 52799 2280
33291 51735 2429
33376 51755 2261
33322 52001 2253
33496 52204 2280
32725 50725 2345
33630 52364 2348
32904 51100 1608
33398 52028 4804
33238 51922 2328
32861 51255 3915
34130 53441 2344
33129 51713 2455
33191 51900 2435
33341 51855 1898
33268 51758 2651
33622 52509 1841
32686 50717 2384
33161 51538 2700
33419 52222 2586
33671 52511 2532
33461 52266 1656
33657 52648 1473
33230 51751 1628
30494 47640 2026
33448 52147 1531
33634 52345 2342
29860 46119 2455
33479 52304 2222
33294 51926 2123
33601 52403 2366
33833 52808 2100
33418 52160 1482
33313 51943 2254
33723 52656 2841
