1693 3010 175
1660 2857 129
1695 2969 132
1661 2857 130
1663 2867 143
1684 2945 148
1715 3081 165
1659 2855 159
1693 2952 150
1668 2880 128
1658 2962 159
1677 2998 150
1698 2971 135
1702 2973 144
1662 2861 175
1717 3067 182
1586 2717 132
1663 2877 100
1662 2859 120
1662 2858 144
1663 2862 128
1594 2745 140
1717 3062 165
1679 2898 142
1666 2877 171
1662 2864 101
1663 2865 147
1587 2718 145
1717 3036 162
1683 2907 141
1587 2717 134
1693 3012 167
1633 2882 104
1694 3007 148
1698 3028 145
1682 2905 128
1689 2950 222
1600 2776 172
1654 2921 148
1669 2885 152
1662 2858 159
1664 2864 148
1700 3043 131
1699 3031 169
1587 2717 136
1690 2956 131
1663 2865 175
1662 2858 163
1666 2877 159
1662 2859 152
1662 2858 165
1661 2858 143
1661 2858 144
1593 2736 139
1644 2901 166
1678 2982 156
1601 2777 170
1659 2879 133
1586 2717 89
1701 2991 165
1661 2856 137
1637 2891 132
1660 2859 157
1687 2925 143
1677 2997 103
1659 2855 94
1679 2898 182
1641 2895 156
1666 2870 138
1664 2867 158
1662 2861 140
1696 2967 145
1708 2985 146
1668 2977 158
1660 2856 154
1631 2873 156
1665 2968 167
1593 2737 133
1663 2864 146
1666 2876 114
1665 2875 163
1662 2861 164
1676 2981 158
1662 2864 158
1688 3005 151
1663 2865 91
1676 3011 154
1661 2860 142
1610 2805 95
1692 3002 163
1680 2903 173
1678 2895 138
1689 3010 151
1587 2719 137
1661 2858 153
1660 2856 140
1684 2944 141
1662 2864 162
1661 2860 147
1714 3040 173
