49981 83563 3895
50256 84019 4099
50171 83835 4122
50228 83965 4441
50594 84569 10170
50379 84101 4210
50321 83993 2638
50233 83902 4271
50294 84157 4020
50266 84022 2599
50659 84852 2573
50291 84123 3862
50272 84095 4340
50267 84085 4666
50321 84145 2764
50339 84262 2493
50470 84676 2785
50307 84152 4461
50632 84884 4558
50286 84100 2503
50504 84814 4280
50244 84065 3909
50683 84729 4096
50332 84238 2627
50519 84596 4172
50324 84190 4012
50292 84147 2618
50769 84852 4589
50134 83837 2818
50300 84010 2509
50026 83650 3664
50261 83984 4595
50503 84587 6673
50129 83824 2756
50265 84046 4360
50473 84490 12703
50219 83882 3982
50214 83901 4181
50095 83756 4203
50355 84087 3659
50175 83965 4510
50288 84125 4334
50287 84131 2638
50141 83850 2639
50491 84495 3414
50272 84089 2706
50474 84473 4357
50344 84169 2619
50380 84450 4291
50510 84421 2809
50289 84104 6238
50146 84209 2994
50232 83948 2705
50136 83862 8147
50323 84211 4378
50431 84514 4251
50303 84103 4411
50378 84068 3366
50285 84214 6362
50360 84275 6607
50328 84183 5341
50207 84306 4145
50197 83822 4031
50175 83924 4309
50286 84124 4596
50352 84443 3651
50475 84697 4038
50256 84096 4199
50072 83735 2921
50296 84167 2520
50927 85299 2567
50265 84152 4226
50613 84610 3330
50288 84098 8569
50411 84402 4099
50612 84602 4100
50475 84461 4352
50319 84167 3999
50304 84039 4679
50293 84143 4154
50144 83856 4259
50272 84110 2763
50263 84091 2983
50253 83972 3896
50332 84162 3900
50146 83880 3999
50152 83889 4096
50366 84249 4032
50381 84106 7020
50391 84280 4157
50771 84874 4054
50404 84319 4161
50577 84760 4986
50518 84519 3991
50344 84220 4142
50512 84413 4230
50475 84586 2602
50467 84697 3971
50209 83941 2604
50304 84160 4204
