39208 59722 2986
39165 59580 3192
39168 59597 3060
39197 59655 1899
39134 59602 3125
39278 59718 3056
39176 59635 2953
39161 59588 4083
39124 59534 3099
39182 59634 2015
39081 59459 3015
39118 59565 2990
39137 59506 2970
39167 59593 2911
39170 59598 2885
39164 59576 1848
39134 59559 2941
38994 59353 2280
39008 59370 3515
39334 59801 3010
38922 59209 3104
39258 59712 2827
39246 59662 2996
39185 59632 2063
39106 59533 3045
39112 59534 1981
39164 59579 2821
39193 59664 3025
39131 59567 3244
39186 59644 2661
39167 59637 1863
39251 59666 3186
39226 59708 3110
39248 59669 3286
39325 59812 5930
38943 59280 2848
39123 59596 1907
39162 59582 2373
39281 59709 2315
39190 59604 1913
38918 59204 3006
39235 59636 3014
39165 59574 2073
39229 59681 2940
39298 59734 3082
39181 59592 1924
38852 59115 2750
39197 59662 1855
39191 59679 2940
39095 59478 3277
39215 59662 2696
39198 59672 2721
39196 59666 1821
39346 59833 3017
39180 59644 6088
39097 59495 1872
39030 59376 3046
39084 59462 3273
39190 59663 2869
39187 59646 3072
39186 59635 3019
38972 59364 2735
39223 59652 1800
39114 59529 2861
39189 59685 3315
39253 59682 3039
39098 59474 2153
39185 59658 3085
39186 59667 4631
39191 59612 2988
38878 59167 3367
38940 59265 2896
38997 59393 3031
39174 59625 3139
39192 59680 4492
39127 59516 2866
39047 59458 2998
39157 59594 1910
39515 60138 2000
39121 59629 1874
39179 59606 2936
39130 59497 3030
39215 59641 3206
39172 59616 3088
39214 59774 2807
39184 59638 2924
39097 59492 2723
39210 59670 3006
39203 59704 2437
38987 59265 1920
39158 59576 2989
39071 59398 3059
39191 59685 3141
39161 59587 5862
39250 59668 3063
39251 59670 2178
38943 59269 2965
38927 59221 3256
39159 59628 2851
39168 59613 3072
