3986 5864 331
3967 5854 306
3938 5832 321
3981 5857 304
3891 5772 278
3967 5867 330
3988 5855 310
3975 5880 406
4010 5893 338
3945 5817 279
3988 5854 294
3961 5836 271
3949 5833 327
3996 5882 636
3901 5780 269
3998 5897 275
3955 5833 289
3946 5839 254
3988 5855 357
3982 5860 285
3884 5757 281
3984 5852 305
3932 5799 322
3958 5834 317
3911 5746 282
3937 5830 1644
3977 5872 286
3895 5776 219
3885 5771 282
3910 5745 637
3891 5772 323
3989 5865 257
3923 5770 238
3954 5832 431
3984 5864 294
3966 5836 293
3989 5856 302
3938 5836 302
3947 5814 291
3889 5770 365
3998 5888 399
3903 5813 238
3998 5887 204
3939 5809 259
3897 5778 296
3919 5767 321
3990 5865 291
3987 5851 290
3966 5838 314
3951 5816 286
3934 5782 333
3985 5851 290
3887 5782 211
3989 5855 300
3961 5836 250
3947 5820 324
3901 5780 277
3986 5852 367
3968 5845 320
3945 5817 296
3987 5854 313
3987 5858 4540
3942 5830 286
3962 5836 313
3987 5853 307
3890 5774 312
3986 5852 271
3945 5837 379
3952 5832 356
3988 5855 947
3969 5894 249
3945 5837 292
3885 5764 279
3844 5726 306
3965 5849 282
3897 5742 281
3996 5869 494
3986 5864 272
3947 5818 310
3946 5819 333
3948 5822 303
3966 5837 274
3938 5847 305
3997 5880 324
3965 5836 293
3935 5812 293
3968 5842 265
3960 5856 289
3989 5853 305
3992 5871 305
3928 5795 291
3979 5857 309
3929 5791 259
3939 5800 194
3992 5862 314
3907 5789 275
3911 5745 209
3909 5796 279
3988 5854 302
4000 5890 310
