21809 28218 1504
21662 27999 3604
21300 27448 1442
21507 27816 1351
21828 28092 1467
21965 28351 1509
21839 28160 1440
21521 27858 1530
21433 27478 1572
21520 27746 1554
21808 28135 1510
22013 28353 1098
21987 28430 1531
21943 28294 1531
21770 28171 1077
20604 26539 1082
21675 27991 1565
21775 28176 1228
21423 27584 1465
21897 28218 1487
21608 27902 1465
21330 27558 1818
22115 28619 1495
21189 27110 1616
21525 27856 1552
21979 28432 1637
22133 28697 1531
21591 27749 1579
22263 28868 1345
21712 28140 956
21353 27616 1153
21546 27765 1438
21353 27511 1289
21923 28385 2870
22004 28529 1635
21072 27062 1484
20674 26578 904
21732 27954 1203
21497 27773 1683
22274 28903 1436
21244 27401 1337
21398 27493 1022
21677 27877 964
21558 27788 1060
21387 27528 3343
21684 28002 6146
21786 28158 1432
21497 27684 1044
21563 27722 998
21296 27502 1017
21650 27842 1695
22143 28712 1608
21958 28491 1375
21758 28039 1656
21389 27439 2903
22012 28415 1531
21457 27644 1617
21568 27878 1490
21796 28205 1536
21592 27916 1496
21462 27697 1282
21488 27668 1459
22353 29012 1507
21949 28367 1408
21796 28085 1130
21260 27259 1534
21863 28256 1653
21325 27423 1520
21750 28102 1524
21699 28115 1477
21695 28052 1481
21491 27618 1500
22493 29305 1503
21658 27840 1351
21346 27470 995
21375 27649 894
20584 26358 1395
21562 27832 1578
20530 26495 1458
21495 27677 1003
21236 27355 1205
21724 28001 1427
21581 27937 1286
20911 27000 1358
21702 28048 2503
21803 28231 1536
21869 28347 1546
21461 27764 1581
22248 28863 1633
21565 27974 1654
21456 27772 1704
22009 28410 1357
21779 28099 1371
21887 28238 1367
21469 27645 1561
21726 27897 4064
21693 28031 1267
21544 27721 1318
21770 28079 1391
21479 27681 1557
