3438 5318 284
3428 5328 265
3422 5296 265
3429 5312 184
3422 5300 266
3423 5298 273
3411 5278 265
3448 5370 193
3480 5390 241
3379 5210 263
3478 5399 255
3410 5282 189
3422 5316 237
3428 5324 182
3427 5316 328
3421 5294 301
3383 5222 248
3510 5466 193
3406 5267 295
3429 5319 276
3432 5316 279
3422 5294 296
3420 5295 262
3432 5323 194
3380 5215 261
3429 5320 336
3390 5256 268
3427 5318 258
3417 5292 280
3474 5412 280
3427 5304 305
3356 5177 273
3479 5411 284
3423 5295 265
3421 5293 273
3350 5176 295
3433 5328 286
3366 5194 291
3463 5385 273
3425 5302 263
3425 5304 266
3407 5268 272
3425 5302 256
3421 5311 319
3410 5275 274
3429 5313 298
3421 5299 312
3449 5357 267
3382 5222 270
3426 5303 256
3445 5360 238
3424 5301 247
3428 5309 287
3425 5312 183
3433 5335 248
3447 5354 269
3411 5275 263
3422 5301 181
3425 5302 264
3486 5425 233
3417 5294 267
3421 5293 185
3430 5323 219
3356 5197 293
3378 5210 272
3441 5336 308
3378 5209 281
3608 5674 317
3425 5302 191
3422 5296 306
3425 5299 288
3352 5183 276
3418 5281 285
3426 5307 302
3478 5405 279
3426 5305 277
3420 5294 315
3426 5304 262
3419 5294 169
3424 5302 238
3430 5313 289
3379 5212 276
3423 5298 284
3428 5310 266
3432 5323 176
3459 5334 303
3423 5297 257
3422 5296 272
3427 5310 290
3471 5376 268
3419 5294 262
3422 5295 258
3417 5296 275
3474 5393 231
3415 5289 252
3428 5308 250
3410 5282 291
3469 5369 190
3587 5563 262
3422 5316 251
