89731 117517 3828
89953 117606 5356
89103 117101 6491
88811 116791 5852
88769 116730 6103
88821 116709 5257
88817 116761 10640
89635 117692 5602
89436 117571 3708
88620 116538 5498
89515 117664 3642
89096 117098 5661
88776 116667 5884
89386 117512 5573
89463 117612 6376
88666 116601 8242
89739 117816 6198
89968 117692 7841
88817 116717 5874
89504 117578 5850
88773 116732 6900
89461 117637 5437
89920 117632 6117
89114 116964 6785
88791 116748 3793
89503 117617 5654
89960 117650 5504
89171 117183 5495
89082 116786 7219
88798 116734 6637
89094 117100 5633
89938 117610 5801
89085 117062 5853
88810 116732 5119
89228 116902 9929
89508 117630 7283
88806 116758 5261
90014 117701 11654
88802 116722 5578
88854 116840 5737
89094 117025 8906
89528 117203 5533
89486 117549 9077
88792 116753 4600
88809 116777 7548
89113 116829 8884
89049 117011 6124
89108 117107 6954
88696 116605 4336
88686 116609 5808
88804 116730 5536
90417 118558 4213
89569 117245 5732
89082 117037 8541
88775 116701 7418
88828 116790 5476
88667 116623 3966
89000 116909 3726
89101 117048 5640
89983 117713 3665
90033 117715 4493
90406 118484 6076
90373 118489 3699
88810 116743 5523
88781 116670 5895
89105 117056 8168
89910 117611 5465
88743 116673 9264
88659 116522 5789
88833 116762 7051
88741 116623 5273
88780 116639 6582
88669 116584 5552
89098 117053 5581
89506 117560 5780
89160 117067 5663
88821 116888 5779
88811 116798 6912
88803 116745 3695
88773 116681 5465
88791 116735 4951
89499 117605 5043
89052 117061 8004
89462 117549 9468
88791 116724 5424
88672 116580 3787
89472 117531 3991
88851 116807 3654
89105 117072 5908
89735 117846 5342
89523 117640 6047
89436 117462 6615
90131 117874 3549
89225 117038 7401
89420 117478 3728
89594 117313 3564
89172 117196 4349
90410 118510 3786
88798 116738 7047
89368 117488 5675
