15244 20085 880
15242 20070 711
15214 20005 904
15215 20007 949
15208 19966 839
15250 20091 945
15264 20090 1067
15186 19975 1331
15285 20115 843
15225 20017 903
15205 20013 970
15234 20004 986
15200 19970 1059
15282 20133 1074
15212 20005 969
15241 20040 723
15225 20065 1700
15220 19981 901
15198 19995 823
15279 20095 1082
15200 20012 957
15188 19963 635
15222 20038 638
15176 19977 667
15277 20094 988
15252 20082 1340
15179 20025 856
15194 19992 10055
15269 20122 992
15233 20025 1141
15222 20018 956
15194 19996 1502
15286 20091 934
15270 20083 1000
15255 20073 1070
15290 20126 922
15293 20118 937
15241 20023 872
15283 20094 1049
15185 19943 769
15205 20008 965
15294 20121 905
15243 20037 1001
15118 19972 998
15225 20017 1018
15198 20022 1016
15292 20119 1019
15210 19963 1050
15312 20157 986
15226 20028 990
15246 20033 1071
15260 20068 888
15218 20065 2771
15186 20042 987
15205 20000 871
15087 19808 1017
15178 19992 649
15206 19960 664
15277 20102 982
15196 20001 917
15193 20009 971
15256 20088 1011
15198 19956 997
15271 20075 1055
15161 19968 1103
15222 20054 1022
15221 19988 980
15209 19959 1065
15229 19998 958
15254 20037 3541
15249 20048 924
15243 20027 901
15227 20002 694
15060 19765 723
15249 20038 999
15222 20009 1016
15189 19984 992
15231 20062 998
15235 20064 612
15260 20094 986
15202 19999 940
15218 19984 964
15247 20023 859
15212 19976 607
15261 20095 782
15194 19970 613
15246 20066 887
15214 20035 664
15269 20105 911
15244 20016 771
15251 20023 970
15174 19959 638
15242 20128 936
15169 19993 935
15257 20077 969
15268 20081 723
15169 19958 695
15230 20061 649
15243 20002 3739
15187 19921 1257
