41884 70041 7129
42008 70073 3322
40848 68369 3045
41047 68575 2088
41091 68611 3037
41914 70104 3031
41881 69834 3216
41914 69876 3319
41409 68986 3639
41578 69256 3663
41546 69195 3280
41563 69221 3191
41539 69169 3326
41921 70260 3377
41936 70017 3272
41510 69116 3512
41063 68535 3133
41924 70095 3498
41888 70052 2150
41879 69937 3358
41808 69879 3624
41549 69187 4226
41864 69793 3129
41671 69394 2487
41898 69843 3231
41863 69880 2247
41881 69936 3591
41539 69158 2654
41646 69636 3496
41695 69484 3400
41895 69978 3445
41907 69926 3292
41821 69742 3441
41518 69428 3313
41800 69739 3346
41510 69123 3077
41662 69391 3088
41539 69186 2492
41811 69710 3412
41690 69590 3227
41333 69024 3215
41640 69510 3302
41225 68769 3147
40865 68376 5132
41593 69270 2679
40129 67137 3284
41152 68659 2130
41735 69648 3089
41906 69963 3054
41102 68536 2700
41783 69886 3008
41116 68582 3356
41993 70043 4913
40708 68175 4497
41558 69196 2801
41977 70154 3679
41621 69431 2030
41542 69168 3422
41556 69212 3288
41503 69099 3465
41496 69088 3738
41448 69259 3592
41557 69207 2709
41099 68599 3599
41676 69381 3395
41716 69830 3622
41792 69747 3121
41334 69100 3423
42021 70111 2272
41543 69173 4286
41940 69959 7473
41574 69229 4344
41078 68502 3652
41836 70003 3682
41069 68533 3233
41609 69316 3233
41095 68608 5964
41582 69273 2347
41611 69455 3436
41485 69344 2223
41889 69915 3238
41597 69365 3415
41150 68618 3543
41614 69450 2913
42025 70092 3305
41715 69670 3374
41847 69992 3319
41536 69170 3568
41653 69628 3503
41782 69913 3395
42031 70132 2231
41075 68544 3728
41611 69466 3776
41845 69796 2290
41206 68771 2000
41695 69420 2182
41556 69199 3351
41599 69333 3169
41722 69606 3263
41421 69251 2168
