24627 41668 1232
24316 40956 1876
24214 40730 1886
24252 40871 1891
24543 41357 2368
24418 41149 1994
24948 41940 1403
24918 42156 2069
24222 40718 1884
24275 40953 1981
24666 41686 2012
24332 41034 1226
24820 41932 2428
24804 41628 2132
24339 40942 2096
24170 40743 3609
24277 40926 2033
24320 41035 2015
24178 40658 1312
24434 41164 1889
24383 41095 1848
24255 40801 1382
24276 40961 1319
23751 39958 1852
24205 40643 3182
24460 41249 1835
24952 41914 1855
24313 40932 2158
24754 41949 3863
24630 41549 2355
24288 40916 2058
24640 41678 2163
25012 42163 2342
23684 39758 1985
24360 40983 1959
24252 40829 2102
24327 40973 1946
24531 41325 1995
24251 40830 3892
24334 40928 2033
24134 40547 1983
24381 41066 1933
24230 40851 1304
24977 42027 2151
24889 41945 2467
24250 40850 1974
24286 40955 1970
24664 41651 2037
24400 41101 2143
24917 41945 1966
23804 40056 1831
24958 42010 2020
24771 41705 2029
24713 41607 2032
24972 42067 1504
24333 41061 1909
24198 40704 1992
24264 40948 2149
24243 40885 1450
24499 41346 2045
24625 41628 2090
24243 40772 2277
24979 42020 1960
24126 40648 1872
24332 40979 1359
24297 40980 2437
24930 41980 2122
24927 42168 2191
24328 40947 2552
24683 41659 2015
24357 41062 2075
24276 40913 4069
24940 41967 2272
24801 41806 5282
24970 42006 2213
24273 40951 2012
24329 41071 3767
24412 41135 1851
24192 40686 1413
24308 40964 1786
24931 41920 1894
24310 40932 1540
24334 40994 1909
24981 42049 1929
24240 40790 1910
24302 40944 1917
24693 41779 2346
24323 40994 2135
24319 40993 2206
24422 41136 2135
24688 41651 2075
24359 41061 2131
24348 40995 2086
24243 40793 1348
24340 40907 4329
24367 41099 1360
24255 40799 1272
24378 41147 2203
24096 40589 1980
23753 39964 1931
