5794 12538 591
5711 12279 592
5698 12288 571
5816 12588 567
5651 12174 599
5739 12372 603
5742 12401 569
5794 12528 508
5549 11927 527
5780 12483 567
5796 12547 640
5673 12175 677
5746 12385 559
5671 12178 550
5694 12285 495
5653 12121 572
5528 11797 542
5735 12402 587
5780 12501 609
5739 12350 593
5674 12197 403
5716 12346 603
5666 12186 602
5696 12244 581
5682 12216 578
5727 12324 588
5692 12239 624
5716 12335 472
5679 12224 331
5698 12258 520
5703 12305 424
5639 12113 515
5683 12216 614
5556 11863 559
5686 12258 435
5679 12217 598
5748 12387 887
5661 12142 548
5797 12536 474
5810 12522 539
5657 12187 573
5728 12310 481
5646 12133 516
5645 12114 421
5730 12311 321
5674 12217 374
5683 12208 500
5703 12314 562
5701 12253 554
5665 12212 640
5692 12268 562
5686 12244 553
5657 12131 594
5638 12096 584
5788 12502 547
5683 12203 563
5689 12229 561
5692 12243 445
5582 11971 478
5621 12052 408
5684 12236 598
5719 12287 371
5768 12421 566
5737 12352 1122
5661 12195 572
5695 12232 655
5662 12145 583
5707 12273 549
5689 12235 626
5683 12219 829
5649 12147 507
5775 12456 518
5681 12198 592
5700 12297 411
5704 12295 542
5682 12228 353
5702 12305 588
5709 12258 410
5687 12239 396
5696 12290 569
5695 12308 660
5612 12035 407
5651 12148 591
5622 12089 396
5763 12411 590
5720 12300 547
5685 12232 530
5699 12285 574
5695 12247 596
5722 12275 566
5700 12267 657
5729 12384 652
5709 12320 605
5655 12168 653
5613 12060 6311
5746 12389 568
5689 12243 576
5732 12376 423
5644 12111 528
5534 11826 398
