84798 171154 8214
79742 159522 7840
84435 170401 12967
85369 172152 6437
84967 171052 7764
85015 171490 5853
85600 173398 7971
85291 171811 8757
84161 169329 11568
85468 172700 8929
84360 170033 11643
83941 169547 7977
85239 172187 10727
80393 161303 7969
85279 172246 12639
84041 169240 6839
84661 170837 9705
85254 171797 8935
83099 166754 8289
85359 172382 5754
85692 172321 5636
85141 172057 11458
83835 168961 9512
83373 167572 5902
85282 171936 6117
84818 170947 11693
85735 173000 8308
85206 172344 8222
85032 171666 8500
83878 169007 11066
83513 167634 9349
85243 172547 8434
84705 170493 9897
84585 170739 6351
80396 161446 8480
79178 158369 4807
86188 174489 8195
82187 164552 7256
72177 145048 6146
83705 168249 6321
84942 171491 8276
80516 161513 7490
84435 170225 7444
84354 170057 8072
83876 168276 8057
82274 165340 10619
84325 169921 6505
84012 168997 6333
85593 172702 8842
86011 173663 8505
83717 168543 7797
83104 167280 5007
85420 172425 8082
85184 172128 10238
84568 170162 7629
85442 172773 14790
80793 162786 7139
83940 168935 9186
85125 172281 8268
83410 167615 8157
84209 169484 8726
85267 172184 10057
83532 168521 8597
85219 172032 6426
81699 164397 5511
83207 167155 6244
86104 174210 7732
85237 171624 9165
84072 169403 10380
84517 169887 11668
84983 171368 11746
81997 164170 7489
68227 136607 6773
84337 170030 12148
84271 169740 10635
84966 171377 5910
82950 166953 7304
84841 170692 8308
84821 170809 8055
82372 165972 9111
84261 169882 6188
85679 173006 11965
84508 170281 9234
84157 169757 13061
84455 169905 5654
85208 171829 9211
84103 168967 8909
84464 169496 6329
85796 173353 7415
85189 171574 7658
84708 170689 10752
85636 172744 9423
84453 169827 8144
84058 169154 10478
84514 169875 7504
71551 143476 7393
85058 171468 6681
83382 167858 6279
84260 169632 6579
83299 167777 8281
