72844 114695 7925
72713 114637 6544
72826 114643 4715
72420 113933 4343
73059 115236 8261
72632 114214 5449
72907 114864 6129
72396 114507 10122
72856 114698 6088
72779 114976 4603
72688 114591 6560
72671 114442 4212
72869 114699 5047
73038 115220 4962
72598 114241 4881
72960 114990 5466
72670 114560 3864
72645 114305 3446
72817 114626 6440
72962 115026 5552
72993 114922 5346
72882 114786 5672
72568 114216 9528
72765 114625 6218
72874 114761 7279
72917 114898 3986
73002 115088 4184
72870 114804 5513
72953 114926 5330
72725 114532 8794
72885 114776 5953
72652 114522 5600
72607 114361 5184
72872 114773 3256
72231 114110 4702
72648 114523 6617
72618 114265 6103
72953 114918 3879
72622 114332 5832
72926 114852 5887
72905 114887 3676
72573 114419 5984
72746 114570 7173
72773 114814 5735
72923 114797 6504
72813 114680 4499
72888 114726 4767
72359 113775 3319
72525 114133 3601
72320 113777 3754
72674 114561 5532
73180 115486 6731
72529 114060 5814
72972 114949 5229
72898 114776 5150
72699 114402 4629
72845 114657 7268
73023 115235 5808
72881 114807 3855
72701 114550 7808
72705 114574 5529
72519 114084 8253
72689 114591 5442
72947 114971 4427
73069 115304 6954
72418 113964 6859
72755 114771 5565
72529 114339 4521
72531 114089 4025
72561 114256 5860
72648 114395 6492
71731 113215 5954
72651 114565 6123
72864 114668 5743
72673 114706 7177
72852 114811 5855
72654 114276 5333
72945 114919 5342
72954 115059 5355
72852 114706 5475
72820 114629 3814
72565 114163 3531
72916 114933 3328
72690 114510 5609
73029 115061 4398
73024 115272 3763
72959 115058 6170
72818 114693 4591
72613 114259 7903
72705 114481 4502
72907 114776 6163
72849 114683 5888
72160 114022 8568
72914 114825 6125
72682 114373 3673
72679 114449 4371
72738 114616 3888
72564 114470 7498
72893 114741 10052
72878 114749 4378
