5857 7734 267
5856 7740 382
5853 7814 419
5684 7462 404
5811 7593 381
5869 7719 385
5721 7494 406
5765 7598 391
5739 7533 417
5795 7599 410
5766 7604 503
5733 7464 414
5622 7306 419
5643 7343 396
5897 7772 255
5861 7699 484
5950 7921 266
5659 7450 370
5909 7785 293
5839 7626 357
5995 7853 393
5839 7595 366
5814 7582 597
5888 7743 404
5892 7804 431
5918 7795 450
5695 7386 413
5651 7348 259
5812 7593 393
5694 7462 423
5930 7874 1605
5722 7530 372
5722 7424 381
5655 7357 396
5632 7412 364
5792 7621 424
5533 7128 372
5838 7717 377
5690 7365 409
5962 7837 397
5582 7281 372
5734 7414 283
5821 7690 282
5890 7802 456
5623 7397 302
5823 7630 430
6151 8212 434
5634 7362 262
5813 7745 437
5741 7528 412
5682 7425 423
5706 7451 423
5686 7438 430
5766 7657 408
5714 7472 4733
5943 7881 418
5474 7074 387
5630 7256 385
5802 7588 404
5682 7469 413
5657 7441 388
5692 7452 408
5870 7833 433
5502 7124 383
5718 7503 400
5795 7676 468
5877 7725 408
5862 7741 453
6124 8132 429
5942 7800 422
5880 7699 292
5785 7675 263
5715 7481 247
5683 7417 402
5897 7872 381
5941 7827 429
5933 7793 461
5689 7425 377
5774 7491 393
5893 7745 460
5615 7267 372
5861 7737 405
5844 7715 376
5875 7824 424
5661 7395 382
5706 7460 386
5722 7468 370
5930 7794 431
5739 7540 418
5663 7357 373
5476 7103 1109
5705 7574 433
5633 7416 1984
5665 7322 361
5710 7484 354
5650 7367 376
5581 7309 315
5825 7549 388
5642 7402 298
5653 7311 410
