35962 54765 4195
36360 55485 2630
35904 54736 2991
36343 55476 2720
35890 54729 2537
35882 54696 2601
35912 54725 3178
36136 55120 2676
36026 54966 1709
36167 55182 1790
35914 54726 2516
36211 55248 4915
35908 54764 3176
35901 54741 2968
36104 55042 2352
35925 54751 2796
36400 55473 4992
35897 54732 9440
35902 54713 2389
35895 54755 3049
35889 54687 2552
35896 54717 2645
35684 54442 2719
35993 54852 3098
35969 54779 4768
35991 54862 2518
35915 54740 2659
35922 54760 2865
36197 55220 2740
35675 54432 2604
36461 55563 2016
36279 55309 2629
35908 54712 2709
35900 54701 2336
35991 54869 6526
35964 54786 2590
36120 55146 1812
35893 54732 2473
35850 54634 2780
35917 54799 4657
36173 55163 2663
36378 55581 2847
36035 54966 2579
36291 55471 1876
35913 54749 2841
35901 54768 2635
35874 54700 1836
36177 55178 2642
35920 54781 2593
35905 54748 2588
35902 54735 1983
35901 54733 2729
36275 55357 2610
36000 54876 2657
36270 55310 4716
36237 55267 2635
36232 55241 2736
35959 54791 2458
35968 54783 3011
36003 54842 2680
35959 54808 1844
36180 55195 2714
36346 55513 2696
35927 54719 2818
35934 54769 2682
35976 54793 2581
35910 54723 2320
35875 54670 2579
35899 54759 2557
35898 54727 1799
35889 54709 1742
36033 54853 2302
36214 55261 2720
36155 55226 1825
35972 54794 2008
35951 54756 2515
35976 54829 2615
35976 54836 2644
35860 54736 2599
36305 55362 2939
35889 54730 2598
36212 55231 2893
35984 54880 2837
35912 54728 1860
35891 54710 2770
36125 55165 2735
35860 54687 3005
35976 54857 3179
35895 54743 2671
35914 54739 3073
35991 54862 2803
36172 55178 2974
35891 54709 1757
35962 54835 2650
36356 55393 2415
35963 54818 2798
36174 55176 2501
35975 54853 2101
35965 54782 1711
35967 54772 2015
