12596 19645 786
12897 20307 1015
12884 20213 1083
12822 20254 686
12712 20007 809
12742 20051 1204
13056 20694 1035
13078 20576 1835
12389 19407 715
12842 20237 948
12785 20191 995
12704 19921 991
11566 18052 617
12773 20142 955
13135 20853 1037
12772 19957 956
13292 21099 3159
12342 19337 1037
13052 20671 1067
12738 20098 1051
12992 20436 1062
12901 20333 1031
13259 20989 1254
12858 20157 769
12991 20534 1045
12980 20597 1034
13053 20626 1136
12438 19522 1213
12857 20266 1045
13152 20767 679
13045 20489 990
13052 20614 1144
12755 20055 1076
12784 20062 1039
12382 19362 729
12714 19940 740
12913 20401 1097
12938 20335 961
13144 20818 882
12773 20124 722
12933 20475 660
13106 20720 1030
12695 19949 1020
12871 20348 851
12733 20040 581
13098 20778 1241
12864 20212 978
12641 19801 899
13010 20539 1169
12809 20137 747
12812 20155 1035
12707 19964 1411
12816 20146 1015
12756 20112 960
12934 20319 1065
12556 19682 2121
13266 21044 1086
13080 20730 1152
12727 19945 1127
12903 20423 736
13221 20896 1022
13043 20684 1061
12889 20287 980
12689 19954 682
12462 19561 988
12910 20341 1003
12993 20441 717
13019 20514 1050
13057 20609 1153
12516 19564 1030
13375 21191 1142
12674 19918 939
12947 20366 1062
12980 20507 1140
12888 20288 1102
12709 19903 3676
12761 20144 1059
12791 20280 750
13005 20496 1355
11940 18692 909
12733 20027 1051
12955 20439 709
12952 20413 984
12832 20239 958
13008 20664 845
12922 20278 1024
12682 19886 972
12514 19605 957
12839 20196 1038
11769 18463 921
12928 20494 1048
12988 20544 1046
12641 19766 962
12583 19718 1074
12724 19931 1049
12748 19994 987
13302 21195 997
11588 18065 901
12650 19829 985
13087 20681 1107
