16737 22033 1006
16708 21997 686
16772 22109 709
16738 22065 854
16849 22180 764
16696 22028 857
16674 21958 1047
16675 21983 998
16761 22078 1021
16731 22034 1075
16762 22079 755
16728 22050 1014
16655 21936 1010
16652 21950 1118
16708 22010 708
16575 21884 710
16519 21786 918
16659 21920 832
16694 21988 931
16672 21958 963
16690 21967 731
16837 22152 1087
16671 21939 1110
16708 22020 732
16742 22071 1107
16704 22021 1034
16699 21981 1068
16747 22081 1142
16715 22055 1139
16585 21910 1064
16716 22001 1270
16699 21990 1170
16707 22009 739
16760 22034 1007
16699 22037 945
16838 22159 727
16839 22157 990
16704 21969 1115
16833 22160 1129
16852 22217 1041
16717 22049 1124
16697 21976 1003
15952 20962 1051
16733 22036 1016
16714 22014 785
16682 21988 1099
16695 21997 1085
16591 21941 1108
16834 22143 770
16749 22073 1011
16631 22012 1047
16621 21946 1106
16707 22005 979
16825 22163 961
16749 22043 1099
16712 22019 1111
16773 22066 1107
16681 21962 773
16702 21961 1156
16696 21992 1169
16515 21784 1122
16698 21988 1122
16845 22164 1054
16825 22133 1064
16789 22093 1004
16695 21976 1057
16756 22095 1027
16717 22023 1172
16681 21974 1025
16758 22088 983
16687 21956 692
16701 21979 979
16830 22166 1007
16699 22016 1218
16685 21962 1065
16696 21991 1075
16682 21974 831
16702 22005 724
16661 21927 1101
16585 21901 1050
16679 21978 1157
16784 22103 1118
16823 22155 1101
16756 22059 905
16680 21981 1139
16693 21942 1128
16672 21966 1109
16835 22156 1065
16729 22051 1198
16715 22038 1089
16659 21959 774
16672 21928 1211
16802 22099 1079
16781 22130 1164
16708 21994 1139
16717 22015 1118
16770 22104 1072
16807 22143 3889
16667 21936 1193
16809 22115 1653
