68630 106005 5931
68843 106359 5437
69650 107656 8374
69375 107467 3742
70075 108380 5446
68512 105954 8018
69275 106814 5332
69153 107099 5307
69555 107615 5703
68819 106263 4082
69059 106736 5732
69790 107988 5158
69063 106971 5850
69454 107605 6593
69564 107729 8525
70167 108932 3694
68238 105710 6029
70266 108792 6042
68980 106476 5615
68435 105674 4349
69272 107168 4319
69494 107599 6486
68740 105962 10149
68546 105889 6190
69547 107824 5285
70173 108711 5769
68656 105848 4976
69746 108343 5733
68780 106146 5715
62493 96450 3589
69530 107950 5957
69378 107444 5787
69316 107254 5229
68471 105765 6829
69236 107119 6069
70022 108736 5647
69624 107902 5650
68926 106436 10630
69679 108057 5810
69254 106931 5435
69842 108252 9879
68837 106460 7680
69549 107637 6095
69740 108104 7118
68657 105871 5303
69318 107251 5616
68668 106179 5943
69563 107712 5324
69447 107424 4165
69631 107837 5619
69589 107622 5779
70214 108874 4548
69704 107786 4659
68505 105696 5308
69294 107406 7827
69368 107637 5747
69216 107166 5359
69013 106927 4629
69757 108285 4005
68819 106142 8194
69639 107967 6002
68748 106220 8343
68585 105977 5344
68692 106485 11258
69208 107281 8084
69238 107167 3441
69775 107791 8850
70043 108431 5624
62777 96850 5598
69083 106698 4599
69532 107825 5390
69357 107311 5352
68475 105568 3626
69663 107706 5642
70205 108895 4557
69104 106865 4351
68433 105568 4845
70442 109308 5830
69146 106909 4012
68935 106046 8388
67718 104709 6472
69633 107620 6660
69249 107292 5844
69610 107968 6074
68659 106306 4452
68574 106257 4310
69078 106702 5427
69419 107587 4981
69230 107038 5824
69187 106751 4192
69121 107020 7252
69258 107251 6912
69243 107022 3693
69467 107727 5487
69986 108621 5442
69425 107583 3682
69591 107469 3924
69565 107587 5220
69160 107021 8768
70001 108045 3695
