60867 124948 5729
60817 124784 5411
60801 124737 7853
60075 123068 4955
60604 124203 3637
60455 123772 4758
58340 119149 4094
60904 124927 5708
60738 124470 4884
58351 119167 5889
58022 118289 6496
60522 124117 4924
60413 123751 3955
60977 125053 5740
60445 123786 7219
60785 124681 5468
60411 123716 5680
60764 124559 5512
58128 118652 3685
61075 124965 5672
60823 124854 5365
60932 124978 8126
61087 125439 4223
60733 124530 5944
60876 124773 3561
60808 124664 3637
60315 123383 5683
61126 125550 5584
60790 124691 5799
60774 124320 5828
60669 124371 4503
58155 118736 5129
61052 125308 6192
60893 125049 6193
60647 124354 6548
60727 124536 5519
58332 119095 5436
60733 124491 5315
58103 118623 6329
60897 125010 5649
60511 124071 5346
60659 124259 6694
60896 124937 5276
60720 124513 5666
62446 128104 5291
60420 123773 5955
60613 124194 4755
60851 124893 6375
58056 118338 5501
61068 125439 5607
60839 124735 8289
61056 125467 13692
60632 124234 4230
60752 124477 5651
58036 118253 3563
60332 123468 4215
61868 126328 5892
60466 123928 3730
58158 118683 6355
58284 119011 5101
60779 124668 5622
60325 123344 5123
58236 118871 5450
58240 118857 5604
60535 123908 5760
60877 124887 5259
60560 124167 5986
60542 124135 5354
60774 124567 6315
60358 123353 5596
60856 124853 5744
60996 125195 5829
60778 124654 5936
60279 123435 5705
60835 124682 3707
58080 118491 5365
60751 124617 6008
60655 124395 5186
60593 124155 5542
60845 124844 5904
60810 124719 7128
61375 125230 5619
60853 124823 3739
60455 123975 5793
58461 119464 4959
60702 124329 5318
58148 118616 5602
60666 124432 7529
60798 124794 5614
60924 124966 5199
61150 125228 6533
58152 118618 4439
60969 125101 5271
60776 124723 5402
60782 124572 5723
60735 124416 5235
60703 124438 6013
57968 118203 5247
60861 124926 5669
60732 124497 5238
