50543 84505 4142
50411 84397 4441
50275 84095 4081
50372 84090 2457
50617 84950 2709
50285 84119 3765
50322 84245 4181
50399 84159 4111
50317 84211 2636
50090 83707 3878
50409 84529 3771
50075 83743 3973
50339 84021 4199
50754 84865 3843
50952 85266 2548
50339 84123 6604
50294 84039 3640
50311 84170 3926
50126 83744 3907
50509 84768 2643
50222 83919 4106
50276 84112 3299
50311 84164 6080
50508 84669 8270
50284 84098 4343
50407 84164 4333
50374 84086 3956
50546 84791 6769
50536 84738 6327
50342 84059 4425
50381 84250 2972
50296 84140 2608
50025 83575 4462
50357 84039 3853
50210 84303 4091
50363 84081 4176
50380 84314 4007
49987 83468 3860
50294 84118 5385
50572 84546 4273
50143 83775 4058
50262 84062 4472
50347 84213 3517
50496 84684 4233
50267 84093 3462
50269 84095 3783
50477 84695 2576
50250 83935 3999
50429 84187 4031
50581 84835 3390
50098 83643 3860
50103 83831 3558
50244 83991 3996
50382 84304 4238
50387 84344 3483
50279 84037 4001
50085 83702 4322
50250 84047 4088
50384 84330 4089
51118 85677 6615
50281 84069 4118
50259 84057 4181
50515 84808 4180
50237 84019 3744
50278 84106 6344
50176 84282 4350
50277 84074 2766
50820 84999 3919
50676 84694 15719
50382 84359 2671
50226 83962 4468
50279 84106 2929
50493 84762 4004
50499 84541 3852
50266 84081 3591
50298 84079 3226
50196 83918 4888
50249 84029 7470
50605 84802 2900
50200 84294 4108
50288 84130 3740
50280 84134 4481
50074 83694 4075
50228 84004 3911
50205 84324 4185
50248 84023 2723
50090 83738 4173
50295 84088 3788
50354 84443 3629
50387 84122 3869
50300 84163 4074
50324 84177 2655
50258 84023 3792
50257 84065 4711
50463 84471 7258
50141 84159 4086
50408 84382 3969
50092 83735 3188
50362 84257 5324
50267 84080 2667
