40736 58599 1916
40784 58693 2468
40780 58702 3023
40827 58764 3076
40785 58713 3031
40739 58618 3040
40639 58481 2944
40818 58727 2996
41021 59091 3139
40953 58954 3143
40767 58681 2903
40744 58630 2985
40645 58499 1908
40743 58622 3010
40922 58904 2894
40638 58479 2988
40784 58665 3535
41142 59155 3075
40748 58616 4233
40783 58649 3404
40925 58960 2958
40731 58598 2940
40823 58759 2927
40794 58750 4909
40690 58533 3251
40737 58604 5120
40903 58866 3241
40832 58744 2986
40856 58814 3370
40805 58671 2914
40742 58621 3134
40769 58683 2908
40736 58599 6425
40837 58809 2951
40736 58613 3117
40809 58756 2847
40812 58702 2908
40798 58706 3117
40734 58597 2352
40829 58779 1828
40744 58612 3072
40740 58596 3048
40743 58635 3395
40862 58830 2997
40886 58886 1874
40764 58726 2847
40994 59043 2858
40735 58602 2809
40870 58863 5433
40735 58605 5032
40787 58668 2940
40810 58725 2935
40735 58601 2658
40642 58487 1983
40812 58734 3391
40948 58940 1995
40638 58480 4554
40881 58815 3528
40769 58672 2678
40788 58694 2873
41039 59092 2809
40769 58693 2826
40819 58736 2295
40789 58669 2987
40848 58793 4820
40878 58798 2049
41036 59090 2051
40743 58622 2587
40779 58683 2767
40641 58483 1898
40810 58717 3625
40855 58813 5545
40834 58770 2623
40854 58836 1982
40744 58633 2942
40854 58812 2493
40712 58592 4315
40741 58621 2322
40805 58666 1904
40849 58807 2166
40741 58634 1917
40764 58678 2862
40814 58717 3718
40849 58755 5827
40782 58648 3104
40794 58688 3240
40855 58813 2136
40746 58629 1744
40702 58573 2693
40734 58600 2813
40711 58593 3133
40640 58494 2974
40792 58677 3036
40789 58662 3006
40800 58724 2996
40743 58622 1834
40684 58564 4178
40799 58687 2928
40761 58622 3069
40890 58869 2701
