83438 116836 3557
83514 116995 5633
83529 116910 4234
83496 116996 4152
83469 116918 6655
83335 116667 9021
83477 116891 5891
83122 116406 9707
83480 116852 6860
84017 117522 6014
83484 116919 5447
83985 117411 6597
83961 117415 5430
83582 117158 5419
83478 116901 5401
83330 116635 3822
83322 116639 5549
84096 117524 4089
83497 116888 5585
83412 116818 6812
83492 116989 3504
83541 117088 6817
83489 116902 5227
84196 117581 3735
83404 116754 7829
83249 116638 3826
84131 117651 3799
83602 117140 6595
83346 116698 3702
83415 116773 6560
83534 117013 5601
83591 117113 4836
83941 117316 5918
84087 117523 6992
83589 117081 5030
83952 117394 7001
83601 117033 5501
84078 117281 5910
83491 116952 5937
83974 117411 12286
83526 117005 5318
83371 116673 9996
83942 117362 6245
83444 116839 6774
83377 116756 5183
83421 116809 3748
83950 117373 4450
83531 116967 8749
83558 117007 7895
83496 116902 5842
83554 117077 5647
83489 116909 5858
83361 116706 11994
83147 116557 5648
84232 117854 3657
83510 116912 4375
83080 116480 6406
83498 116949 6780
83341 116603 5927
83523 116935 7984
83626 117149 6645
83485 116872 5589
83493 116890 3535
84062 117377 5693
83454 116798 4944
83331 116677 5698
83372 116720 3658
83521 116944 3810
83414 116798 6320
83965 117369 3480
83507 116945 5686
83488 117020 6061
83417 116760 4437
84132 117613 5457
83492 117018 5741
83422 116815 4835
83480 116879 5595
83367 116711 7312
83990 117446 7127
83507 116910 6088
83424 116862 5573
84147 117657 5801
83311 116625 5375
83525 116982 6480
83577 117078 5407
83510 116956 7067
83470 116842 5687
84202 117805 3923
83461 116884 5768
83561 117136 5928
83527 116975 4583
83387 116774 5432
83492 116932 11145
83972 117418 5997
83498 116916 6165
83507 116861 6332
83517 116884 5731
83484 116857 4214
83330 116742 5842
83464 116811 5845
