66251 136534 6724
70150 144974 6547
69109 142718 6706
68192 140594 6901
70326 145482 6976
68836 142074 6962
70049 144827 7520
70251 145417 7415
68385 140943 7191
68750 141897 6739
68595 141601 7093
68433 141205 6430
68752 141874 7733
66539 137114 6022
68640 141553 7350
68226 140743 6345
69242 142974 6718
69327 143114 8316
68697 141682 6311
68260 140809 5952
68709 141674 7474
68456 141311 7998
69486 143538 6836
68756 142046 6504
69421 143408 12481
68931 142295 6396
69368 143198 7403
68229 140700 6898
70190 145185 8501
70314 145318 7327
69361 143213 7106
68265 140708 7473
69007 142564 5777
66605 137297 13145
68817 142130 27234
68345 140991 5372
70210 145246 7960
68778 141970 30252
66121 136067 5354
68737 141873 38885
68821 142071 15601
70002 144579 9914
68412 141159 6941
68643 141605 38586
68459 141256 6326
70108 144924 10076
68917 142319 9931
68219 140607 6337
68218 140615 6763
69586 143708 17242
68614 141511 16303
68387 141170 14260
68678 141619 18311
69494 143542 10038
68412 141129 6675
68147 140466 6595
68089 140217 5510
68799 142046 9584
68308 140938 6369
69618 143903 14270
70063 144853 6816
66556 137163 6758
68896 142154 13009
68235 140765 6354
68408 141061 6274
68381 141150 7082
70185 145107 6401
68737 141873 6384
69576 143805 7066
68107 140333 6403
69180 142801 7416
66790 137785 6471
68706 141866 4985
68335 140913 16955
66235 136491 6045
70474 146044 10659
68787 142060 5287
70093 144648 7171
70065 144869 7961
68796 141906 6895
68714 141777 11814
70070 144901 6107
69972 144397 7686
70089 144749 7046
68770 142015 8896
68911 142210 8928
68005 140390 7007
68728 141819 26002
66610 137297 12457
68979 142446 23194
67433 138853 5977
70189 145056 9773
70396 145591 6179
68528 141373 4531
70000 144642 6623
66669 137408 11900
68135 140420 6460
69927 144480 7001
69930 144417 7682
69259 142913 8590
