4135 6405 231
4116 6374 340
4133 6421 338
4114 6379 312
4090 6367 342
4121 6388 334
4122 6390 321
4090 6386 343
4144 6477 713
4151 6452 326
4081 6351 219
4114 6400 323
4085 6364 309
4132 6406 330
4092 6364 209
4122 6380 311
4071 6355 351
4185 6544 285
4069 6331 302
4093 6389 236
4135 6412 211
4090 6361 325
4066 6341 334
4118 6384 302
4071 6371 338
4118 6409 323
4109 6399 270
4168 6518 362
4092 6362 319
4117 6432 301
4080 6359 301
4087 6371 324
4063 6326 370
4087 6349 325
4149 6452 310
4096 6396 330
4080 6350 357
4054 6301 350
4060 6334 310
4068 6330 331
4111 6382 327
4090 6363 252
4116 6374 470
4064 6322 341
4107 6400 366
4118 6369 284
4098 6388 308
4128 6390 336
4084 6367 327
4208 6575 340
4088 6365 222
4147 6447 2505
4087 6372 262
4111 6367 339
4063 6341 316
4149 6490 309
4092 6373 311
4091 6358 1602
4068 6332 313
4150 6451 337
4068 6336 325
4115 6374 328
4077 6351 356
4140 6444 346
4086 6348 348
4087 6362 347
4087 6352 302
4084 6347 276
4203 6568 340
4112 6383 218
4154 6475 516
4066 6350 330
4132 6406 357
4087 6351 326
4130 6393 285
4112 6388 287
4069 6332 292
4117 6383 290
4138 6424 348
4113 6402 334
4151 6451 212
4081 6363 316
4218 6603 377
4111 6381 325
4065 6332 328
4061 6336 225
4071 6334 309
4115 6393 245
4083 6361 309
4088 6364 317
4119 6387 219
4092 6365 351
4060 6323 422
4069 6343 261
4096 6374 341
4097 6391 322
4121 6389 318
4095 6391 337
4087 6381 292
4092 6367 315
