76101 100202 4460
76108 100321 4941
75857 99959 21361
77138 101428 4723
75880 99969 4851
76985 101193 5413
76412 100561 4623
76092 100221 11486
75919 100046 4673
75876 99969 5548
75825 99886 2894
75978 100158 5408
76957 101123 12013
77109 101364 5088
76079 100199 4803
76001 100149 5087
76059 100173 4185
75998 100189 7843
77562 101707 6837
75955 100148 4330
76929 101168 6176
75984 100105 28581
75818 99817 9093
76024 100184 6666
77156 101512 4648
75959 100089 4140
76028 100241 5077
75876 100013 4842
75980 100117 12385
76932 101145 4608
76883 101149 14125
76897 101070 4514
76860 101105 4498
77541 101701 5078
75910 100058 6470
76892 101128 5951
75849 99903 4629
76011 100199 4626
76050 100214 4598
77027 101334 4838
76091 100218 11409
76889 101084 10846
75934 99988 4725
76101 100288 9020
77039 101240 7807
75887 99968 5656
76900 101089 4363
75974 100051 11523
76952 101144 4540
75792 99843 5048
76020 100183 6666
77111 101426 4631
76974 101212 13753
75987 100177 4958
76077 100260 5179
76050 100254 4526
76123 100253 16333
75919 100015 5349
76127 100338 3486
76998 101246 4871
76976 101273 10664
76077 100231 14087
76067 100256 4931
76140 100318 5560
76907 101082 5079
75774 99764 4833
75882 99962 4218
75922 100021 7473
77596 101750 6652
76012 100090 5097
76010 100146 4788
75889 99982 4834
75923 100019 5049
75858 99957 5418
75877 100043 4543
76034 100186 4428
76993 101267 18659
76966 101258 5008
76132 100326 4614
75807 99811 8750
75974 100143 4993
76923 101105 5215
75761 99692 5491
76080 100229 4968
76077 100250 4689
75997 100094 5245
76094 100269 5206
76956 101168 5003
76901 101105 5155
75890 99988 5297
76000 100103 5008
77597 101800 5359
75830 99888 5134
76045 100220 4330
77136 101547 4825
77516 101647 5993
76022 100131 4812
76230 100383 5726
76103 100268 4922
76959 101125 5443
