31388 52666 1587
31153 52214 2312
29975 50370 1458
31352 52623 1594
30169 50779 2122
29390 49352 2083
29871 50011 2131
30086 50600 2316
31340 52582 2335
31228 52338 2401
30190 50819 2356
31047 52177 2413
31377 52636 2092
30996 52008 2286
31308 52570 2288
31216 52331 2396
29879 50040 2267
31134 52381 2252
31161 52440 2437
31213 52518 2319
29758 49942 4204
30032 50452 2277
30919 51986 2256
30071 50559 2206
31381 52660 2342
31157 52467 2410
31129 52213 2326
31390 52673 2333
31226 52330 2305
29739 49933 2279
31361 52635 6839
31134 52220 2330
31170 52254 2323
31350 52589 2206
31102 52091 2466
31171 52273 2376
30989 52000 2054
31386 52667 1532
29998 50432 1560
31383 52666 2495
30991 52156 2391
31367 52589 2452
31147 52392 2300
31089 52377 2335
31166 52238 2323
30117 50713 2027
31376 52607 2360
29734 49888 2283
31391 52670 1573
31383 52658 1517
31128 52210 2410
31153 52234 2267
31226 52350 2308
30052 50490 2236
31362 52620 2524
31009 52179 2751
31166 52248 2240
31123 52210 2297
31202 52319 2258
30082 50581 1524
31386 52670 1747
31372 52638 2354
30165 50748 2122
31014 52190 2283
30175 50813 2164
31116 52178 2268
31377 52640 2138
31019 52186 2042
31193 52524 2309
31368 52615 2262
31175 52256 2417
31387 52668 4058
31386 52638 2388
29746 49909 2212
31308 52495 2722
29803 49911 1527
29626 49623 2202
30905 51967 2248
31279 52444 2249
30884 51924 4917
31124 52201 2321
31395 52702 2296
31158 52405 2517
31172 52527 2113
31391 52679 1567
31162 52229 2138
31389 52670 2514
31014 52175 2351
31396 52668 2228
30894 51951 2364
31041 52006 2277
31374 52612 2311
31168 52298 2239
31177 52238 2252
31382 52642 2389
31388 52665 2668
29816 49951 3881
31173 52257 2286
31387 52670 2208
31394 52682 2472
