78799 103138 4136
78783 103118 5297
78881 103322 5148
78754 103125 3263
79380 103745 4951
78902 103349 3356
78812 103184 5012
78906 103326 5000
78713 103109 6452
78257 102722 5254
79343 103737 4753
78909 103402 5491
78819 103164 4923
78879 103307 5266
78764 103088 9812
78848 103236 3459
78864 103309 9370
78761 103162 5105
78472 102738 4999
79444 103799 4132
78781 103110 4929
79329 103701 4789
78684 102990 5583
78607 102933 5410
78777 103141 4959
78676 103002 3153
78239 102567 4545
78560 102866 2982
78801 103176 5221
78829 103202 5283
79339 103644 3336
78270 102842 7487
79422 103770 4970
78797 103116 5626
78897 103308 5112
78655 103021 5181
78699 103067 5856
78352 102884 3852
78917 103388 3820
78642 102905 4957
78635 102995 4664
78864 103281 4449
79335 103636 5062
78881 103312 4948
78800 103141 3175
78947 103413 3492
79366 103669 5255
78817 103167 4936
78768 103104 5523
79292 103608 4447
78796 103166 4319
79105 103418 5171
78674 103058 2964
79964 104582 3210
78255 102725 4522
78580 102918 5620
79426 103766 4810
78094 102501 5761
78614 102975 5844
79402 103757 4967
78206 102722 4783
78654 102917 4377
78885 103321 20051
78821 103213 4900
78829 103329 11978
78802 103165 4689
78669 103019 5826
78077 102511 6853
78316 102848 4265
78227 102697 3690
78726 103098 5661
78832 103172 5739
78066 102458 7552
78671 102982 4679
78734 103048 18065
78169 102661 5822
78917 103398 5191
78852 103247 4074
79300 103728 5760
78894 103323 4720
78822 103196 5271
78232 102719 4780
78933 103428 5469
78240 102744 6089
78832 103289 5154
78786 103079 3238
78326 102900 4464
78234 102649 6515
78708 103023 4942
79416 103800 8997
79376 103692 5671
78800 103119 8271
78800 103168 4718
78881 103349 4551
78797 103172 5639
78846 103224 5317
78044 102468 4577
78802 103163 4725
79379 103709 4411
78860 103296 4318
