62658 80442 3900
62273 80042 3256
62662 80305 3039
61890 79354 2963
63241 81303 4185
61979 79483 4815
62329 79974 3884
61411 78863 4202
62455 79970 5087
62119 79708 4449
62421 79968 3782
63368 81318 3109
62366 80053 2851
62784 80711 4000
62191 79782 4441
62543 80272 5895
62834 80796 3913
62866 80715 4098
62793 80366 2646
61998 79415 5427
62491 80192 4439
62284 79980 4394
62857 80727 2706
62029 79307 4936
62641 80606 3789
62432 80117 2916
61892 79412 2897
62191 79610 4665
61929 79508 3926
62805 80555 4118
63178 81250 4149
59781 76472 3956
62678 80520 4787
62262 80071 4212
62384 80033 4239
62870 80646 4252
61641 78874 2599
62572 80383 4664
62536 80311 3807
62613 80387 4319
62281 79980 2853
63617 81830 3522
61099 78490 2655
61744 79249 4563
62657 80413 3801
62484 80446 4027
62120 79569 4565
63116 81154 3866
62258 79846 4113
62948 80567 3995
61810 79124 4606
63119 81320 4797
62827 80555 4281
62258 79607 4387
62721 80560 2895
61409 78563 3839
62353 80028 2675
63053 81047 9304
62406 80433 4281
62906 80875 4078
62139 79588 4259
63316 81525 6863
62726 80559 8861
62837 80820 2698
61901 79180 4442
62081 79576 3846
62675 80777 7404
61908 79399 4440
63003 80867 4226
62453 80010 7270
63436 81373 4558
62126 79868 6137
61820 79163 4417
62456 80182 4329
62590 80309 4488
63442 81367 6276
63277 81375 5045
63005 81020 3255
62254 79863 2868
62501 80434 2936
62396 80172 4241
62073 79660 2779
63340 81489 2936
62176 79651 4635
62998 80833 4580
62602 80393 8666
61701 78865 4106
62322 79888 4072
62565 80334 3954
62500 80146 4528
63234 81008 4595
61928 79494 4084
62558 80484 3808
61768 79007 2938
62304 79900 4617
61801 79339 4889
62365 79975 4012
60006 77018 4166
61906 79284 9971
61991 79251 3997
