38421 59760 2569
37513 58419 1842
37989 59243 2838
38569 60345 2972
37657 58691 2772
38157 59476 2735
37499 58233 1891
38743 60607 1789
37205 57882 1789
38596 60249 2883
34782 54020 2698
38422 59749 2819
37721 58717 1790
38114 59301 1998
37616 58500 2722
38624 60240 2873
38540 60133 2861
38392 59742 2836
37344 57818 2886
37205 57537 2866
38166 59329 2986
39033 61142 2852
34617 53731 2751
37343 57972 3077
38188 59420 2848
37864 58969 2688
38659 60400 2651
38167 59386 3024
38442 59808 2831
37860 59041 2951
38320 59689 2986
38224 59442 3059
37736 58663 2988
38407 60123 2966
37569 58091 2785
37852 58923 2813
37936 59121 1979
38194 59528 1940
38147 59494 2853
38029 59163 2833
37454 57881 2741
38219 59362 3088
38563 60046 2778
38673 60257 3078
36994 57348 2960
37219 57847 2746
38408 59963 2762
38128 59420 1985
38804 60808 3062
38023 58974 2815
38135 59388 1992
38468 59918 2820
37876 58987 2766
38159 59391 2925
38083 59270 2748
37212 57771 2753
38630 60147 1887
36379 56482 2929
37550 58521 3139
38164 59273 2838
37934 59414 2892
37447 58019 3108
38100 59138 2891
38298 59808 2932
37965 59044 2920
37845 59046 3025
38434 60004 2974
38371 59728 1876
38204 59247 3020
37479 58167 4558
37902 58979 3176
38327 59732 3306
38814 60560 2955
38588 60155 3156
38556 60356 1887
38243 59574 1845
37044 57370 2523
37501 58344 1920
38197 59596 2669
38023 59142 2714
38012 59267 2872
38110 59355 2858
38662 60081 2825
38518 60017 2990
38209 59779 2779
38111 59336 2837
38436 59885 2577
38056 59158 1933
38615 60405 2953
38134 59398 2844
38324 59714 3487
38342 59731 3259
38766 60436 2901
38501 60107 2890
37890 58954 2708
38330 59620 3123
38408 59988 2930
38485 60071 1690
37947 59326 2559
38162 59358 3271
