46920 65586 2937
47263 66001 3010
47482 66373 2102
47184 65876 5468
47222 66080 2088
47239 65865 2943
47818 66961 4017
47224 65835 2922
47373 66135 2723
47244 65888 2198
47369 66112 2109
47369 66143 2015
47283 66064 2955
47129 65721 4225
47224 66054 2129
47192 65870 2512
47273 65974 2882
47160 65809 3084
47243 65877 2030
47642 66677 2012
47599 66624 3058
47224 65845 3312
47112 65695 3127
47241 66144 3235
47138 65807 3232
47098 65746 3238
47379 66245 3117
47372 66134 3167
47158 66003 3592
47275 65937 2973
47331 66081 2952
47134 65773 2829
47236 65869 3163
47649 66699 2926
46860 65504 3359
47268 65936 3840
47226 66103 2859
47510 66392 2949
47254 65934 3053
47419 66263 3078
47275 65956 2988
47364 66096 2973
47644 66650 2867
47284 65938 3101
47216 65812 3245
47376 66192 3080
47258 65866 3013
47233 65875 2933
47240 65882 3007
47283 66238 2042
47138 65697 3352
47128 65657 3954
47552 66599 1919
47214 65939 2009
47105 65761 1973
47134 65740 2943
47117 65694 3067
47288 66252 2988
47276 65903 3067
47246 65884 2964
47262 65929 3509
47247 66143 3229
47329 66073 3011
47271 65941 2042
47192 65833 2987
47208 65800 2802
46970 65659 1968
47259 65896 3005
47236 65926 6260
47359 66149 3232
47042 65757 1942
47348 66139 2774
46932 65614 1867
47118 65790 3273
47262 66186 2946
47266 65909 2979
47319 66004 2938
47220 65832 3042
47193 65828 2783
47434 66305 3048
46965 65694 3029
47180 65811 3242
47291 65967 2989
47259 65878 4831
47228 65837 2771
47250 65882 3017
47288 65996 2830
47352 66210 2977
47205 65804 2770
47366 66197 3189
47340 66100 1818
47309 65989 2873
47682 66714 2904
47544 66493 5745
47130 65693 3131
47526 66451 2080
47523 66494 2979
47418 66257 2969
47358 66167 2232
46784 65624 1914
