31354 63778 2966
32025 65449 3030
32593 66727 3065
32390 66414 3071
26973 54556 3095
30007 60810 3045
32465 66159 2088
30027 60937 2704
32499 66532 3545
32094 65363 2236
31638 64442 3100
31152 63473 2063
31815 64909 2138
30343 61973 3159
31402 63906 3350
32358 66266 3679
33111 67858 3112
32229 65840 3064
31681 64348 4897
32381 66228 3429
31741 64488 3374
32702 66923 3781
27689 56223 1748
30522 62082 2002
32237 65713 3424
31227 63604 3320
31813 64755 3210
32388 66339 3303
31855 64888 3598
32829 67214 2883
32242 65843 3220
31892 65263 3175
31525 64347 3331
31793 65029 3418
31665 64793 2816
31911 64982 3401
32081 65413 3158
32166 65865 2053
30791 62721 2066
30649 62684 3612
31928 64851 3061
32220 65832 3425
32745 66860 2497
32639 66860 4418
30994 62886 3162
32289 66220 3544
32695 66722 3059
31844 64867 5021
31948 65222 3477
31182 63475 2726
29306 59216 2946
32304 66026 3129
32495 66650 2218
32156 65751 2912
31921 65020 3345
31726 64817 6095
31732 64212 3281
32497 66353 3661
27435 55654 2780
31241 63421 3357
32401 66204 3549
30696 62491 2110
32276 65943 3195
31342 63496 3215
32222 65564 2233
32260 65623 3379
31420 64017 3125
31777 64746 3270
31135 63323 3282
32036 65482 3256
32087 65344 3268
32512 66663 3367
32791 67068 5330
31301 63573 5008
27717 56629 3098
31862 64775 3162
31945 65073 3216
32103 65344 3553
31269 63748 3204
32203 65916 5692
32282 65985 3306
31686 64746 3403
27305 55486 2714
31569 64358 3610
31792 64691 2606
30687 62160 3127
31561 64020 3316
31267 63541 1852
31636 64763 3562
31709 64793 2962
32624 66813 3737
26096 52897 3081
31157 63404 3027
31805 64850 2602
32097 65363 2063
32523 66547 3097
32619 66850 2282
33009 67781 3893
32146 65393 2860
32416 66275 3140
