78926 161410 7574
75252 154178 7165
79446 162411 8346
79634 163288 8126
79536 162563 7565
79070 161788 7109
79273 161922 6520
74353 152213 5042
81057 165650 5613
79595 162922 10709
79565 162478 7072
79169 162003 7307
74299 152035 9386
79540 162789 6496
79353 162274 7650
78973 161377 9007
81551 166789 7266
75234 154208 7622
80527 164634 7290
79304 162146 9820
79638 162775 4793
68913 139572 8157
79080 161894 7910
79049 161901 5620
74772 153072 8966
79368 162289 7473
79218 161792 5368
79448 162549 8415
75090 153892 7646
74564 152698 7888
79662 163056 7389
79317 162136 9598
79351 162228 8833
79047 161572 7855
79329 162239 4426
74491 152463 6948
75021 153665 6815
79628 163186 4797
80671 165113 8915
79234 161917 8076
79624 162787 5415
78396 160021 7583
74927 153572 7283
80780 164902 6689
74298 152045 7391
79732 163163 4911
79915 163366 8611
80936 165493 8832
79588 162743 7353
80280 164037 9870
80933 165227 8201
78901 161388 10716
80489 164262 9555
79808 163284 5013
80492 164329 8862
79645 163061 7401
80086 163705 7996
80867 165780 9889
78679 160756 7634
80542 164381 4516
79507 162593 4758
80504 164665 7244
79118 161716 8218
79492 162745 7387
79041 161755 5036
78751 161039 8853
79250 162010 7032
79706 163055 9163
80453 164184 7660
80008 163373 10803
79680 163224 8203
79581 162870 9674
80809 165010 9065
66512 134765 11067
79165 161835 8720
79196 161993 10675
69071 139963 8289
79453 162535 7872
79422 162571 7216
78748 161035 8078
80668 164798 6977
79010 161431 9156
81320 166576 7066
79543 162725 7592
79169 161848 8180
80450 164214 7307
79588 162759 5065
79170 161911 7247
79307 162430 5772
79470 162551 6533
80748 164761 8742
79449 162533 8976
79648 162798 7132
74140 151766 6654
75058 153813 6612
79698 163037 5057
78692 160985 6898
79501 162639 4769
79280 162116 5861
75145 154089 4489
