41637 63050 3864
41460 62774 3238
41699 63222 3154
41527 62916 3710
41493 62838 2827
41587 62963 1903
41556 62995 6515
41629 63039 2967
41470 62790 5225
41498 62845 3757
41508 62884 2000
41446 62724 3259
41628 63098 3453
41691 63182 2241
41615 63061 2889
41561 62975 3236
41675 63120 5963
41497 62845 2854
41618 63070 2975
41466 62778 3556
41508 62877 1835
41493 62849 2061
41676 63077 2715
41607 63030 2987
41411 62790 3108
41621 63132 2252
41469 62859 2152
41590 62967 2929
41622 63061 3346
41629 63040 3038
41540 62985 3198
41525 62870 2064
41662 63129 3208
41577 62952 3378
41630 63042 2476
41649 63088 3048
41528 62890 3032
41432 62783 3317
41487 62825 2938
41451 62775 2970
41616 63080 2112
41452 62749 3189
41469 62781 3161
41480 62821 2109
41584 62961 1931
41592 62949 3358
41622 63051 2950
41673 63120 3314
41528 62973 3520
41685 63126 1944
41607 63038 1911
41477 62791 2256
41710 63205 2554
41429 62718 3165
41439 62727 2072
41413 62692 3076
41482 62804 1948
41456 62768 2862
41483 62823 3180
41698 63214 2902
41696 63015 2866
41483 62816 8978
41549 62955 2913
41529 62975 2831
41677 63123 2946
41514 62880 2262
41584 62959 2571
41441 62742 2965
41463 62827 3048
41462 62783 3082
41488 62951 3296
41549 62932 2050
41633 63110 3279
41711 63187 3071
41586 62959 2673
41438 62746 3225
41603 63045 3327
41511 62893 3152
41445 62845 3069
41665 63136 3757
41464 62779 2811
41460 62878 2203
41618 63063 3608
41654 63083 3324
41477 62793 4374
41657 63102 3000
41585 62965 2136
41477 62868 3120
41560 63001 3232
41470 62794 1915
41599 63031 2122
41493 62818 2188
41507 62891 3273
41543 62889 3282
41599 62954 3455
41540 62901 2488
41464 62782 1899
41624 63055 3589
41722 63264 3134
41662 63103 2972
