4086 8692 438
3971 8357 407
3984 8508 356
3967 8374 468
3970 8368 456
4026 8487 393
4040 8579 407
4001 8539 403
4071 8618 409
4068 8604 300
3999 8405 420
4013 8550 384
4042 8573 404
4069 8596 284
3948 8306 368
4080 8703 2713
4032 8499 260
4081 8717 315
4065 8607 404
4039 8546 383
4080 8630 429
4033 8641 406
4062 8604 301
3992 8395 419
4075 8630 430
4070 8619 398
4072 8611 371
4011 8495 379
3959 8415 383
4043 8534 339
4074 8625 443
3966 8385 413
4069 8618 1405
4078 8623 379
3967 8454 360
4160 8885 483
4087 8685 273
4073 8621 387
4048 8581 373
4074 8617 404
3972 8375 395
4013 8485 409
4070 8619 414
4008 8475 420
4135 8803 258
3988 8521 290
4097 8774 438
4064 8593 428
4004 8589 413
3939 8360 401
3997 8551 367
4101 8799 252
4072 8607 376
3992 8445 329
4048 8533 409
4069 8626 254
3989 8447 390
4019 8478 400
4067 8599 380
3927 8252 332
4070 8609 395
4077 8622 307
3981 8511 391
4033 8522 406
3940 8309 383
4068 8614 424
3986 8512 301
4077 8621 389
4080 8640 406
4070 8629 398
4054 8560 430
4072 8684 471
4092 8688 367
4076 8655 418
4075 8620 363
3931 8313 373
3958 8414 261
4062 8634 497
4073 8655 445
4010 8446 407
4072 8624 429
3997 8451 412
4076 8607 342
4071 8601 422
3993 8506 374
4071 8606 398
4070 8604 417
4060 8613 416
4000 8487 425
4080 8645 385
4067 8621 390
4008 8544 408
3983 8417 386
4069 8617 383
3966 8387 421
3997 8446 390
4043 8574 402
3979 8491 376
4069 8619 373
4068 8611 414
