29179 37923 2105
28118 36182 1798
28835 37200 2047
28751 37039 2070
28085 36282 1978
28568 36861 1271
28865 37296 1830
29177 37690 2136
28445 36598 1355
28843 37236 1327
29210 37954 2249
28350 36509 2059
28679 37034 1990
28690 37098 1378
29117 37657 2114
27875 35871 6293
27394 35196 1888
28855 37337 2019
28386 36591 1903
28829 37312 2024
28689 37033 5749
29165 37650 2088
28339 36523 2127
28529 36898 2015
28585 36635 3988
28708 37050 2086
29104 37679 1405
28590 36911 1329
28976 37558 1590
28810 37144 1395
28845 37466 2244
28499 36713 2062
29441 38110 2347
29691 38613 2176
28568 36885 2188
29445 38084 1339
28907 37399 1806
28681 36986 1625
28426 36578 2072
29632 38535 2107
26888 34508 1871
28220 36305 1962
28089 36019 1960
26849 34442 1887
28429 36729 1817
28349 36512 1406
28937 37356 1343
28958 37354 1986
28711 37095 1846
29601 38435 2081
28797 37180 5097
27277 35163 1942
28518 36738 2114
28653 37093 3737
28250 36410 1979
28834 37381 2036
28679 37059 2005
28901 37443 1835
28461 36619 1903
28615 37006 1327
27410 35278 1939
28591 37032 1372
27564 35473 1916
28203 36324 1918
28680 36848 1302
29553 38276 1694
28539 36893 4384
29117 37613 2163
28877 37367 1902
28973 37425 2090
28569 36750 1957
28831 37317 2122
28554 36769 2002
28136 36115 1817
28986 37514 1895
28967 37639 1988
28727 37218 2067
28401 36670 1989
28501 36502 2002
28901 37238 1252
27766 35798 1909
28672 37045 1225
28826 37250 1822
28535 36734 1321
28540 36867 2057
29233 37931 1986
29097 37622 1875
28568 36726 1995
28452 36742 1966
28576 36963 1917
28446 36762 1491
28856 37344 2184
28579 36767 1922
29024 37460 1322
28836 37316 1899
28278 36431 2083
29136 37738 2119
28936 37442 2420
28757 37376 2084
28247 36346 1422
