5247 7460 387
5270 7521 323
5265 7509 359
5258 7496 244
5271 7521 363
5241 7445 257
5268 7515 367
5239 7464 374
5252 7466 358
5248 7476 400
5249 7474 391
5249 7486 388
5263 7499 336
5264 7524 359
5266 7511 399
5240 7452 388
5249 7481 301
5266 7497 376
5258 7510 343
5231 7439 238
5200 7465 316
5269 7531 403
5241 7442 525
5261 7509 372
5242 7501 391
5282 7545 376
5244 7452 384
5291 7557 391
5265 7512 376
5258 7507 376
5246 7478 299
5249 7491 343
5255 7475 357
5291 7567 371
5266 7499 409
5293 7563 395
5210 7486 393
5297 7580 416
5225 7400 403
5246 7434 233
5266 7522 321
5245 7448 295
5244 7457 372
5284 7543 348
5246 7449 369
5247 7461 378
5229 7422 401
5268 7502 377
5240 7445 381
5254 7511 336
5247 7440 409
5252 7485 609
5294 7571 435
5251 7473 411
5265 7508 382
5268 7517 390
5297 7564 423
5234 7438 348
5250 7472 385
5250 7483 369
5243 7452 296
5281 7542 393
5252 7459 394
5245 7454 356
5270 7525 258
5248 7461 369
5209 7486 406
5259 7497 392
5216 7468 368
5261 7497 280
5241 7453 343
5149 7391 1284
5249 7467 357
5236 7437 413
5244 7462 286
5260 7543 339
5241 7444 376
5250 7477 387
5274 7543 294
5261 7528 250
5265 7503 303
5238 7446 346
5254 7489 417
5235 7449 343
5250 7502 355
5265 7518 235
5246 7455 374
5285 7564 567
5230 7416 699
5249 7459 398
5258 7475 405
5243 7460 452
5276 7519 383
5247 7471 367
5245 7476 367
5247 7473 376
5282 7529 382
5291 7553 382
5265 7520 232
5294 7573 376
