70023 141733 4403
69838 141421 6267
68884 139341 7132
67994 136889 5176
69096 139363 6516
68890 138960 5262
69142 140246 6626
69092 139619 6481
69408 140217 7792
68395 137701 6033
69606 140738 6725
68113 137492 6302
66174 133351 6073
70043 141850 5588
69757 140890 6726
69304 140017 8771
68679 138568 6897
68058 137049 6296
68271 137987 5843
68280 137804 8837
69428 140182 6599
68767 138996 6663
68821 139283 5667
69246 140008 6976
67808 136641 4196
69797 141258 9171
68970 139196 7519
70026 141205 7112
70184 142092 7525
69761 141526 9365
69729 140697 4763
68504 138377 6868
65355 131525 4505
69855 141562 6933
69290 140297 8320
69323 140361 10984
68929 139259 6434
69077 139597 12909
69434 140249 6663
68219 137561 6583
69127 139577 4203
69621 140902 6193
68779 139342 4613
68795 138878 6882
67864 136697 6948
67886 137040 7376
66982 134939 6460
68365 137979 4659
68559 138054 6450
69016 139684 6717
69673 141128 6466
69125 139499 6995
68155 137640 8132
68930 139118 6785
68913 139650 4445
68911 138874 4334
68296 137906 6467
69901 141605 6929
69309 139756 7285
69588 140777 6701
69477 140455 6516
68947 139204 7043
67526 136426 4899
68522 138058 6263
69435 140545 5851
69629 140276 7233
66873 134714 6624
68502 138298 6312
69233 140042 6970
69776 141162 7002
65343 131308 6450
68984 139327 6885
68076 137169 4618
70751 143688 7103
68788 138698 6404
63043 126898 4531
69452 140400 13482
69744 141220 7385
58638 118026 5950
69137 139727 12407
69513 140780 6630
69720 140964 6518
69270 140252 6617
67769 136549 4311
68846 139001 4140
68168 137326 7229
67929 137059 7312
69712 141217 7198
69502 140641 6943
68371 138197 6536
70101 142083 4695
69163 139791 5724
70995 144032 4668
68631 138465 6980
65678 132410 3924
69763 140800 5960
69679 140752 6882
69369 139933 6156
69768 140940 4682
69017 139676 6359
