42522 60973 5717
42758 61204 3995
42695 61167 2169
42754 61293 2715
42756 61197 2162
42649 61108 2035
42720 61164 3082
42540 60968 3288
42673 61122 3203
42417 60881 3201
42552 61019 3154
42869 61355 2965
42661 61106 3085
42557 60989 4421
42739 61172 7054
42674 61121 1979
42777 61324 2433
42542 61011 3033
42538 60949 2378
42601 61045 2913
42492 60921 2857
42677 61141 2863
42313 60679 3096
42599 61074 3490
42746 61187 2130
42727 61268 2562
42669 61127 2493
42671 61131 2091
42479 60915 3012
42684 61143 3745
42670 61116 3026
42724 61199 2598
42726 61194 3229
42524 60936 3087
42491 60912 3195
42652 61122 3058
42672 61118 3053
42652 61113 5641
42663 61110 2923
42694 61160 2992
42547 60967 2729
42660 61120 1947
42730 61224 2661
42779 61236 4219
42529 60965 4067
42678 61125 3021
42535 60969 3392
42672 61116 2680
42550 60967 2810
42686 61143 2438
42668 61120 2902
42760 61212 3101
42771 61297 2813
42755 61195 2513
42695 61171 3154
42541 60996 3549
42495 60913 5169
42668 61113 3002
42421 60855 2941
42240 60553 3732
42683 61136 2869
42791 61359 3139
42662 61109 3388
42521 60935 10187
42674 61128 2028
42548 60977 2871
42661 61123 3092
42617 61108 2838
42674 61132 2909
42492 60934 2090
42575 61027 2913
42697 61166 3433
42766 61211 3169
42749 61179 3206
42541 60961 4117
42690 61161 3196
42764 61196 2799
42734 61223 2309
42750 61182 2950
42694 61163 2968
42746 61192 2932
42505 60932 3979
42349 60729 5164
42669 61117 2278
42724 61206 6369
42661 61107 3006
42807 61314 3163
42472 60898 5428
42502 60939 3108
42717 61207 3016
42646 61092 2854
42561 60994 3148
42669 61142 2789
42558 61026 1902
42668 61114 1970
42711 61147 1829
42739 61216 2949
42763 61210 2173
42694 61160 1790
42546 60971 2879
