11129 16002 923
11096 15954 752
11129 15957 868
11171 15987 851
11109 15920 801
11167 16022 882
11170 16030 878
11156 16032 798
11165 16019 860
11109 15933 838
11117 15964 868
11087 15919 807
11161 16015 823
11175 16046 819
11142 16031 872
11166 16021 732
11211 16069 872
11126 15981 843
11123 15951 791
11169 16018 817
11167 16024 931
11157 16004 834
11118 15966 810
11111 15966 867
11136 15954 848
11125 15954 889
11103 15930 753
11166 15979 801
11163 16012 810
11146 15972 766
11153 15988 691
11105 15917 785
11166 16022 785
11057 15841 796
11166 16022 658
11166 16069 527
11092 15887 797
11190 16073 813
11130 15980 842
11174 16031 857
11176 15998 810
11154 16005 837
11111 15928 807
11166 16021 795
11167 16022 891
11147 15960 978
11271 16126 785
11181 16057 898
11131 15962 719
11182 16051 807
11140 15955 817
11170 16025 496
11158 16006 735
11163 16038 847
11077 15906 965
11137 15962 3930
11166 15985 526
11130 15954 511
11277 16134 1046
11160 16015 897
11158 16030 916
11185 16046 1169
11165 16021 707
11158 15983 819
11119 15972 811
11168 16019 846
11186 16067 833
11118 15969 751
11143 15969 798
11137 15963 550
11159 16016 754
11157 16022 596
11146 15996 1275
11152 16018 1248
11159 16019 965
11134 15961 863
11089 15928 828
11132 16004 878
11122 15958 547
11173 16042 555
11130 15955 774
11149 15991 863
11138 16009 833
11135 15960 1392
11170 16019 546
11186 16044 796
11126 15978 545
11171 16029 624
11115 15963 849
11157 15992 779
11167 16037 790
11107 15922 752
11103 15913 1024
11139 15921 729
11140 15964 769
11167 16023 1004
11147 16008 827
11129 15999 733
11160 16023 919
11163 16012 765
