60892 92203 2981
61133 92455 3065
61228 92625 5125
61229 92594 4612
60973 92285 5507
61145 92479 4405
60418 91638 6215
61026 92377 5025
61131 92452 4410
60915 92267 5383
60888 92180 4562
61093 92434 5272
60411 91628 3099
60884 92176 5882
60985 92308 4436
61081 92426 4676
60324 91575 2819
60453 91689 5236
61030 92392 5243
60443 91658 3169
60961 92287 3417
60878 92168 2999
61141 92532 4566
59849 90734 4435
60880 92161 3167
61027 92403 4406
61131 92451 3117
60962 92279 3302
60862 92148 2993
60909 92244 3939
61083 92406 4146
60887 92180 4496
60957 92250 4482
60217 91288 3446
60955 92266 3735
60897 92223 4995
60686 91774 4428
60386 91545 4326
61138 92470 4790
60895 92209 4393
60880 92148 5160
60401 91559 3895
59853 90727 9439
60389 91587 7532
60991 92313 3652
60910 92230 4147
61184 92564 4618
60893 92184 2933
61181 92565 4882
60448 91665 4363
61013 92307 4536
60408 91627 6600
60985 92312 5650
60939 92226 7012
61185 92561 3089
60379 91516 3231
61009 92386 5534
60959 92273 4530
60877 92167 4142
60443 91652 4297
60918 92193 4310
61127 92441 8785
60937 92241 4218
61154 92461 6971
61165 92559 4594
61221 92591 6662
59930 90831 4484
60906 92237 4381
60877 92162 4515
60890 92195 5106
60903 92223 6238
60384 91590 9330
61000 92254 4859
60456 91641 3112
60900 92211 4532
60017 90925 5159
60890 92192 4791
61048 92278 6639
60888 92192 3943
60386 91559 5076
60913 92257 8560
60998 92353 4546
61098 92433 4440
60957 92272 3012
61263 92662 7355
61158 92526 3723
60877 92160 5174
60965 92249 4429
60384 91579 9065
60975 92200 4164
60769 91987 4969
60878 92171 10570
60318 91504 4385
60963 92284 4827
60908 92217 3721
60319 91390 4426
60928 92239 4870
60989 92326 4830
60996 92344 3575
61154 92478 4768
