30867 46856 2239
30893 46833 2103
30935 46944 2191
30480 46035 2194
30919 46899 2105
30983 46955 2137
30918 46887 1659
30660 46521 2061
30722 46597 2138
30876 46891 2229
30834 46853 2250
30953 46942 2188
30878 46862 2405
30866 46837 1390
30868 46852 2830
30851 46805 2227
30927 46947 2142
30898 46864 2393
30749 46675 1557
30942 46928 3610
30973 47030 2253
30958 46966 2437
30921 46882 2302
30942 46934 2199
30457 45996 1901
30767 46691 2111
31009 47070 2286
30749 46601 1962
30880 46889 2403
30860 46818 2062
30785 46704 2331
30867 46842 2081
30865 46860 2306
30863 46835 1507
30740 46717 1449
30903 46874 2146
30790 46716 1834
30918 46891 2070
30988 47041 2080
30858 46817 2302
30756 46670 2200
31051 47074 2173
30929 46881 2471
30858 46827 2161
30960 46972 1589
30749 46665 2306
30962 46998 2228
30930 46926 3162
30750 46663 1499
30731 46644 2018
30865 46843 2090
30819 46774 2315
30877 46798 2239
30754 46684 2355
30969 46960 2320
30953 46941 2308
30783 46717 2208
30902 46845 2346
30913 46877 2207
30975 47042 2241
30880 46881 2617
30901 46905 1713
30762 46658 2314
30922 46916 1485
30875 46879 2218
30954 46996 2230
30865 46844 2140
30857 46820 2341
30773 46682 2400
30870 46850 2216
30867 46850 2232
30970 46992 1377
30848 46811 2611
30943 46914 2317
30749 46660 2074
30828 46785 2309
30945 46919 2247
30949 46973 2336
30756 46685 2202
30882 46870 2145
30966 47011 2321
30713 46605 2216
30964 46958 2034
30891 46863 2191
31045 47133 1460
30747 46660 1955
30941 46906 1350
30715 46633 2292
30970 46991 2480
30809 46772 2335
30974 47033 1469
30878 46870 2181
30925 46927 1411
30856 46821 2265
30689 46609 2148
30860 46837 2367
30984 47066 2252
30927 46939 2149
30966 47008 2392
30750 46661 2209
