29971 41341 2292
29943 41197 2705
29704 41064 2165
29777 40983 2102
30310 41902 2506
30048 41655 2205
29883 41228 2404
29837 41125 2317
29835 41184 3322
29458 40636 2194
29417 40512 2053
29563 40814 1583
30074 41623 2267
29602 40857 2132
30226 41717 1763
29877 41182 1473
29838 41196 1382
29613 40754 2347
29848 41072 2490
29318 40393 2133
30370 42046 2159
30160 41763 2320
29602 40650 2237
29640 40824 2045
29237 40168 1564
30061 41592 2306
29912 41459 2248
29871 41241 2202
30294 42058 2218
27881 38489 2888
28333 39114 2094
30035 41400 2188
29969 41253 1333
29638 40795 2152
29865 41231 1514
29808 41209 2244
29900 41322 1697
29759 41090 2341
29962 41381 2949
30075 41538 2152
30220 41774 2180
30128 41814 1863
30449 42230 2243
29043 39954 2141
30152 41831 2212
28100 38617 2166
29626 40817 1533
29899 41144 2079
30604 42367 2419
27966 38458 2209
29714 40963 2321
30009 41382 2496
29728 40953 2033
27596 37882 1266
30629 42360 2247
29940 41412 2119
30535 42384 2191
30219 41665 2112
29960 41307 2092
30234 41642 2090
29991 41404 1999
29859 41151 2327
29694 41011 2232
30261 41894 2184
30113 41649 2020
30372 42092 2259
29777 41093 2314
29626 40759 2158
29968 41353 2272
29873 41312 4309
27921 38546 2198
29143 39991 1439
29841 41213 2366
30304 41838 2177
29961 41541 2229
30190 41705 2143
30281 42022 2203
29581 40901 2454
29741 41050 1966
29865 41179 2312
29981 41454 2514
29767 41016 2500
29654 41027 2225
30434 42177 2201
29928 41267 2333
29347 40306 2446
29527 40697 2312
29462 40554 2152
29956 41335 2458
30014 41490 2259
30076 41523 2246
30505 42345 2096
29406 40334 1882
29939 41431 2076
29900 41365 2183
30272 41903 2066
29657 40988 2135
30223 41865 2370
29874 41271 2264
30312 42077 3803
