56316 87012 3092
56840 87999 4843
57317 88838 4187
57005 88304 4651
56028 86557 4346
57006 88483 3297
56555 87561 6980
56532 87904 4860
56959 88383 4981
55973 86591 4505
57243 89058 3487
56502 87300 2942
56309 87257 4141
57024 88494 4646
56849 88009 4964
57148 88772 5178
56955 88174 4639
56043 86742 2840
57214 88970 4012
56824 87924 4553
56818 88349 4945
56404 87397 4708
55231 85497 4638
56799 88026 8473
56148 86686 7799
56650 87989 2851
56560 87465 4547
55565 85643 4442
57120 88873 4606
56356 87354 3024
56220 86773 3553
56523 87471 4472
57384 89121 4260
57182 88654 4213
56935 88386 4238
56796 88003 4511
57016 88418 3033
56328 87513 12312
56356 87445 3781
56728 87895 4780
56343 87455 4323
56609 87823 4304
56690 88035 4433
56435 87587 4364
56893 88268 2929
56784 88108 4211
57159 88752 3878
56354 87007 4922
57300 89005 4967
56792 87919 4596
56250 87061 2981
56122 86989 4098
57199 88868 5778
56454 87419 4965
57809 89805 4680
55404 85623 3507
56611 87591 4692
56184 87167 4600
51293 79196 4179
56532 87497 3051
56835 88146 4460
56897 88266 3168
56895 88325 5079
56434 87472 5000
56140 86864 4250
56047 86623 4308
56650 87800 4804
56789 87981 4128
56753 87897 13610
56521 87550 4252
56496 87674 5000
56891 87978 4010
57002 88590 4433
56905 88583 4506
55818 86066 5281
57671 89795 6233
56032 86797 4155
56831 87979 2930
56509 87496 3035
56509 87373 4996
56010 86331 3057
55304 85427 3316
56432 87387 3156
56371 87140 3461
57159 88718 4902
56679 87860 3811
56186 87095 3269
56255 87262 5697
56283 86984 6048
56972 88346 5924
57326 89047 3030
55691 86345 3590
56736 87931 4600
56664 87655 2952
56258 86922 4582
57431 89110 5503
56673 87977 4963
54605 84294 4756
57168 88620 3293
57381 89083 4496
