7820 10826 632
8285 11603 636
8614 12048 662
8653 12145 634
8115 11257 414
8862 12461 688
8565 11977 662
8520 11822 728
8601 12024 700
8556 11863 577
8722 12166 592
8356 11663 515
8927 12533 606
8969 12627 480
8627 12056 427
8841 12438 700
8424 11713 662
9052 12783 688
8686 12111 629
8298 11616 707
8791 12334 608
8634 12097 628
8497 11938 721
8544 11973 630
7958 11106 579
8599 12089 674
8655 12011 666
8501 11902 647
8903 12545 469
8777 12243 695
8200 11416 599
8625 12065 641
8652 12137 618
8726 12250 658
8789 12389 621
8740 12262 650
8386 11712 586
8473 11846 666
8896 12514 682
8563 12047 663
8387 11670 642
8925 12508 694
8752 12338 604
8717 12216 566
8618 12129 636
8756 12328 438
8142 11267 579
8906 12509 687
8716 12261 682
8642 12034 677
8506 11872 647
8791 12403 589
8249 11468 575
8783 12322 735
8453 11780 419
8700 12129 685
8858 12517 680
8482 11791 636
8550 11998 574
8746 12304 653
8629 12119 560
8901 12576 424
7990 11149 539
8699 12231 685
8834 12427 655
8127 11347 586
8780 12348 637
8747 12286 637
8537 11916 540
8328 11528 615
8579 12016 641
8711 12141 630
8812 12462 676
8665 12066 577
8955 12701 583
8620 12041 524
8073 11183 624
8711 12228 475
8633 12083 660
8371 11513 653
8801 12357 440
8926 12569 703
8615 12090 660
8678 12182 648
8485 11943 622
8404 11747 623
8629 12072 656
8594 12023 636
8666 12100 673
8955 12556 660
8836 12362 681
8887 12520 639
8839 12486 646
8690 12331 678
8450 11882 418
8826 12413 663
8237 11544 653
7975 11050 585
8720 12249 755
8472 11757 1184
