16870 24513 1038
16766 24336 1253
16775 24379 1053
16778 24350 1084
16871 24512 814
16817 24430 1217
16682 24244 1136
16815 24394 1307
16776 24382 1175
16867 24516 1189
16856 24443 739
16834 24430 1178
16743 24332 1357
16738 24337 854
16863 24484 1272
16786 24410 1176
16772 24352 1086
16811 24428 1330
16853 24458 1216
16818 24498 866
16803 24423 1184
16780 24365 1275
16830 24427 1176
16780 24351 1144
16859 24488 1154
16762 24383 1371
16749 24350 1081
16811 24384 1241
16689 24251 1388
16785 24362 1212
16738 24338 5020
16730 24288 1234
16796 24417 1240
16834 24480 1560
16833 24426 1240
16776 24362 1235
16799 24371 2682
16774 24361 1109
16813 24408 1216
16827 24503 1282
16730 24341 890
16723 24376 1238
16790 24416 1224
16653 24185 1307
16791 24372 1261
16815 24416 1148
16733 24322 1251
16821 24450 1368
16766 24336 1240
16772 24342 1470
16762 24332 1264
16787 24345 1296
16730 24335 1285
16805 24428 1555
16781 24399 1322
16764 24383 1347
16783 24386 1025
16752 24352 1170
16749 24310 1117
16855 24535 1167
16780 24366 1306
16800 24397 1301
16754 24312 809
16777 24361 1085
16751 24312 1277
16810 24409 1256
16800 24420 799
16812 24438 1258
16640 24171 1139
16868 24517 1181
16812 24386 1310
16765 24370 1221
16766 24362 1262
16683 24256 1277
16781 24366 1242
16809 24410 1427
16688 24247 1227
16781 24367 1211
16516 24022 1317
16783 24365 1214
16767 24366 1146
16785 24391 1294
16773 24356 1270
16797 24351 3509
16842 24448 1485
16833 24459 1258
16782 24372 1167
16785 24372 1247
16821 24457 906
16793 24374 1215
16798 24397 1158
16772 24349 1205
16770 24344 1232
16877 24538 5868
16893 24547 1285
16777 24359 1325
16840 24415 1272
16513 23998 1254
16811 24384 1382
16574 24085 1244
