6086 8028 396
5859 7746 391
5925 7898 409
5793 7577 431
5785 7569 399
5953 7902 385
5888 7666 714
5961 7846 416
5890 7710 419
5779 7616 392
5633 7325 384
5661 7399 404
5831 7668 1172
5953 7853 416
5711 7414 286
5638 7393 408
5827 7636 475
5916 7849 413
6007 7845 406
5588 7255 341
5936 7893 467
5925 7876 459
5801 7586 452
5865 7760 416
5944 7864 397
5859 7738 630
5717 7537 392
5825 7587 411
5894 7839 571
6099 8027 377
6100 8079 414
5951 7825 276
5619 7298 401
6144 8068 324
5833 7668 276
6112 8073 301
5657 7425 411
5656 7362 398
5864 7735 349
6097 8013 521
5790 7633 268
6050 7936 312
6020 7942 1043
5894 7743 255
6004 7974 493
5976 7908 278
5921 7817 404
6043 8006 437
6002 7947 410
5955 7850 359
6275 8370 452
5768 7642 372
5866 7675 377
6054 8010 454
5526 7167 388
5878 7841 849
5532 7254 393
5978 7842 477
5883 7747 437
6060 8038 402
5641 7385 386
6125 8106 444
5637 7279 352
5900 7809 406
5761 7529 432
6300 8397 563
5834 7650 375
5939 7804 371
6086 7919 412
5939 7844 377
6062 7994 453
6122 8031 462
5872 7742 425
5704 7436 326
5896 7817 361
5539 7224 359
5627 7334 404
5940 7838 413
5916 7746 394
5991 7947 392
5604 7271 391
5884 7715 449
5917 7797 426
5650 7349 383
5823 7625 400
5835 7618 420
6008 7888 446
5822 7652 415
5959 7915 452
5876 7823 389
5838 7694 444
5968 7930 406
5751 7450 369
5936 7833 487
6074 7964 457
5993 7945 434
6248 8316 264
6022 7940 420
6104 8085 409
5909 7730 403
