50516 104409 5798
48557 99835 4686
49460 102044 8260
51332 105852 5277
51072 105392 4017
51285 105722 7023
49050 100978 5059
49015 100903 4759
49561 102317 4463
50626 104323 4492
41538 85897 3812
51490 106393 4508
51521 106399 4613
48805 100518 4705
50494 104411 4311
40822 84278 3107
51777 107346 4724
51179 105581 4780
50071 103126 5087
51697 106884 3173
51366 106057 4521
51331 105953 5090
50948 104966 3187
51250 105810 4495
51281 105811 4789
51188 105646 4753
49567 102292 4502
50231 103740 4779
51532 106447 4670
50255 103864 4300
51485 106290 4619
48641 100133 2886
51326 106096 4541
49575 102455 4514
51555 106567 4615
50985 105252 4748
50606 104038 4906
49378 101835 3416
51084 105407 3024
50905 104998 3415
49615 102443 2955
49991 103134 4849
50279 103925 4303
50444 104289 4657
51781 107150 4737
51338 106070 4813
48803 100500 2779
50622 104169 2712
51313 105866 4515
50176 103622 3161
51082 105356 3102
51669 106791 4887
51816 107203 4815
51510 106355 5474
51284 105942 5021
50628 104168 5004
50590 104127 5232
51019 105171 4462
50381 104070 4861
51202 105662 4719
49610 102525 4526
51084 105326 3802
50670 104335 5077
50657 104340 4353
51758 107057 5462
51242 105804 2947
50237 103731 2878
51273 105923 4452
48428 99572 4164
51697 106919 4321
49971 103097 4381
51305 105819 3102
50406 104242 4271
51467 106344 4330
51201 105645 4198
51214 105585 3101
50676 104194 4888
51342 106029 2954
49651 102566 4690
50311 103811 4907
50245 103807 4904
51299 105952 4817
51060 105295 4756
51290 105855 4742
48827 100573 4133
50464 104407 8859
50182 103851 10120
50156 103590 4562
51740 107194 4839
50304 103924 7766
51052 105332 3163
49544 102291 3842
51072 105308 4122
50128 103432 5046
51258 105687 4437
51704 106917 3026
48544 99948 4533
50938 104966 4825
50511 104491 4809
48419 99554 4860
