45651 92658 2669
42567 86120 3264
39491 79667 3572
39603 79833 3426
46457 94333 3089
45949 93093 4086
45426 91786 3935
45472 91934 6017
46003 93341 3175
45841 92871 3977
46200 93952 5181
46719 95254 4676
45499 91890 3979
46717 95239 4178
45790 93019 5419
46571 94528 3610
42055 85132 3541
46536 94492 3722
45789 93134 6114
45874 93271 3402
39034 78700 3610
46784 95213 4590
44735 90491 4053
42722 86264 3784
46953 95732 4492
45800 93017 2925
46325 93777 4636
45619 92428 4524
45478 92294 4072
47134 95856 4039
43750 88225 2594
46365 94208 4069
45464 92124 4516
45859 93251 4151
46115 93542 4467
47138 96201 2868
46034 93696 4671
43608 88145 4198
46973 95415 4565
45654 92606 4282
43204 87232 2575
47631 97219 2968
46553 94430 3967
45460 92398 3773
46160 93768 4155
46104 93341 4109
39549 80239 3455
39191 79291 3496
46545 94700 4131
44574 90368 3973
45396 92171 4292
46369 94194 4038
45008 91053 4366
45716 92820 2699
45282 91625 4215
47303 96577 4643
45801 92919 4149
43951 88756 3940
46014 93606 4170
46391 94291 3223
45128 91590 6021
46525 94515 4176
46554 94642 4273
45870 93026 4351
45467 92116 4381
46472 94463 4131
45768 92396 6565
44177 89170 4136
46592 94822 4376
45234 91622 4257
46719 94930 4122
45985 93656 4218
46548 94641 4152
46365 94185 3118
46431 94246 8005
44460 89977 3842
42789 86523 4516
39625 80077 3571
45257 91988 4219
46683 94921 3584
45657 92397 3571
45270 91497 2983
46579 94340 4076
46190 94009 4601
45935 93643 3830
46631 94592 4054
44678 90388 4028
45359 91560 3678
43689 88395 4327
44963 90859 3117
45517 92170 3983
44552 90315 3795
46866 95451 2484
46464 94334 4454
46220 93716 3712
45373 91921 2864
45547 92478 4555
46143 93801 3954
45006 91281 4244
45414 91819 4293
