78237 123027 3680
78024 122993 8910
78321 123113 5378
78271 123343 6070
78319 123135 9692
77945 122895 5596
78463 123352 7683
78222 122956 6292
77994 122984 7891
77705 122305 7809
78369 123223 10194
77855 122719 6813
78000 122625 5915
78418 123451 4082
78340 123135 7322
78023 122672 8356
78276 123404 8722
78349 123176 3597
78328 123179 6018
77939 122848 5067
78177 123295 3707
78094 122763 6957
78380 123309 7843
78255 123325 4534
78475 123389 5007
78443 123347 6477
78480 123355 6411
78362 123187 5950
78431 123319 6785
78201 123241 6441
78355 123231 6289
78377 123220 6415
78165 122934 6627
78051 122891 6767
77349 121805 5763
78364 123192 4103
77965 122529 5470
78420 123302 5661
78331 123495 10627
78376 123277 10316
78377 123313 12323
78178 122951 5569
78198 122883 7528
78411 123376 6587
78205 123211 6090
78380 123303 6436
78257 122959 10474
77712 122406 4202
78369 123247 4792
78325 123158 6366
77931 122738 8713
78312 123423 8294
77897 122587 4868
78175 123172 4027
78351 123237 8465
78338 123223 6695
78364 123133 5708
78194 123257 9665
78143 122762 5654
77857 122330 6727
77989 122538 4439
78224 123241 7990
78087 122818 4146
78207 123245 6195
78200 122875 5718
78224 122977 6514
78200 123005 6215
78076 122984 7360
78083 122714 4098
78376 123197 7176
78088 122742 5894
78281 123013 4462
78306 123452 5758
78296 123039 6130
78346 123206 6265
78364 123166 3972
78112 122748 4373
78165 122874 4835
77943 122937 3704
77832 122632 4192
78215 122989 6188
78424 123298 6165
77527 122004 6028
77975 122921 6617
77820 122529 4104
77582 122187 4437
78331 123180 3961
78224 122949 7514
78735 123919 4040
78130 122874 8022
78240 123312 7361
78268 123120 6111
78408 123354 6089
78244 123323 5965
78173 122848 6195
78355 123203 6250
78147 122912 7943
78452 123363 5844
78130 123186 6350
78177 122925 6459
