72424 94841 3792
72327 94694 5129
72324 94728 5083
72341 94722 4777
71928 94108 6005
72407 94820 6166
72234 94373 4930
72032 94429 3171
72203 94369 4334
72304 94685 11101
71939 94073 4454
72444 94831 6945
72530 94849 7775
72358 94736 4459
72378 94781 5625
72373 94803 2941
72339 94690 4420
72328 94707 3791
71952 94317 2892
72384 94787 3079
72361 94754 4483
71950 94167 4431
72329 94718 4387
72267 94631 4582
72367 94791 4008
72488 94744 4204
72448 94862 4483
71961 94346 3924
72332 94689 5203
72324 94704 4370
71900 94323 4603
72322 94719 4539
72432 94876 4475
72323 94657 4553
72136 94254 4209
72229 94562 4620
71967 94182 4640
72339 94770 4323
72159 94237 4130
71903 94016 4606
72296 94688 5197
72126 94226 5315
72328 94716 4728
71944 94305 5128
72387 94831 2850
72360 94759 6341
72308 94621 4622
72637 95041 3002
72374 94806 5004
72366 94766 4585
71971 94370 4645
72357 94735 2908
72090 94520 2951
72345 94747 6117
72417 94866 5118
72348 94730 4461
72335 94722 5079
71964 94094 4338
72292 94484 2916
72340 94728 5245
72363 94758 5043
72392 94589 3174
71960 94354 2966
72337 94781 2863
72310 94512 3575
72112 94167 3801
72294 94691 3098
72215 94424 4701
72335 94711 4242
72349 94734 3134
71944 94285 3001
71971 94208 4827
72117 94198 2989
71960 94318 4956
72309 94629 4770
72357 94806 4414
72416 94631 4099
72428 94813 4598
72331 94699 4300
72274 94514 4461
72422 94835 4419
72481 94690 4793
72439 94774 3246
72134 94234 4690
72233 94406 4531
72335 94727 3970
72437 94831 2987
72339 94691 2879
72287 94640 3058
72366 94772 5282
71925 94342 5138
72158 94261 4406
72321 94706 4467
72294 94663 4427
71941 94267 4475
72163 94297 4663
72298 94605 4554
72376 94816 4564
72260 94603 4594
72249 94614 4988
