60886 125489 5767
60920 125352 6283
60868 125488 7630
63979 131551 4190
60607 124635 4958
60686 125173 3790
59401 122305 5024
60743 124926 5943
60494 124686 6268
60741 125095 3612
61103 126081 5797
60803 125498 6951
60842 125278 6741
60722 124941 3443
60783 125286 5639
60932 125460 4042
60851 125592 5832
60895 125311 5744
60941 125786 6974
60738 124931 5875
59522 122663 8573
60994 125885 3745
60749 125145 6118
60803 125079 5717
59472 122437 5432
60552 124595 5930
61070 125890 4026
60501 124499 11878
60744 125351 11945
60915 125483 6547
60846 125215 6474
60733 124839 5725
60793 125226 5156
60474 124458 6872
60879 125352 6939
60831 125150 8190
60679 124822 5700
59835 123445 19343
60792 125412 3796
59549 122654 3747
60834 125243 5555
60859 125286 6735
59533 122848 7358
59495 122518 5274
61442 127190 10159
60572 124667 6306
60535 124756 5286
60662 124762 5562
59320 122144 5508
60872 125604 8092
59859 123466 5943
59953 123733 6471
59765 123252 6020
59377 122248 6213
60881 125273 6142
59760 123279 5292
60759 124929 5974
61139 126072 5984
60653 124860 6288
60794 124998 5629
59625 122864 7377
61000 125955 6098
60879 125488 6974
60721 124864 6247
60906 125346 6147
60440 124681 6225
60821 125160 9739
60859 125292 7233
60900 125603 6463
60791 125092 6389
60997 126002 12750
59603 122869 6123
60811 125227 7210
60790 125091 7835
60475 124633 5951
59785 123299 5607
60681 125500 6393
60871 125497 6269
60874 125285 7796
61089 125895 6245
60661 124831 4069
59736 123185 6331
60784 125087 6393
60882 125297 5915
61753 127655 6143
60817 125354 5839
60803 125139 27635
60735 124859 5752
61007 125855 5702
60824 125494 6341
60883 125313 5699
61236 126329 8004
60223 123982 5388
60783 125414 6344
61070 126139 5959
61658 127493 6164
60216 124295 6245
60791 125123 5683
60937 125459 6293
60123 123984 6071
