3391 4877 147
3398 4894 173
3523 5078 266
3404 4900 258
3406 4897 270
3403 4897 252
3414 4932 258
3390 4874 273
3493 5043 214
3403 4902 248
3402 4896 181
3497 5043 256
3396 4884 221
3402 4896 232
3468 5010 300
3472 5027 295
3394 4885 238
3393 4884 256
3472 5031 282
3397 4894 267
3429 4928 268
3400 4885 162
3406 4912 259
3404 4898 223
3398 4896 224
3394 4874 195
3401 4897 257
3400 4896 266
3398 4886 277
3491 5041 173
3406 4901 278
3403 4894 248
3404 4899 248
3383 4860 166
3402 4901 206
3390 4881 265
3412 4920 253
3387 4870 248
3400 4893 249
3395 4888 244
3398 4881 202
3401 4897 241
3470 5015 242
3398 4886 258
3509 5069 185
3490 5041 222
3404 4898 216
3534 5131 270
3493 5029 231
3403 4897 840
3405 4900 206
3398 4890 251
3398 4894 232
3492 5044 165
3497 5034 235
3495 5032 334
3398 4888 171
3377 4857 204
3400 4900 246
3465 5009 259
3424 4919 250
3469 5015 250
3402 4898 182
3423 4969 183
3406 4903 243
3402 4889 249
3403 4899 273
3473 5024 249
3407 4896 263
3409 4901 266
3401 4885 257
3398 4884 298
3469 5017 269
3496 5054 342
3496 5033 271
3406 4901 169
3402 4893 248
3492 5043 577
3413 4929 243
3397 4885 157
3431 4927 255
3422 4919 291
3397 4879 255
3404 4897 274
3497 5031 261
3398 4889 378
3508 5066 253
3399 4885 240
3463 5006 253
3407 4899 214
3472 5015 233
3395 4872 246
3402 4898 547
3398 4891 249
3395 4878 478
3402 4892 219
3391 4873 237
3531 5124 309
3405 4900 244
3410 4908 262
