41067 68657 3459
40739 68096 5922
41010 68519 3068
39923 66925 3091
40726 68055 2687
41018 68549 3189
40810 68217 3346
40667 67989 3239
41015 68518 3922
39895 66847 2826
40591 67815 6986
39572 66229 3176
40664 67973 2059
40856 68232 3371
40667 67980 3490
40694 67998 3050
40720 68049 2932
40685 68048 3265
40683 68030 3247
40833 68168 2311
39590 66285 1865
39929 66932 2039
39908 66917 3352
39576 66269 2885
40812 68400 2079
40017 67081 2408
40725 68035 2968
40930 68378 3544
41011 68545 3382
39471 66112 3394
40710 68021 3411
40782 68166 3073
40764 68170 2550
39670 66454 3033
40705 68025 2600
39873 66880 3000
41096 68828 2003
41209 69057 2624
41034 68593 1951
41056 68673 2959
39867 66801 2110
40656 67930 3425
40923 68408 6482
40725 68039 6281
41074 68647 2111
39955 66986 3315
40694 68003 3671
40832 68225 2232
41027 68568 3158
40728 68062 3123
41106 68784 3183
40703 68017 7942
41037 68618 3442
40666 67896 2908
41056 68592 2937
40675 67960 2791
41032 68580 2226
41075 68624 3459
40783 68155 3110
39946 66942 3074
39976 66908 2908
40798 68181 3206
39798 66732 2061
40777 68179 2592
40673 67981 2026
40730 68046 2191
39871 66811 3108
40698 67994 3397
41056 68601 3207
39980 67094 2799
40701 67997 3061
41023 68563 3366
40753 68133 3651
40709 68032 3495
39917 66927 3125
39966 66895 3125
39930 67039 2147
40778 68160 3285
41070 68701 2009
40789 68163 2107
41046 68626 3498
41070 68709 3435
40992 68498 3505
40842 68193 3315
40738 68105 3609
39488 66086 3156
40981 68470 2189
40698 68001 2042
41065 68642 3112
40702 68056 6175
40690 67996 3721
40580 67859 2013
40747 68122 7182
40706 68024 3265
40670 67899 3311
40771 68161 3424
40669 67923 3123
40749 68108 3007
40996 68498 3710
41016 68537 3058
