13751 21927 1161
13812 22065 1017
13864 22221 1452
13875 22245 1108
13862 22199 748
13858 22173 1109
13869 22246 1162
13787 22003 1067
13874 22220 1135
13359 21285 1057
13933 22356 1032
13810 22131 1144
13861 22179 1031
13863 22203 1169
13909 22300 1171
13362 21325 1166
13355 21300 1063
13736 21919 1070
13349 21289 998
13325 21263 1006
13859 22194 819
13866 22232 710
13724 21930 1063
13791 22106 783
13838 22144 1221
13833 22135 1046
13970 22463 1128
13936 22359 7303
13893 22235 784
13892 22274 1178
13812 22067 1161
13840 22154 1139
13336 21270 1090
13351 21272 1018
13812 22131 1118
13831 22127 1076
13346 21312 1133
13867 22222 1165
13802 22032 1057
14014 22459 1082
13888 22229 1045
13863 22197 1045
13721 21905 1082
13854 22195 790
13848 22140 1151
13878 22231 1074
13805 22044 1091
13623 21775 1276
13745 21927 1021
13764 21976 846
13725 21874 825
13742 21908 810
13332 21278 687
13217 21063 1002
13395 21416 1056
13821 22112 1133
13805 22108 984
13746 21952 1094
13346 21284 998
13760 21966 1100
13730 21924 1071
13611 21756 1080
13858 22205 817
13882 22267 1130
13734 21904 1053
13370 21348 826
13365 21328 990
13876 22250 1246
13730 21954 1120
13781 22000 820
13861 22197 853
13850 22174 857
13348 21275 965
13352 21297 1104
13868 22241 1073
13874 22238 1178
13689 21914 963
13292 21151 982
13349 21281 1166
13826 22116 1176
13855 22146 1099
13366 21336 1089
13325 21252 1091
13379 21346 1150
13900 22290 1185
13783 22029 1002
13867 22160 1120
13896 22255 1188
13815 22159 1139
13284 21197 1117
13744 21937 1138
13870 22252 1097
13817 22102 1089
13349 21262 1086
13735 21896 1102
13310 21288 1065
13907 22300 1212
13874 22244 1157
13795 22030 1176
13858 22237 709
