84734 108536 9975
84393 107934 5031
85134 108929 10073
84642 108266 6463
85658 109782 5415
84852 108929 5982
85422 109309 6139
85725 110121 6207
84222 107633 6178
84862 108649 9305
85094 108923 5703
84779 108532 7136
85519 109754 5210
85401 109463 5367
84581 108446 6012
84883 108571 5794
84448 108119 13411
85332 109201 4246
85214 109166 6888
81385 104215 4977
85197 109338 13950
84698 108573 11127
85913 110149 6314
84777 108502 6594
84997 109033 6999
85077 108611 15785
84289 107813 5840
84537 108208 7687
85117 109044 6064
84899 108572 5699
85242 109532 7484
85231 109294 4626
84172 107694 4458
85571 109703 7532
84254 107886 4553
84414 107988 6007
85665 109794 6226
85355 109605 6149
84575 108450 6783
84767 108484 6259
84789 108489 12448
85642 109704 10706
85428 109261 5205
85366 109639 6134
85895 110067 5727
85441 109209 5313
84557 108157 5332
84686 108449 6486
85354 109336 5890
84032 107621 9819
84654 108355 5850
85458 109518 5992
84506 108220 5742
85563 109864 13077
81074 103856 6259
85594 109739 13161
85273 109241 5943
84808 108405 10635
85151 109110 7281
85240 109393 18424
84544 108389 7807
85982 110263 7930
84841 108708 3624
85270 109366 6109
84529 108206 5799
84343 107843 6030
85023 108961 5421
84639 108093 5663
85212 109079 6360
84888 108893 4188
85648 109902 5136
85071 108748 5438
85334 109417 5842
85129 109184 5688
84528 108178 4427
84522 108086 7435
85640 110027 9418
84681 108416 10401
84469 107823 6092
84941 108789 9071
84382 108081 5786
84348 108010 5835
83980 107278 6286
84382 108170 4073
85278 109283 5729
86146 110423 6793
84721 108284 5773
84496 107775 7008
83951 107389 6411
84627 108247 5987
85184 109321 6267
84597 108066 5362
84635 108357 5519
85543 109744 4008
84780 108653 5448
84397 107892 8319
85031 108809 5423
85609 109855 4248
84469 108180 6042
85499 109596 5979
