68277 140730 7268
69765 144154 4824
69910 144494 6866
68767 142032 6773
68722 141911 7411
68250 140740 4577
68774 142184 9608
70136 144909 6762
69941 144493 6136
66630 137415 8122
68669 141802 6604
69994 144749 7310
68749 141860 15394
69447 143507 6718
68442 141184 6633
68264 140771 6365
69992 144538 6816
68013 140377 6875
70034 144715 6117
68234 140751 4239
68238 140763 5742
69611 143906 6701
69870 144352 7770
70336 145430 8525
70016 144671 7228
67577 139490 5874
69996 144593 5104
70058 144858 6998
68989 142563 4661
68537 141627 7136
68757 141899 4280
68922 142319 7376
68801 142408 4314
69433 143434 6982
66652 137491 9707
68239 140692 8083
68564 141384 6393
68552 141627 7281
66514 137088 6727
66514 137135 6399
70222 145218 7094
68811 142131 6573
66572 137280 6870
68732 141885 6946
68660 141550 6950
70128 144993 6760
68523 141349 6673
69490 143622 5319
68716 141832 4148
69485 143633 6983
69488 143548 6568
68120 140301 7765
69783 144234 7026
69097 142391 6494
68606 141459 7741
69472 143470 4583
68522 141327 6826
68727 141881 6926
69279 143014 6632
68364 140983 9196
70008 144725 7009
68928 142336 7015
68343 140835 6968
68329 140918 4088
68951 142366 7123
68729 141880 4315
68752 141997 6441
68259 140763 6716
68842 142099 6332
68663 141903 6680
69386 143243 6531
68612 141766 8042
66524 137115 6378
70025 144656 7482
68511 141382 6517
68335 140898 6483
68008 140052 6573
68524 141265 5370
68774 141979 6780
68204 140531 3996
68667 141691 8782
68678 141820 11789
69476 143395 5483
66564 137266 6517
68426 141103 6949
68802 141953 6497
69093 142577 6581
68664 141585 6892
68788 142071 5288
68240 140688 9998
68198 140495 6206
68770 141914 6751
69929 144449 6583
68902 142188 6440
69500 143630 6370
68780 141831 4190
68776 141932 6620
69372 143216 7092
66563 137232 9136
68930 142286 8427
