54189 111579 5829
54745 112539 5426
54484 112282 8468
54771 112921 5259
54691 112771 7106
54940 113157 5136
54629 112610 9235
54827 112950 5318
54619 112546 6181
54652 112688 5309
55061 113345 5563
55036 113406 4808
54663 112649 5077
54968 113197 7383
55055 113356 5269
54693 112796 3956
55005 113485 4397
54602 112526 5049
54856 113198 5329
54696 112763 3359
54625 112561 5002
54690 112676 3283
54609 112513 5271
54683 112743 5249
54721 112839 4856
54597 112498 3795
54913 113353 4938
54654 112666 5381
54638 112561 5854
54968 113149 5156
54838 112813 6097
54698 112746 4123
54572 112510 4855
54703 112759 3299
54570 112423 4733
54646 112570 5065
54418 112100 4888
54985 113256 4847
54636 112560 5518
54811 113129 3017
54637 112678 4033
54704 112794 5215
54743 112860 4796
55069 113361 5050
55025 113242 5133
55004 113254 6634
54159 111486 8160
54655 112647 8981
54415 112075 4882
54591 112512 4931
54901 113304 4925
54407 112198 3096
54590 112504 6346
54677 112801 5248
54648 112690 5157
54948 113057 5289
54761 112584 5238
55060 113396 5458
54586 112470 4514
54949 113114 4906
54508 112358 5636
54683 112708 3336
54987 113185 3467
54890 112904 8693
55177 113756 5142
54649 112588 4407
54955 113477 3400
54835 113171 4992
54940 113403 5335
54667 112729 4677
55426 114369 6341
54666 112662 3363
54696 112727 3256
54938 113125 7529
55004 113180 3399
54678 112702 9360
54742 112901 5380
54604 112515 4507
54824 112760 3461
54918 113419 5354
54854 113067 5351
54625 112561 5703
54633 112639 7170
54614 112502 5160
54633 112660 4861
54844 112769 4938
54719 112798 5183
54521 112366 4145
54922 112940 5898
54919 113308 5425
54638 112579 4936
55081 113501 5309
54621 112573 5455
54657 112674 5191
55546 114667 5474
54645 112628 5217
54605 112535 5473
54847 112798 4101
54646 112631 4885
54942 113128 3773
