55584 71534 3748
55906 72035 2472
54484 70159 3489
55601 71545 4056
55754 71869 3717
55452 71487 3625
55874 72019 2443
55671 71415 4169
55140 70662 4140
55373 71087 3848
55982 72305 2525
55273 71075 3603
54593 70061 4050
54924 70658 3735
55872 72009 5222
55545 71579 3565
55783 71553 3755
55240 70938 3927
55990 72017 3874
56096 72131 3781
54949 70410 3549
55212 70927 3912
55768 71754 3073
55817 71849 3706
55232 71033 5211
52804 67727 3394
55654 72003 3779
55424 71179 3227
56067 71774 2536
56106 72411 2262
55099 70578 4548
55335 71004 3585
54604 69902 3797
54974 70393 3574
55322 71242 3586
55891 71845 3454
55429 71246 5717
55500 71201 2352
55367 70998 6166
54449 69616 3302
52566 67383 3599
55923 71854 2545
52198 67066 2877
55671 71688 7005
54069 69415 3658
55528 71284 3678
55170 70902 3599
55503 71224 4269
55810 71630 2545
56081 72306 3654
55850 72188 2596
55872 71974 3417
54822 70335 3245
55053 70563 3361
55269 71164 7311
55546 71078 5071
54581 69659 4023
55741 71599 2425
55369 71192 3964
54237 69499 3504
55603 71436 2790
56800 73181 3973
55324 70928 3615
56039 72126 3995
55273 70839 2596
55008 70801 2414
55311 70913 3231
55810 71713 2755
55662 71828 3953
55879 72098 6244
55175 70621 3546
55282 71001 3116
51912 66421 3776
55069 70549 3625
56025 71998 3440
55163 70680 3301
56154 72355 2819
54763 69673 2608
55350 71117 2510
56248 72613 2661
55747 71811 3669
55348 71189 4044
55751 71470 7795
52020 66313 2928
55822 71916 3754
55913 72083 3589
54847 70268 2443
55631 71651 2527
55638 71431 3558
55627 71382 4338
55935 71909 4866
55899 71901 3470
55084 70558 3722
55801 71868 3664
55174 70903 3581
55223 70981 2564
55711 71456 3608
54665 69888 3527
52928 67868 6756
55394 70969 3667
