37390 48847 2345
37413 48924 2190
37562 49147 2475
37381 48865 2318
37486 48944 2732
37506 49026 2703
37422 48935 2530
37381 48855 3191
37462 48957 1681
37472 48972 1831
37442 48878 1638
37507 48972 2446
37410 48906 2517
37410 48906 2406
37483 48921 2612
37398 48873 2411
37514 49020 7270
37387 48887 2473
37413 48906 2454
37454 48971 2560
37422 48911 1540
37411 48887 2313
37418 48913 2527
37252 48760 4984
37455 48975 2210
37384 48874 2296
37274 48718 2445
37419 48941 2033
37401 48870 2575
37562 49204 2496
37501 49000 2331
37553 49173 2746
37577 49349 1651
37350 48968 2371
37533 49134 2442
37422 48950 1571
37411 48882 1795
37465 48955 2272
37407 48872 1476
37433 48897 4047
37405 48892 2724
37453 48950 2053
37418 48914 2207
37405 48897 1506
37348 48941 2547
37465 48965 2847
37418 48905 2305
37420 48938 2468
37450 48981 1639
37407 48867 2359
37443 49076 2676
37474 48970 2728
37421 48945 3024
37389 48837 2406
37391 48892 1492
37434 48907 1633
37393 48856 1548
37397 48882 2542
37408 48871 2398
37667 49328 2273
37504 48995 1574
37398 48906 1783
37593 49199 2367
37396 48880 2409
37398 48877 1706
37613 49238 3860
37584 49218 2406
37439 48937 2671
37400 48886 2387
37413 48918 1860
37707 49403 4708
37477 49113 2403
37403 48891 2570
37385 48883 1659
37513 49006 2328
37405 48909 4041
37403 48926 2367
37401 48884 2763
37394 48869 1941
37534 49179 2381
37581 49190 2392
37241 48697 2293
37417 48930 1856
37413 48906 2571
37629 49148 2315
37442 48932 2862
37702 49348 2431
37556 49236 2502
37778 49431 3016
37398 48874 2341
37513 49023 2324
37230 48653 2395
37508 49001 2160
37402 48929 2577
37371 48841 1967
37526 49174 2699
37388 48893 2535
37502 49157 2462
37409 48868 2544
37412 48926 2356
