67615 88318 5577
67493 88276 3923
66599 87457 4436
67623 88304 4481
67590 88307 4046
67372 87996 4373
67771 88549 3548
67340 87970 3764
67738 88680 2805
67433 88163 2718
67114 87984 2678
66886 87566 4085
67454 88175 5097
67607 88237 4158
67467 88239 3995
67441 88120 2718
67591 88245 4198
67384 88042 3415
67452 88139 2739
67097 87865 2800
67320 87897 2948
67619 88367 4001
67492 88212 4248
67094 87910 4096
67443 88129 4314
67479 88226 4856
67474 88241 4512
67328 87955 4261
67668 88355 3882
67621 88489 4103
67438 88178 6390
67383 88167 4122
67479 88178 3863
67508 88267 4183
66924 87592 3791
67456 88178 4040
67446 88127 2972
67680 88570 2727
67489 88215 6721
67595 88288 5750
67598 88216 4106
67470 88191 4340
67388 88015 6011
67480 88204 4106
67480 88242 2815
67618 88414 3957
67698 88613 4030
67597 88295 4076
67656 88540 4167
67323 87947 4061
67532 88071 10145
67641 88375 5097
67351 87961 4215
67332 87959 4252
66168 86782 8483
67096 87911 4143
67484 88236 4319
67058 87794 4189
67429 88121 3323
66979 87638 6057
67718 88606 5102
67465 88229 3731
67480 88212 3880
67444 88103 4095
67286 87989 10211
67211 88116 7017
67330 87935 2728
67455 88199 2778
66274 86959 2830
67652 88309 4119
67840 88634 2481
67038 87749 4440
67038 87792 3177
67447 88157 4359
67488 88238 3989
67422 88119 2835
67645 88524 9617
67481 88214 4144
67066 87800 4893
67318 87921 3904
67623 88258 4555
67712 88616 4345
67469 88109 4376
67019 87740 2583
67440 87912 3182
67740 88468 2818
67312 88121 3958
67422 88138 4214
66264 86898 6724
67475 88162 4401
67492 88238 7643
67061 87769 4290
67506 88234 4541
67385 88041 3963
67291 87913 4094
67457 88199 4310
67411 88073 3937
67475 88152 4118
67475 88202 2694
67606 88286 2651
