78607 107716 5715
78503 107660 5938
78266 107240 6814
79476 109379 6331
78482 107627 6006
79406 109241 4078
79249 108668 5685
78610 107927 7373
79568 109610 6366
78743 107941 5764
77374 105824 5703
78756 108128 5943
78096 107201 6853
77853 106680 5119
79269 109025 5843
79138 108855 5663
79296 108719 5737
78720 107944 5012
78775 108077 6065
77753 106533 4248
79518 109181 5722
78879 108232 5473
78468 107559 4181
79089 108587 7547
79068 108507 5478
78323 107488 5717
78733 107827 5820
78120 106901 8805
78210 107313 5192
79069 108606 5058
77647 106194 5749
78128 107102 5405
79482 109275 5828
79126 108409 5764
77739 106728 15320
79291 108838 7637
79490 109501 5775
79215 108465 11732
78129 106740 5634
78941 108326 6433
78406 107353 6054
78662 108103 7330
78406 107204 5895
78814 108096 19373
77840 106817 7737
79538 109343 10231
78190 106907 5887
79038 108579 5652
78705 107907 7561
78194 107329 5340
78483 107361 6685
78951 108517 5573
78023 106837 5890
79018 108384 9131
79969 109913 5880
79193 108760 5684
78331 107310 4403
78706 107747 7073
78899 108112 5782
78886 108403 7305
79282 108844 4920
78678 107951 5433
78047 106849 5047
79782 109681 5840
77972 106784 5456
79392 109341 4291
78406 107740 4425
77963 106638 6161
78894 108362 5843
78520 107620 7068
79123 108660 6471
79514 109063 4984
74482 102191 5343
78891 108154 6764
79406 109013 5776
79150 108682 5864
79385 108922 5715
77681 106212 5527
78446 107574 5492
79092 108588 6401
78354 107480 5569
78526 107941 11963
79545 109388 5953
78589 107625 5287
78490 107333 7085
78612 107878 12048
78632 107948 4921
77903 106601 6490
79323 108950 5450
78639 107904 3618
78768 107801 4396
79491 109069 3702
78373 107544 6226
78932 108387 5441
77861 106353 6078
79034 108471 5769
78179 107042 5886
79218 108314 4952
79112 108341 5752
78835 108228 6452
