24820 50497 2038
25061 51383 1713
25968 53365 2522
24215 49439 2365
25540 52464 2614
24740 50555 1775
24197 49426 2152
25582 52387 2025
26119 53595 2256
25679 52531 2492
25118 51509 2410
21988 44976 2177
25258 51751 2658
25103 51150 2453
25457 52351 2476
25667 52566 3787
25024 51313 3507
26308 54241 10003
25915 53163 2608
23900 48712 2477
24759 50633 1563
26298 54159 2710
25095 51368 2821
25577 52572 7254
25282 51723 2441
24922 50952 2796
24847 50840 3280
25798 52800 4912
24943 50906 2645
25301 51967 2580
24581 50128 2334
20332 41255 1934
25724 52535 2493
24846 50767 1714
24290 49545 2413
25647 52576 2378
25629 52626 2817
25596 52624 1915
25227 51415 2938
25749 52942 2753
25436 52137 2149
24947 50800 1615
24572 50170 2449
25967 53468 2565
25341 52007 2195
24220 49624 1587
25649 52674 4683
21455 43593 2107
25270 51910 2649
25267 51710 2397
24192 49590 2463
25182 51717 2680
21940 44783 2138
25827 53228 2681
25266 51690 2656
26168 53750 5297
25133 51398 2542
25226 51446 2143
24407 49987 2027
25154 51576 2420
25877 53409 5308
24683 50406 2396
25032 51159 2295
24915 50958 1728
25846 53139 1977
25797 53016 1666
25279 51593 2869
24083 49080 5335
25800 52969 2726
26060 53588 1741
25412 52043 2802
25746 52941 2471
24753 50664 4670
25683 52646 2545
25972 53293 2674
25208 51609 2368
24755 50608 2272
25369 51979 1613
25381 51948 5514
24886 50617 2476
25424 52059 2440
25339 51490 2577
24055 48962 2601
25180 51420 1721
25366 52206 2615
25322 51747 2493
24139 49054 2198
25364 51953 2398
24365 49802 4934
24982 51380 2481
25720 52727 2660
24999 51042 2699
25101 51241 2707
25435 52381 2531
24552 50049 4857
25566 52431 3862
25815 52863 2675
24746 50262 2605
25574 52447 2326
25627 52666 4676
