41786 85334 3514
41840 85440 2685
42179 86329 3809
42017 85999 3778
41857 85578 3372
41826 85407 3158
41832 85365 3488
41747 85472 3877
42290 86731 3722
38701 78361 3143
41993 85845 2341
41680 84719 3714
42034 86059 3553
41930 85403 2338
42072 86155 3583
41947 85805 3781
41803 85550 3600
41562 84999 3910
42090 86068 2456
41987 85879 3658
41709 85091 3615
41482 84194 3721
42047 85973 3778
42093 86105 3701
41993 85491 3363
39968 81010 2538
41837 85424 3683
42000 85886 3577
41985 85847 3671
41899 85608 6440
41891 85703 3921
38559 78089 3252
41913 85647 5508
41925 85708 3921
38601 78214 3626
41965 85807 3873
38680 78571 3534
41839 85157 3565
42238 86421 3799
42032 85995 3575
41901 85893 3872
41987 85911 3724
38920 79371 3448
41957 85775 3745
41789 85276 3598
41774 84934 3661
42031 85975 3619
41544 84367 2331
41958 85775 3435
41906 85668 4245
42013 85962 3560
41992 85918 3571
41774 85524 2419
41869 85156 3274
41773 85216 3734
38671 78245 4605
38724 78433 3172
38720 78541 3740
41845 85409 2422
41809 85418 2973
42231 86563 3841
42076 86024 3757
41817 85455 3451
41806 85353 3872
41891 85561 4019
41949 85771 3830
41865 85730 3912
41959 85817 4309
41447 84126 2687
41314 83826 3696
41805 85370 5465
42091 86127 6728
38858 79180 3407
42216 86525 3485
41971 85838 2303
41549 85021 2411
41924 85674 3625
42007 85508 3690
38329 77569 3491
41842 85538 3668
41836 85405 6553
42171 86316 4051
41907 85608 3788
41848 85446 2875
41927 85700 2328
41781 85234 3564
42120 86196 2331
41972 85863 3679
38734 78696 3625
41451 84177 3193
41884 85232 3278
41895 85602 3424
42484 86652 3789
41926 85696 2490
41888 85829 2277
41686 84710 3794
41385 84336 3390
42101 86137 3849
41896 85609 4210
41671 84762 3604
