36995 48329 5871
37171 48547 1700
36990 48313 1781
37159 48526 6193
36836 48149 2276
36958 48264 1978
36996 48326 2319
36966 48305 2329
36980 48279 2569
37036 48386 2528
36930 48270 2720
37003 48354 2470
37038 48465 2325
37147 48523 2730
36919 48243 1696
36990 48299 2401
36832 48126 2302
36762 48129 2355
36778 48184 1643
36997 48340 2548
36799 48042 1635
36979 48375 2626
36994 48352 2364
36787 48229 1523
37024 48393 3816
36952 48310 4582
37052 48431 1765
37012 48354 2321
36995 48347 1893
36965 48277 2197
37017 48370 1518
36994 48308 2293
37017 48358 2264
36799 48188 2447
36948 48240 2538
36982 48307 2313
37064 48520 5163
37120 48458 2140
37040 48414 2395
36988 48377 1555
36997 48318 2297
36715 48145 2214
36988 48332 2312
36987 48275 2314
37000 48326 2443
37004 48331 2494
36980 48356 1657
37014 48350 2220
37205 48579 2223
37163 48562 1822
37012 48364 2393
36936 48322 2506
37014 48351 2623
37194 48547 1733
36782 48089 2333
36948 48276 3701
36975 48291 1454
36987 48394 1631
36765 48097 1990
36989 48327 1808
37155 48637 1697
36905 48226 2634
36978 48339 2268
36996 48321 2615
36792 48151 2823
37002 48376 2282
37244 48658 2124
36993 48321 2429
37017 48348 2303
36836 48309 2506
36783 48115 2390
36779 48242 2335
37160 48507 2317
36971 48301 2335
36980 48299 2378
37123 48520 1776
36755 48079 2127
36999 48377 2290
36980 48321 2367
37055 48437 2302
37021 48330 1666
36687 48041 2424
37025 48411 2395
37004 48319 2676
37024 48362 2510
36980 48317 2616
37129 48494 4799
36797 48235 2370
37015 48340 2592
37000 48340 1576
37018 48389 2485
37195 48560 2580
36979 48346 2579
36561 47970 2427
36806 48172 2360
36978 48300 2663
37004 48343 2404
36792 48146 2346
37043 48420 2370
37001 48339 1560
