81844 112106 3732
81776 111937 4122
82511 113133 4139
80992 110725 5278
81995 112403 6362
81961 112305 10501
81588 111669 8445
82491 113360 6232
82115 112603 6423
81394 111634 6074
82609 113481 6386
82387 112639 6560
81990 112326 5817
81453 111330 5922
81571 111883 6413
80886 110911 6113
82699 113649 6157
82174 112289 5143
81887 112346 6345
81616 111807 6175
81997 112356 5519
81550 111578 5911
82320 112947 6518
82729 113651 6257
82497 113030 6228
82416 113178 8847
81718 112120 6678
81164 110980 4710
82536 113327 4035
81640 111910 3937
82979 114072 6198
76738 104988 5426
82863 113909 4949
82248 112845 6001
82013 112718 7388
82204 113255 5398
82885 113806 3983
82720 113828 5354
82032 112645 6002
82211 112969 7767
83131 113989 8223
81564 112102 5889
81807 112274 4375
82950 113917 7443
81866 112263 6046
81469 111665 6236
82783 113732 5625
76187 104236 6036
80997 110813 9019
82255 113234 4795
81663 111698 5888
81449 111747 3919
82271 112872 5953
81364 111294 6538
82493 113096 6137
81596 111438 5844
82537 113201 4441
81495 111581 5009
82781 113738 6934
82845 113822 4232
82893 113911 4338
81918 112486 3949
81563 111763 5807
82042 112665 5706
82248 112852 4022
83584 115117 4384
81690 111896 6098
82607 113590 5659
82021 112240 6619
80901 110578 5955
81998 112658 6043
83016 114271 6189
79969 109335 5335
82188 112634 3815
75558 102898 6723
82070 112499 6116
80654 110281 3939
82207 112880 5882
81828 112267 4172
81722 112154 4393
83311 114713 5878
81352 111195 4663
83157 114235 5809
80530 110711 6620
81663 111758 6277
82064 112454 3670
81291 111701 5668
77846 106761 5562
82444 113188 8407
82703 113439 6154
82264 112729 4462
82367 113309 5542
83101 114110 5550
82625 113486 6050
81772 112256 5545
82076 112605 4263
82561 113513 4142
82348 113337 6566
82017 112373 6495
81620 111663 5597
