50638 102894 3232
48613 98370 7461
49989 101618 4602
50444 102705 5000
47283 95510 4392
49968 101541 5037
49275 99639 4333
50186 101366 3184
50277 101884 5816
50300 101867 3056
49454 100598 3004
47470 95804 2922
50422 102403 5874
47895 96812 7447
50476 102615 7838
49802 101030 3433
50897 103701 3314
50390 102115 5131
50564 102902 3357
48938 99089 2862
50355 102078 4172
49621 100611 4354
49742 100486 2973
50704 103267 3054
49872 101210 4384
50596 103014 5125
48022 97174 4362
50688 102992 4290
50533 102909 6315
50233 102283 3510
49381 99971 4496
49763 100722 4456
48799 98491 6571
49995 101160 3047
50032 101202 4525
49561 100355 8656
50054 101393 4278
50675 102849 4439
42836 86791 4148
49782 100838 4561
50407 102266 4264
51033 103611 5111
49067 99252 4588
49886 100870 3185
49725 100921 4617
50488 102681 4735
43143 87293 2986
49634 100399 4575
49382 99815 3518
50621 102885 3836
49863 101183 3625
50953 103578 4953
48909 99019 7674
49816 100813 4521
49825 101023 2923
49773 100880 2961
50069 101477 2845
48019 97073 5655
50368 102177 4374
50546 102713 3340
50321 102235 3176
51270 104506 6372
50040 101297 4710
50342 102230 3980
50331 102478 8458
49849 101045 4950
50074 101533 8192
50140 101520 5080
50302 102155 5035
49426 100419 4882
46961 94901 4515
47313 95520 4598
49888 100981 4742
47754 96714 4654
49043 99157 3313
49353 100339 5181
49281 99813 3051
50092 101402 4535
49345 100120 8665
49487 99950 4574
49143 99726 4661
49168 99863 6693
49407 100175 4388
49835 101102 3268
51003 104004 3113
49558 100468 3317
50755 103435 5685
50271 102226 4729
50329 102320 3831
41322 83236 2881
49993 101586 5235
49694 100906 3208
49001 99066 4951
48912 98718 4573
49193 99277 4907
50137 101518 5026
50097 101609 3718
50545 102689 5136
50556 102461 4991
49565 100366 6726
