6017 7960 396
6057 8081 438
6062 7997 391
5989 7922 411
5967 7906 355
5984 7919 250
5920 7819 400
6032 7981 354
5937 7836 389
6009 7963 371
6002 7948 349
6058 8078 368
6061 7990 425
5953 7877 338
6089 8059 2170
6024 7957 427
5931 7825 359
5944 7862 407
6060 8089 409
6049 8093 386
5989 7925 342
5991 7927 383
5957 7863 427
6054 8082 357
6076 8039 401
5967 7876 379
6055 8078 387
5980 7896 339
5936 7837 332
6014 7932 412
5971 7904 362
6107 8111 360
5987 7911 372
5995 7928 255
5989 7910 361
6053 8089 440
5991 7921 467
6028 7966 377
6103 8083 421
6002 7909 296
6073 8107 299
5986 7916 322
6013 7924 458
5981 7918 367
5984 7922 407
5983 7908 292
6006 7963 279
6029 7989 349
5980 7895 427
5985 7924 354
5987 7912 268
5989 7900 448
6012 7936 400
6015 7968 398
5944 7876 1793
6081 8039 426
5992 7937 412
6019 7942 432
6062 8108 438
5965 7866 405
5967 7889 384
6069 8126 395
6016 7950 423
6044 8106 357
6081 8038 386
6086 8047 265
6035 7972 271
5978 7905 384
5991 7920 378
6001 7933 379
6009 7934 867
5982 7911 325
5986 7917 529
5990 7925 326
5974 7893 363
6015 8016 290
5990 7929 327
6070 8121 389
5992 7929 313
5932 7837 385
5989 7935 437
6062 8106 478
5987 7913 397
5983 7906 850
5959 7869 257
6023 7940 282
5994 7925 453
6053 8066 428
5984 7935 250
5985 7918 360
6096 8072 405
5983 7910 355
5958 7897 418
6025 7957 405
6002 7920 409
5985 7905 458
5976 7914 401
5966 7881 384
6061 7997 1460
6058 8096 421
