57928 116161 5207
61337 124178 7560
61219 123617 5749
58570 118423 5427
59896 120660 8163
62428 126612 7342
60783 122504 5932
62023 125319 5910
61626 124266 6043
53034 106819 3125
61033 122990 3832
61983 125723 8872
52261 105135 5399
61271 123362 5972
59610 120514 5930
61965 125320 6904
61273 123963 7673
61940 125233 5585
61962 125455 6423
61106 123176 4882
60804 122810 5443
62516 126916 6110
61169 123114 3795
60782 122695 9972
61765 125196 5132
62116 125882 5571
62659 127173 4335
61437 124378 5777
61695 124732 5332
61234 123534 4219
62006 125683 5882
61264 123565 6286
61648 124701 8656
62544 126395 8915
61997 125672 5967
61374 123615 8400
59142 119606 3708
61385 124249 5841
60946 123057 6107
62011 125948 6079
60676 122312 8685
61717 125084 9507
62500 126815 7038
59032 118950 7357
61063 123451 5827
61574 124734 6109
61450 124321 5421
61787 125050 6986
61368 124032 3785
61792 125263 3966
60798 123275 5384
62735 127273 5720
61869 125488 3599
61149 123585 4416
60620 122607 6195
60444 121983 6114
62025 125703 6805
61152 123661 4007
61386 124105 6096
51743 103780 4807
52283 105579 4722
61315 123815 3541
60560 122486 3587
62274 125823 3911
60590 122323 4661
59023 119246 5176
62216 126070 4115
61120 123413 6689
62550 127026 6161
59656 120386 6619
62472 126752 6200
61395 124321 5541
61401 123820 5569
60448 122096 5234
61475 124463 5879
61657 124425 8088
61125 123426 5530
61658 124987 3932
60991 123230 9710
60790 122971 7929
61844 125366 7300
62647 126709 5888
60907 123201 5643
61632 124912 6049
60877 122776 6386
62154 126134 7437
60846 122692 7353
61662 125052 7872
61623 124526 9594
60732 123039 4040
61555 124106 11502
59874 120966 6317
59439 119904 6087
62423 126722 6224
61440 124274 6080
61324 124340 9111
61841 124845 9158
61236 124047 6226
61005 123422 10389
52877 106502 7509
