30256 39644 1872
30061 39540 1988
30097 39493 1833
30115 39525 2056
30096 39484 1405
30361 39856 5980
29702 39063 2441
29547 39015 1267
30393 39970 1560
30147 39600 1339
30188 39552 1343
29936 39294 1712
30247 39640 1883
30148 39583 3040
30071 39463 1365
30111 39575 1756
30261 39670 1916
30030 39436 2443
30040 39487 1208
30091 39471 1375
30159 39577 1340
30119 39527 1869
30135 39671 1814
29772 39195 4000
30183 39674 1983
29700 39083 1861
30150 39536 1771
30081 39446 1232
29890 39326 3297
30225 39721 1908
30073 39446 1867
30083 39498 1982
29697 39069 1236
30089 39505 2039
30123 39600 2058
30129 39526 2028
30029 39440 1893
30185 39694 2309
30076 39510 2071
30032 39462 4196
29934 39362 1388
30258 39668 3359
30116 39499 1891
30095 39536 1852
30126 39525 1889
30090 39500 1286
30082 39516 2194
30090 39472 1312
30124 39561 1790
29999 39410 1728
30105 39525 1839
29873 39291 1737
30102 39529 3123
30068 39408 1516
30114 39514 1921
29696 39099 1748
30116 39544 1946
29756 39198 1856
30203 39699 2100
30117 39563 2004
30109 39563 1981
30260 39701 1958
30101 39500 1978
29691 39087 2027
30190 39594 4369
30099 39508 1691
30093 39515 1953
30074 39476 3060
30134 39570 2113
30077 39469 1898
30094 39555 2086
29733 39092 1864
29745 39140 1933
29714 39130 1207
30176 39617 1860
30081 39461 1231
30177 39685 4203
30140 39577 1980
30032 39457 1949
30027 39420 1813
30095 39486 2005
29719 39077 1903
30189 39562 1899
30136 39558 1988
30083 39516 2271
29712 39100 1906
30092 39570 1618
30098 39458 3424
30109 39559 1960
30253 39628 2066
30072 39472 2057
30270 39667 2007
30328 39793 2109
30081 39502 1929
30142 39606 1924
30102 39505 1971
30094 39492 1784
30170 39617 1754
30256 39680 1859
29150 38251 1889
