23177 34917 1118
22849 34592 1891
23217 35040 1232
23250 35090 1679
23137 34953 1178
23113 34942 1636
23144 34949 1994
23043 34844 1685
23108 34937 1722
22868 34622 1763
22838 34559 1644
23139 34955 1700
23208 35021 1784
22935 34681 1936
23119 34925 1761
23126 34926 1955
23087 34879 1680
23189 34998 1766
23117 34848 1152
22861 34589 1610
23144 34982 1644
23118 34888 1381
22915 34755 1080
23141 34966 1764
22866 34601 1783
23191 34999 1759
23115 34915 1812
23198 34999 1592
22841 34557 1581
23142 34948 1191
23132 34942 1463
22981 34741 1107
23149 34979 1773
22897 34682 1776
23132 34935 1928
23202 35035 1119
23140 34946 1174
23129 34928 1766
23140 34993 1697
23139 34963 1602
23135 34941 1707
23131 34936 1855
23159 34992 1768
23113 34908 1259
23204 35025 1459
22862 34597 1681
23144 34953 1779
23127 34937 1724
22875 34648 1709
23209 35038 1147
22874 34645 1689
23151 34981 1550
23214 35045 1965
23122 34917 1524
23146 34970 1648
23120 34927 1130
23130 34931 1909
23162 35016 1775
23209 35038 1688
22859 34588 1774
23112 34906 1762
23134 34941 1703
23146 34976 1921
23200 35017 1798
22854 34597 1542
23115 34906 1624
23134 34940 1739
23157 34981 1171
23140 34958 1798
22921 34742 1731
23137 34943 1950
23197 34969 1610
23011 34799 1728
23240 35085 1922
23149 34981 1881
23147 34963 1624
23121 34918 1660
23142 34963 1153
23106 34853 1950
22857 34590 1579
23112 34865 1825
23130 34942 1778
23133 34939 1848
23224 35075 1868
23131 34939 1828
23194 35029 1791
23146 34838 1845
23124 34923 1738
23147 34960 1634
23133 34939 1927
23128 34926 1800
23162 34990 1794
23120 34915 1668
23133 34949 2968
23141 34946 1591
22855 34599 3546
23102 34844 1703
23130 34928 1225
23146 34993 1710
23253 35095 1616
