61865 103123 5175
62085 103252 5360
62053 103123 8002
61326 102145 10766
62222 103432 5432
62225 103476 5168
61908 102906 5208
61260 102021 5216
61983 103052 5209
62047 103170 4600
62123 103497 5038
61729 102808 4992
62226 103579 3169
61937 102995 5036
61975 103062 3382
61912 103009 5164
62229 103501 5027
62204 103458 8935
61871 102878 5068
61910 102976 5168
61352 102237 5108
62041 103157 5096
62325 103625 4931
61921 102930 5930
62273 103570 4850
61976 102963 4997
61208 101902 4356
62088 103382 3953
62189 103404 5570
61716 102519 3275
62324 103711 5001
61604 102537 5234
62061 103340 4850
62100 103452 5094
61237 101980 3509
62055 103125 4639
61741 102612 10325
61784 102669 3405
61831 102831 2996
61887 102879 5956
61951 103274 4622
62074 103281 8443
62052 103331 5101
62076 103380 4745
62224 103489 4742
61932 102930 7272
62273 103542 3333
61559 102274 5707
61905 103108 5938
62152 103387 6073
62334 103718 4792
62283 103633 4559
61835 102761 3584
62130 103341 5488
62117 103289 5194
62132 103333 5217
61946 102973 8554
62074 103169 5572
62201 103401 5083
62215 103473 4285
62152 103452 5029
61990 103149 4779
62133 103495 3405
62019 103475 7132
62098 103408 5121
62155 103269 3979
62305 103735 5580
62187 103432 4916
62036 103175 7693
62514 103889 5481
62228 103512 4735
61239 101969 9565
61641 102697 4825
61983 103079 5350
62104 103402 5605
62117 103377 5006
62079 103194 3871
61935 103301 9731
62215 103476 14168
62070 103239 14429
61657 102642 4470
61823 103019 4408
61629 102631 5078
62246 103563 5552
62029 103101 9161
62219 103531 8367
61903 102861 5010
61930 102974 6960
61995 103020 5146
61914 102917 5085
62099 103343 3703
61398 102363 5135
62256 103601 4979
61974 103087 5257
61971 103080 3862
62117 103444 6841
61933 102936 4500
62045 103133 5401
62089 103446 5255
62246 103615 3870
