40661 82379 4170
41429 84153 3762
39301 79601 3328
39685 80517 4656
41341 83888 3295
40986 83358 4920
40792 82815 3565
41955 85449 2766
41507 84462 2643
39182 79749 3446
40560 82553 3947
40693 82585 4713
41449 84358 2538
40759 82909 3001
41336 84231 3852
41787 84853 3853
41591 84880 3673
41478 84234 3838
40434 82387 3650
40327 81795 6317
41519 84650 3448
40831 82889 3389
41937 85464 3891
41397 83797 3717
41423 84181 3886
41129 83666 2273
41994 85736 3511
41428 84148 4155
41470 84672 3714
41029 83370 2330
42180 85948 3618
41091 83306 2332
40611 82278 3464
40478 82402 3350
39851 81275 2331
41857 84881 3725
35521 71978 3205
41525 84263 3561
40486 82134 3581
41173 83596 3733
41980 85673 4773
39967 80867 3537
41735 85092 3576
41708 84870 3437
40997 83298 3870
39966 80916 3465
41992 85524 3706
41464 84540 3656
41347 84132 3430
41943 85560 3644
35101 70977 3676
39474 79616 3462
41764 85226 3744
42645 87347 5595
41851 85337 4381
40806 82815 3542
41814 85252 3676
41768 84891 3311
41593 84553 3504
42411 86426 3874
40415 82012 3056
41609 84770 3735
41454 84428 4110
41134 83372 4043
41203 83317 3919
40733 82460 3594
41829 85181 2370
41795 85116 2179
40779 82581 3398
41323 84001 3463
41415 84234 4332
40965 83112 3772
41771 84914 3617
40387 81896 3635
40550 82357 3573
41457 84352 3803
35736 72512 3270
41899 85484 3958
40306 81708 2428
40753 82563 2390
41187 83760 3634
40546 82213 2521
35548 71805 3237
40410 82007 3677
41826 85226 4121
40376 82016 2764
41133 83611 3892
41411 83978 3796
41701 84799 3608
41952 85416 3605
41752 85045 2440
41787 85260 3758
41245 83756 3729
39987 81147 3392
40788 82653 3769
40594 82365 3630
41520 84377 3871
41750 84996 3869
40173 81342 3426
42083 85913 3701
