74951 152302 5451
73539 149457 6490
74826 152012 6849
82052 166790 5953
74879 152446 6789
74183 150695 4075
74774 151943 4490
74950 152379 7788
73881 150165 8019
74107 150732 5986
75098 152903 6465
72511 147865 7079
74957 152462 6105
74775 152033 4381
74515 151338 4431
74632 151607 4537
75044 152645 7412
75185 153001 6813
73614 149432 6862
73611 149554 10326
74847 152158 6515
74968 152366 14492
73797 149854 7047
74714 151868 6520
81533 165585 12178
74673 151726 5084
74782 151945 6422
74777 152146 8789
74816 151959 7370
74579 151510 6777
74780 151927 4731
74760 152111 6962
75641 154342 9109
74974 152631 6581
74867 152271 7047
74500 151099 8020
74652 151721 6158
74986 152535 6579
74886 152345 11641
74443 151175 15123
74623 151598 12193
74616 151652 6591
75104 152831 8339
74840 152295 6418
74920 152423 9596
74878 152297 10728
74788 151986 5528
74680 151885 6622
74882 152436 4737
74922 152330 4703
74574 151597 9838
74682 151838 7858
73747 149875 5601
74244 150687 5491
74955 152405 6214
74017 150520 7384
74935 152385 5910
82355 167305 5223
75071 152699 6598
75009 152640 7020
75087 152755 10712
74802 152056 7739
73963 150290 7102
74947 152416 4227
74596 151627 5274
74928 152326 5328
74248 150684 5797
74135 150555 7274
74819 152148 6969
74519 151329 7415
74983 152483 6713
74936 152334 10634
75056 152713 7139
74935 152342 10744
74060 150594 9100
74748 152033 9390
74858 152196 6319
74108 150558 7025
73915 150290 6876
74741 151902 5722
73711 149713 6984
75022 152677 5015
74805 152158 8286
74756 151948 7578
74533 151505 4443
74443 150953 6848
75042 152835 6358
74688 151820 6186
74688 151929 7410
74596 151598 7365
74763 151934 5423
74607 151669 7237
74821 152086 6225
74798 152254 5549
74828 152086 7889
74800 152023 6689
75026 152568 8964
74815 152262 8877
73915 150214 6849
74806 152172 6839
