102828 134431 6073
103859 135671 6764
103044 134796 8414
102670 134337 5039
104543 136337 9731
103020 134812 12425
102861 134574 6081
102930 134742 12060
103812 135478 10269
102915 134642 6441
102810 134444 6480
103550 135232 18113
103062 134913 8081
102643 134197 9218
103026 134781 6593
104671 136511 4731
102695 134283 7541
103595 135237 6387
103086 134943 7922
102700 134345 6303
102664 134290 6935
102693 134346 4726
103054 134913 7641
102690 134351 8392
102823 134536 6783
102697 134325 7281
102725 134369 7918
102590 134124 4629
102697 134399 10761
102595 134098 5776
102661 134311 8479
103581 135519 7461
102909 134614 5111
102796 134412 7446
103147 135094 6293
102704 134295 5788
103601 135170 6852
104627 136339 6894
102467 134052 5537
102733 134400 6023
103289 135218 5192
102607 134099 6736
102746 134428 6662
102490 134060 4399
102702 134410 5622
102836 134522 6840
102695 134372 4936
102975 134723 11213
102697 134360 6820
103040 134901 6302
102508 134124 6353
103366 135297 6589
103348 135172 15950
102693 134313 5906
102993 134731 6135
102714 134346 7408
102941 134721 4978
103058 134992 5481
102652 134291 7517
103759 135560 7768
102524 134018 10002
104624 136392 5728
102705 134284 4218
102881 134603 6926
102713 134343 10686
102709 134371 6262
103045 134842 6186
102687 134306 6220
102902 134646 9453
102681 134299 6950
103205 135089 6529
102687 134290 8957
103064 134872 8000
102704 134348 4239
102849 134568 9317
102855 134593 6650
103078 134966 6096
102909 134644 7197
102805 134514 4262
103188 134956 5948
102705 134372 8959
102657 134332 9467
102658 134270 5179
102546 134228 8714
102663 134199 8308
103127 134914 6197
103062 134923 5853
103038 134846 7482
102444 133977 4470
102665 134297 5636
102851 134606 6277
103012 134836 5712
102937 134727 7439
102631 134238 5038
102715 134349 7079
102545 134163 6450
102705 134332 6327
102481 134056 6684
102928 134735 6537
102909 134559 9700
