29893 45631 2270
29834 45636 1701
29990 45860 1434
29889 45676 2043
30102 46073 2180
30080 45925 2175
30072 45875 1945
29978 45823 1463
29746 45474 2171
29846 45634 1594
29933 45781 1844
30142 46145 2203
29867 45687 2222
29850 45638 2120
29944 45772 2239
29943 45844 2115
30014 45865 2388
30018 45856 2104
30050 45884 2001
29854 45641 2183
29750 45532 2148
30093 46042 1467
29888 45627 1333
29971 45688 1989
29845 45703 2183
30009 45890 1933
29861 45659 2284
30067 45949 1407
30170 46097 1512
30002 45841 2094
29923 45738 2151
29855 45652 2134
29837 45535 2242
29987 45809 1490
30008 45920 2152
29837 45616 3007
29882 45632 2948
30031 45902 2087
30148 46038 2155
30000 45830 2251
30100 45971 2252
29876 45724 2159
30027 45864 2158
30025 45902 1725
30022 45858 2236
30019 45860 2147
29941 45837 2237
29996 45872 2042
29857 45652 2236
30060 45956 2254
29957 45810 1428
29773 45481 2349
30076 45984 2487
30022 45857 2048
30141 46028 1971
30085 46005 1553
29979 45752 1532
29853 45610 2295
30043 45923 2250
29927 45689 2117
29970 45812 2152
30044 45871 1524
29960 45787 1560
29931 45833 1414
29924 45731 1995
30027 45882 1957
29842 45630 1952
29862 45630 1661
30045 45923 2063
29977 45879 2187
29933 45821 2107
29889 45696 2206
30021 45861 2058
29999 45858 2192
30076 45976 1956
30003 45835 2536
29875 45626 2129
30177 46102 1616
29870 45608 2112
29855 45613 2023
29933 45779 1907
29853 45678 1830
30093 46009 1981
29984 45855 2143
30057 45924 2225
29866 45599 1459
30057 45926 2038
30005 45821 2163
29890 45739 1926
29834 45714 2159
30032 45893 2247
29837 45574 1503
29926 45771 1473
30038 45891 4304
30049 46006 2317
30006 45836 2056
29919 45712 2113
29936 45706 2250
30122 46027 2112
29879 45802 2255
