16286 33839 1077
14710 30442 995
16340 34177 1554
14988 31109 1033
16218 33743 1678
16258 33728 1517
16181 33653 1575
16351 34164 1365
16129 33506 1005
16105 33538 1558
16000 33185 1213
16221 33758 1147
16141 33548 1171
16133 33490 1318
15561 32344 1604
16175 33653 1571
16270 33914 1721
16059 33242 1751
15625 32392 1362
15543 32253 1451
15602 32434 1430
16137 33698 1552
14910 30959 1325
15522 32183 1669
16246 33743 3116
16371 34032 1338
15777 32844 1507
16398 34247 1312
16122 33552 1049
16379 34028 1397
16126 33516 1429
16137 33467 1464
14347 29618 1419
16257 33816 1079
14704 30467 835
16392 34080 1077
16205 33659 1452
16378 34276 1489
16183 33765 1306
16354 33971 1974
16366 34185 1558
14859 30748 4422
16146 33630 1032
14716 30512 948
16118 33535 1561
15559 32290 1201
14717 30488 1346
16088 33407 1458
16267 33921 1475
16133 33444 1155
16272 33927 1560
14938 31072 1361
16178 33764 1717
16321 34154 1468
16051 33284 1579
16106 33535 1480
16058 33273 1638
14639 30208 1437
14711 30474 1476
16414 34160 1595
16420 34194 1631
16413 34146 1486
16052 33282 1627
16030 33233 1845
16150 33681 1606
14329 29564 1750
15547 32250 2518
16280 34082 1382
15580 32391 1436
15946 33047 1472
14917 30917 1367
16052 33262 1543
16119 33509 2996
16184 33575 1428
16110 33508 1597
16353 34138 1503
14703 30457 1407
16143 33584 1479
14892 30876 1380
16086 33383 1457
16137 33549 1442
16216 33671 1473
16237 33856 1505
16101 33449 1054
16110 33352 1436
16426 34218 1026
16051 33269 1480
14711 30478 1589
16065 33294 1434
16343 33949 1532
15522 32190 1288
15936 32952 935
16136 33688 1453
16080 33369 1744
15631 32516 1377
16174 33640 1573
15615 32531 1572
16267 33870 1415
15587 32357 932
15546 32256 1443
