5603 11879 417
5739 12118 401
5659 12002 312
5537 11736 556
5635 11943 479
5522 11575 481
5599 11868 306
5773 12257 534
5695 12097 515
5490 11541 336
5518 11638 348
5571 11772 399
5573 11722 549
5683 11959 568
5578 11793 486
5617 11839 391
5601 11904 444
5763 12183 486
5745 12129 607
5721 12108 460
5516 11654 325
5670 11992 542
5567 11770 539
5592 11834 363
5348 11234 416
5613 11868 563
5686 12052 388
5663 12001 383
5742 12208 515
5618 11941 511
5535 11691 576
5492 11578 493
5649 11942 544
5643 11986 559
5494 11596 537
5681 12062 500
5569 11757 542
5481 11504 464
5611 11878 565
5689 12108 547
5599 11854 522
5581 11841 332
5666 12065 374
5746 12135 525
5596 11764 515
5632 11971 380
5762 12182 548
5735 12225 567
5691 12129 509
5588 11846 515
5582 11807 379
5584 11800 504
5764 12301 521
5722 12166 590
5722 12219 422
5749 12234 586
5750 12262 334
5659 12076 560
5403 11403 608
5699 12047 597
5584 11827 510
5541 11648 581
5647 11918 564
5478 11490 556
5597 11853 592
5750 12230 517
5571 11799 343
5834 12360 381
5664 12011 527
5597 11873 534
5540 11729 635
5833 12367 550
5583 11862 487
5734 12129 468
5600 11874 452
5670 12107 486
5648 12013 510
5659 11977 505
5587 11817 472
5580 11790 486
5766 12171 331
5657 12001 488
5646 12066 400
5578 11785 599
5416 11437 454
5594 11820 466
5701 12103 502
5735 12121 370
5739 12188 622
5580 11794 553
5630 11925 532
5634 11988 522
5625 11845 537
5758 12160 364
5585 11832 369
5584 11810 430
5730 12212 436
5585 11799 418
5580 11798 576
5528 11596 611
