15644 22080 990
15568 21940 1067
15011 21108 1013
14893 20943 1045
15061 21177 936
15174 21370 939
14999 21060 1021
15195 21435 1123
15068 21249 1091
14941 20970 995
15172 21373 1185
14995 21128 1116
15631 22052 2413
14296 20053 934
15593 21983 1138
15605 22029 1040
15040 21135 1039
15184 21386 1124
15180 21373 1055
15590 22100 1173
15623 22008 1095
15041 21156 748
15200 21400 1111
14906 20932 1089
15176 21361 1129
15075 21271 696
15087 21259 1012
15109 21293 1102
15083 21291 1034
15072 21260 762
15187 21420 1098
15198 21459 992
15069 21193 1054
15128 21320 1050
15077 21275 637
14937 20975 725
15119 21317 1045
15178 21405 1078
15087 21237 1164
15117 21288 955
15172 21393 1006
15167 21372 1006
15187 21421 941
15029 21131 1007
15085 21288 1085
15188 21416 1121
15203 21435 670
15174 21402 775
15609 22030 1151
15173 21392 3745
14936 20985 1020
15572 21984 1067
15140 21356 669
15175 21382 1029
15169 21382 991
15181 21408 1054
15096 21293 831
14197 19915 945
14194 19915 1065
15001 21066 1152
15134 21342 1086
15155 21326 1005
14966 21023 1077
15044 21123 1022
15189 21395 675
15206 21436 995
15118 21281 963
15615 22027 1032
15050 21150 939
15210 21444 2215
15164 21336 1189
15199 21444 977
15177 21374 945
15057 21173 1097
15050 21140 930
15178 21364 1029
14932 20962 704
15181 21378 1017
15174 21375 1101
15650 22047 1129
15200 21429 1195
15158 21332 1126
15167 21346 1062
15099 21259 1150
14912 20929 1102
15581 21943 1118
15655 22087 1041
15149 21354 977
15616 22061 864
14296 20077 1001
14911 20958 1170
15020 21095 1131
15682 22119 1167
15050 21151 1051
15645 22030 1055
14287 20044 864
15192 21396 941
15209 21410 1156
15177 21375 1103
15162 21353 1011
