93848 131349 9173
93855 131213 5265
93749 131012 4149
93747 131027 7272
93428 130826 6598
93739 130983 4200
93339 130695 5786
93771 131088 4604
93732 131015 4265
93774 131089 8323
93983 131269 8559
93487 131000 4819
94051 131431 9476
93803 131161 6742
93771 131053 6823
93897 131284 8975
93786 131116 4150
93565 130868 5045
93746 131013 4344
93815 131156 4291
93812 131183 6198
93757 131067 11549
93735 130979 5903
93833 131175 6037
93827 131207 6632
93534 131019 5313
94294 131644 4141
93763 131164 4984
93751 131030 6142
93844 131187 7923
93822 131168 5696
93778 131062 6666
93759 131017 10548
93810 131089 6592
93736 130980 5794
93834 131154 6441
93815 131227 4032
93727 131005 9123
93785 131115 6014
92555 129811 7736
93808 131074 6440
93703 130998 5942
93785 131146 6756
93831 131178 6119
93678 130915 5745
93551 130828 6065
93709 131001 6677
93599 130903 6706
93752 131069 6000
93777 131107 6193
93773 131104 5819
93725 130968 5691
93745 131017 6537
93738 131012 7456
93758 131100 4117
93768 131057 7581
93761 131021 7433
93756 131047 6013
93232 130628 5835
93796 131164 6497
93769 131040 7390
93683 130978 5917
93758 131056 4228
93831 131109 6417
94251 131492 5525
93797 131152 4608
92595 129681 5235
93838 131172 7411
94153 131604 6698
93744 131069 6986
93870 131222 7324
93589 131054 6540
93675 130993 6434
93820 131158 4517
93828 131243 6795
93267 130620 5653
93523 131046 6812
93573 131072 4696
93604 130954 10135
93376 130668 7282
93826 131232 6652
93621 130846 6859
93603 130908 7114
93790 131110 5825
93483 130766 5698
93766 131105 5862
93820 131145 6467
93784 131068 7584
93583 131071 6603
93754 131022 6052
93599 130927 5548
93528 130782 4820
93542 130900 6307
93817 131140 6955
93752 131117 7957
93807 131071 8134
93778 131092 14510
93782 131126 5736
93778 131108 6896
93791 131108 6627
