39856 55927 2521
40692 57148 3772
40682 57134 2168
40613 56982 1953
40688 57140 2616
40726 57199 2338
40501 56909 2347
40625 57049 1601
40799 57414 2479
40709 57191 1623
40498 56903 2456
40496 56795 2412
40738 57197 2435
40519 56941 2413
40235 56600 2676
40475 56870 2731
40654 57071 1600
40749 57267 2605
40461 56866 2694
40633 57039 2374
40724 57196 2626
40528 56847 2480
40348 56833 2293
40650 57069 2296
40700 57151 1798
40677 57122 2417
40460 56848 2433
40712 57181 2383
40673 57082 2366
40638 57077 2634
40458 56815 2419
39589 55487 2382
40548 56872 2362
40653 57120 2510
40689 57149 2695
40718 57213 3162
40599 56968 2602
40734 57233 2642
40725 57182 3012
40538 56892 2837
40671 57111 2209
40656 57101 1616
40609 56981 1714
40694 57121 2145
40705 57200 2317
40687 57121 2592
40699 57155 1625
40696 57115 2393
40688 57168 2414
40717 57199 6047
40691 57125 2015
40700 57138 2655
40637 57051 1976
40446 56806 2841
40659 57080 2783
40649 57068 1634
40693 57143 2432
40726 57227 2540
40696 57131 2221
40559 56967 2379
40504 56901 2876
40554 56915 2236
40620 57037 2448
40494 56865 2466
40521 57005 2258
40650 57090 1926
40674 57138 2705
40703 57185 2561
40684 57159 2465
40647 57073 2457
40532 56840 2372
40625 57013 2485
40726 57192 2361
40633 57023 2422
40533 56951 2439
40491 56772 2388
40619 57005 2660
40531 56870 2476
40537 56891 2000
40506 56799 5813
40678 57142 1792
40468 56822 2288
40672 57128 1676
40661 57089 2387
40677 57098 2331
40648 57052 1600
40523 56865 2458
40702 57155 2714
40635 57064 3258
40488 56827 2655
40526 56874 2526
40687 57154 2488
40476 56817 2457
40452 56792 2496
40685 57072 2503
40608 56988 2575
40492 56787 1596
40676 57114 2348
40711 57222 2261
40521 56834 2916
