12182 25878 1271
12082 25737 1216
12198 25972 1245
12110 25720 1099
12175 25907 1159
11631 24603 1133
12064 25612 971
12074 25664 733
11741 24893 1110
12109 25790 1178
11972 25416 1202
12079 25666 1270
12082 25699 1204
12103 25764 1261
12250 26167 1183
12066 25644 1312
12065 25585 814
12070 25615 1178
11947 25334 1192
11619 24612 1258
12161 25882 1258
12058 25650 1181
12179 25936 1250
11950 25324 1217
12077 25615 1199
12084 25715 1130
12108 25654 1228
11512 24243 1093
12008 25484 1135
12147 25838 810
12084 25716 841
11964 25375 1163
11951 25338 1329
12008 25493 1124
12209 25945 1266
12073 25718 1261
12141 25814 1225
12097 25679 1249
11951 25332 1151
12155 25890 1258
11979 25403 1257
12100 25652 1238
11960 25299 1220
12038 25483 1293
12116 25767 2285
12234 26051 1215
11723 24843 1213
11958 25373 1240
12070 25674 1300
12103 25741 1254
11972 25377 1329
12173 25911 1261
12303 26200 1294
12161 25838 1145
12132 25749 816
12185 25971 757
12176 25902 811
12139 25804 1121
12151 25737 1171
11971 25383 1073
11730 24882 1140
12004 25511 1231
11615 24496 1092
12072 25602 1209
12152 25841 1161
11537 24350 1142
12085 25680 1173
12061 25633 760
12231 26072 1167
12047 25467 1138
12064 25650 1054
12135 25786 1194
12070 25645 689
12052 25600 830
11959 25372 676
11999 25494 803
12150 25809 1146
12007 25442 1158
12123 25716 1250
12076 25641 1201
12089 25625 739
12028 25550 963
11643 24642 959
12142 25768 636
11590 24482 681
12066 25589 1043
12155 25830 795
12104 25763 1001
11962 25370 918
11988 25431 1085
12281 26259 1051
12118 25718 1185
11946 25340 832
12145 25821 1114
12089 25733 933
12023 25528 640
11964 25384 1016
12165 25895 797
12148 25793 1185
12206 26052 1175
