63253 97697 5543
63304 97852 3566
63950 99037 5243
63336 98228 3603
63018 97245 6738
64001 99068 4967
63643 98419 3962
64402 99932 4942
64102 99289 4331
64285 99580 3317
63593 98336 5914
64731 100266 7099
63339 98011 4894
58146 90048 5375
63917 98794 5165
64231 99388 5567
64011 99107 5273
63320 97933 6561
64305 99614 5073
63654 98706 3274
63623 98717 5233
63812 98658 5578
63630 98413 5345
64166 99057 5463
64520 100170 3388
58239 90055 4448
64101 99537 7267
65051 101081 5316
63557 98239 5434
63903 99111 5556
64443 100030 5857
63358 98044 5516
63805 99138 8662
64093 99228 5066
63931 99238 5510
63736 98802 5684
57855 89361 6226
63692 98573 5014
63490 98301 7053
63596 98525 8377
64238 99387 5004
63499 98540 5138
64310 99621 5572
64294 99385 7330
62518 96755 5165
63990 99178 3869
64403 100130 4560
61975 95559 3161
60950 94384 5430
63706 98465 3213
61898 95535 4614
64225 99876 3640
64284 99589 4987
64530 100067 5058
57697 89144 4938
64586 100275 3320
64047 99440 4950
64217 99545 6651
64563 100241 5098
64039 99132 4346
63281 97554 3292
64084 99408 5058
63713 98935 5489
63770 98930 5117
63378 97807 5456
63973 99243 5694
64064 99289 3868
64712 100336 5340
63605 98314 4935
63323 98148 6155
63791 98814 5867
64305 99687 6507
63862 98851 5782
64540 100176 5329
63671 98568 3378
64789 100274 3841
63541 98389 4891
63816 98785 5372
64641 100271 5569
64815 100815 4051
63442 98133 6556
63293 97970 5544
64114 99523 5571
63191 97778 5558
63871 99037 5112
63296 98102 5026
64123 99329 5072
64035 99229 4901
64166 99340 5582
63145 97556 4916
62181 96341 5548
62223 95901 5076
63952 98892 5288
63799 98661 6522
64012 99447 5653
64811 100704 5223
62884 97346 5596
63172 97775 5211
63208 97455 5489
64085 99569 6068
