57964 117452 5661
56555 114304 5519
47279 95107 3223
56078 113403 5848
57056 116112 7965
54281 109825 5513
55519 112351 5087
55395 112019 6923
56520 114734 5045
56348 114208 4600
58158 118316 8174
57226 116078 4097
56991 115778 5957
56249 113576 5329
57386 116563 6698
55146 111872 4930
54557 109947 5222
56328 113993 5148
56383 114203 5232
57319 116137 5421
57676 117123 5975
53983 109428 5058
57046 116003 8245
57103 115896 4023
57336 116450 6064
56458 114478 6047
56786 114948 4048
53958 108961 6846
57201 115966 6874
57083 115749 5607
56009 113376 5634
56873 115165 5454
56850 115468 3500
55933 113150 5856
55741 112915 5738
56286 113754 8215
56476 114241 5862
55880 113236 6371
57426 116483 5207
56200 113818 4825
55732 112843 3779
56367 113796 4979
55260 111846 3823
56157 113719 5499
55783 112893 6703
56270 113967 3754
57198 116152 3591
56083 113251 5298
56493 114344 8430
56765 114948 5139
56485 114516 5230
56931 115166 9172
56413 114365 6056
53848 108384 12708
57017 115759 5263
57081 116066 6078
56914 115017 3914
56797 115286 5579
55789 112833 5729
46948 94366 4489
57066 115360 9111
55473 112712 5072
56705 114754 4328
57218 116162 5585
57211 116262 8323
56668 114985 7302
56967 115702 5754
55462 112221 5343
55734 113059 5600
55672 112851 7906
44307 89081 4351
57288 116250 5321
55983 113429 5365
56846 115312 6489
56910 115408 5384
54884 110773 4000
55751 112752 5900
54974 110747 5146
56176 113701 4690
53926 108841 3988
56214 113611 3552
56819 115136 3702
56037 113074 5401
55156 111308 3067
55746 112759 5471
57222 115878 5169
57703 116982 5369
56940 115314 8408
56473 114265 4614
56462 114539 6623
57665 117371 5392
55864 113209 5521
54658 110357 6446
43033 86184 3005
55480 112155 6745
56910 114974 3812
54188 109244 4892
56742 115078 5479
57678 117475 7072
46148 92960 7779
