82400 166518 7429
82606 167316 10009
81908 165236 8138
82113 165744 8476
80150 161472 11011
81165 163501 14155
81634 165161 14095
79758 160898 10174
82460 166529 8065
80193 161702 5089
82190 165869 7894
81673 165037 7357
81012 162910 7984
81593 164920 8044
81791 165110 5927
82241 166438 5159
81341 163859 7911
81128 163360 9199
80362 161341 8645
78821 158688 10313
82616 166896 8563
82626 166423 8214
78013 157327 7316
80063 161180 5769
82546 167746 11126
80861 162975 5772
81182 163347 7555
81901 165207 6756
82543 167105 6357
69343 139674 6364
83123 168122 8307
81427 164184 7910
81427 163966 7808
81145 163849 8560
81929 165495 10084
81239 164428 6534
83168 167980 6147
79710 160570 7657
82402 166233 5341
82329 166354 8142
82361 166457 8436
82399 166634 7797
77562 155504 7716
77947 156891 7541
81858 165338 6326
81450 163870 9427
81481 164762 8700
82149 166166 9174
82504 166756 10785
80852 162668 19774
80866 163045 7784
81586 164569 10661
83580 169612 8827
81436 163776 5446
82092 166006 6066
79851 160673 5716
79832 160361 7713
82088 165277 15338
82847 167582 6082
82526 166781 6276
80062 161594 6947
80467 162042 13526
84043 170565 12592
78232 157310 10685
81909 165034 7784
80165 161807 7870
81714 164786 6957
81776 164827 7453
81561 164405 6833
78354 157246 10669
80814 162489 11167
80423 161482 12408
81209 163513 7561
82363 166033 6164
81345 163986 8952
81817 164985 6343
81697 164420 5398
81637 164817 8216
82360 166638 8223
80652 162452 8807
81030 162744 11061
75730 151285 7950
79850 160381 9673
82981 167789 7830
81260 164070 7318
82103 165421 7406
81164 163638 7715
69677 140046 12813
83034 167952 8367
81426 163668 9043
82662 167283 5760
81470 164020 8358
81886 165670 7364
82414 166503 14401
81799 164724 5529
80842 163630 8580
82100 165837 10340
65969 132701 6378
81938 165660 7862
82028 165246 5264
