57930 117401 3622
66355 135265 5606
66679 136067 7589
66682 135985 3984
66681 136103 4090
57866 117275 3721
58032 117586 7298
57923 117315 5081
57723 116717 5506
57771 117002 6480
57514 116322 7380
57932 117316 4953
57785 116931 5282
57958 117546 10793
57932 117212 8661
57414 116149 7524
66816 136442 7388
57944 117435 3181
57964 117410 5043
66569 135855 6063
57570 116317 5509
57850 117079 5031
58050 117604 5384
57613 116445 5846
57785 116888 3064
58033 117621 3283
66546 135701 4618
58020 117682 4665
57776 117031 5393
58062 117521 3725
57913 117312 3579
57577 116529 5024
57943 117400 3068
57871 117284 4066
65600 133622 9397
57605 116358 4980
57838 117210 5470
57739 116697 5938
62513 127042 8724
57824 116993 9622
57489 116241 5190
57372 116100 3475
57516 116340 5314
57624 116474 8049
66327 135253 5896
66389 135314 4086
57975 117511 6024
58018 117343 3221
57724 116730 7109
57579 116529 7715
57500 116349 5217
58017 117468 4847
57376 116160 5108
57828 116894 6448
57697 116662 3137
56746 114578 4835
57741 116757 3251
57847 117155 5260
57793 117114 5419
57848 117086 5397
58013 117660 4686
58042 117700 4044
58049 117781 3313
57993 117572 2868
57561 116302 11267
57851 117109 5058
58044 117565 5090
57732 116757 5018
66256 135007 6631
66472 135546 5843
57254 115568 8512
57942 117418 3180
57860 116900 4121
57949 117377 9511
66662 136115 7221
57780 116891 5521
57780 117082 5250
66615 135994 3844
57737 116750 5667
57936 117261 5607
66609 136320 6545
57826 116899 10059
57765 116856 5182
58041 117590 4099
66381 135318 5727
66167 134814 7036
66052 135051 4051
57855 117067 5707
57878 117293 5265
57652 116483 3772
57691 116813 5407
57848 117250 4660
57816 117024 4943
57425 115916 5822
62732 127660 10313
66556 135873 3842
57873 117047 5255
57955 117407 5213
57617 116640 5649
57900 117312 4559
