23339 33918 1533
23196 33694 1584
23458 34144 1386
23395 33971 1531
23478 34177 1387
23384 33955 1419
23389 33960 1494
23414 34050 1392
23425 34065 1418
23231 33782 1399
23395 33978 952
23446 34126 1374
23424 34082 1418
23435 34111 1405
23464 34153 1582
23500 34234 1566
23193 33680 1381
23409 34047 1394
23461 34113 1777
23445 34127 1440
23455 34122 3494
23446 34110 973
23220 33687 1392
23445 34127 1059
23427 34082 1574
23240 33746 1315
23263 33814 1477
23393 34017 1411
23417 34053 896
23385 33959 1628
23433 34032 1355
23432 34037 1284
23480 34136 1365
23493 34213 1408
23408 34053 1421
23456 34122 884
23435 34026 883
23438 34112 1364
23402 33995 975
23371 33915 1387
23185 33646 1306
23440 34081 1449
23211 33741 1465
23449 34088 1432
23427 34081 1763
23472 34138 1381
23443 34075 1423
23423 33996 1435
23487 34202 1440
23473 34169 1101
23472 34165 1562
23185 33646 2778
23444 34113 983
23447 34125 1285
23446 34086 1443
23338 33909 1367
23416 34059 1508
23455 34113 1406
23423 34065 1120
23434 34091 1354
23449 34088 1512
23468 34115 969
23444 34075 1500
23385 33956 1711
23469 34121 1473
23467 34160 1349
23421 34013 2019
23194 33680 1418
23217 33708 1403
23394 34004 1487
23438 34117 1374
23380 33974 1492
23478 34168 936
23423 34064 1448
23426 34067 1509
23409 34048 968
23408 34043 1473
23220 33722 1640
23478 34204 989
23454 34151 1346
23426 34066 1354
23446 34126 1499
23531 34194 976
23447 34086 1493
23471 34149 1388
23447 34111 1364
23414 34057 1393
23507 34216 1365
23235 33784 1471
23399 34032 1472
23490 34171 1164
23209 33714 1258
23464 34142 1326
23420 34013 2071
23481 34137 1406
23416 34052 1424
23376 33959 1450
23400 34039 1541
23389 33963 1564
23449 34088 1058
