5832 10025 452
5824 9969 503
5808 9930 525
5830 9999 508
5813 9940 322
5872 10096 389
5876 10084 511
5691 9686 495
5698 9725 574
5841 10028 510
5820 9966 491
5828 9979 492
5826 9965 542
5817 9998 513
5821 9958 536
5796 9874 488
5866 10067 434
5807 9930 529
5830 9974 491
5851 10024 520
5824 9962 473
5467 9280 448
5824 9975 510
5832 9995 490
5674 9680 494
5832 9976 483
5464 9278 389
5835 10009 476
5881 10100 469
5821 9992 335
5824 9981 322
5850 10023 519
5810 9952 451
5830 9970 493
5830 9970 491
5877 10113 455
5810 9932 517
5809 9931 547
5828 9978 594
5803 9921 501
5819 9949 467
5816 9920 488
5894 10071 491
5825 9980 498
5816 9972 355
5467 9280 647
5881 10100 479
5816 9959 472
5821 9959 475
5891 10074 438
5473 9290 289
5810 9937 366
5827 9966 539
5818 9945 503
5816 9955 493
5467 9281 432
5689 9703 463
5468 9277 460
5825 9982 439
5826 9963 445
5843 10018 544
5816 9945 402
5834 9980 522
5827 9984 474
5823 9969 475
5819 9970 481
5832 10018 488
5817 9938 523
5633 9626 475
5468 9284 397
5811 9933 494
5821 9955 486
5877 10069 455
5671 9676 457
5817 9945 510
5818 9946 477
5465 9279 462
5820 9961 435
5829 9968 2016
5896 10079 424
5820 9950 423
5826 9999 352
5817 9970 449
5811 9965 363
5912 10106 477
5464 9277 229
5883 10102 348
5896 10088 507
5812 9933 497
5864 10049 475
5810 9933 525
5468 9282 286
5840 10002 468
5821 9953 520
5634 9628 391
5828 9995 536
5818 9970 522
5831 9975 511
5707 9729 441
5710 9710 460
