34679 58348 1809
34669 58304 1739
34070 57216 1772
34386 57860 2629
34035 57101 2453
34716 58430 1725
34761 58358 2644
34036 57108 2486
33844 56757 2728
34043 57105 2541
34052 57127 1669
34883 58879 2673
34135 57339 2723
35038 58900 2650
34035 57099 2572
34741 58522 1783
34337 57687 2431
34104 57253 2620
34527 57971 2664
34283 57698 2747
34037 57108 2730
34046 57113 2424
34037 57101 2622
34025 57074 2599
34042 57127 2644
33812 56703 2539
34753 58491 2920
34036 57108 2734
34767 58377 2691
34110 57283 2356
34583 58155 2723
34039 57103 1998
34063 57182 3266
34700 58235 2531
34759 58346 1662
34045 57116 1508
34754 58492 2936
34656 58186 3483
34046 57147 2640
34640 58140 2801
34055 57156 2802
34833 58553 3068
34680 58185 2558
34681 58237 2621
34025 57089 2450
34741 58463 2684
34723 58443 2468
34061 57182 1631
34038 57105 1584
34674 58207 2688
33816 56769 2436
34132 57334 2442
34548 58081 2730
34654 58183 2595
34635 58125 1707
34811 58428 2824
33828 56791 2616
34589 58209 1663
34742 58452 2685
34063 57182 2746
33788 56666 2662
34080 57230 2838
34039 57111 2750
34062 57211 2525
34731 58449 3611
34637 58241 2762
34389 57798 2539
33843 56773 2406
34716 58392 2692
33801 56681 2304
34039 57108 2525
34096 57272 3442
34262 57639 1803
34564 58044 2491
34043 57126 3206
34643 58158 2368
34569 58072 1990
34044 57110 2553
34557 58067 3134
33835 56747 1827
34055 57138 2633
34032 57108 2822
34040 57111 2633
34734 58451 2686
33812 56702 2647
33809 56687 2632
34662 58292 2674
34658 58167 2677
34737 58455 3254
34056 57175 1753
34723 58490 2953
34747 58462 1867
34107 57280 1782
34749 58516 2549
34091 57244 2424
34758 58490 1834
33810 56760 1703
34668 58312 2483
34098 57277 1727
34119 57322 1726
