88677 113649 6517
87310 111844 6022
83730 106952 6848
83612 107177 5914
88127 112602 6477
87435 111769 5495
87123 111396 4597
87319 111881 5734
86897 111206 5990
88258 113280 3723
87417 112052 5357
87988 112442 6069
87923 112461 5495
87144 111512 5905
88745 113929 6077
87826 112589 4226
87718 112237 8356
87356 111652 5772
87179 111528 8431
87991 112549 5905
83503 106922 6113
87332 111805 4749
87887 112707 7496
86672 111063 5925
87997 112742 4207
87611 112344 6225
87737 112357 4275
87142 111431 7982
87743 112427 6104
88939 114130 8555
88238 113008 5990
87297 111662 6622
87641 112185 4284
87299 111669 5744
88589 114126 6580
87519 112032 5703
88493 113394 6975
87939 112708 6259
87268 111711 5909
87712 112576 4275
88481 113732 4234
87115 111397 4078
88689 113812 4891
87193 111713 5839
87450 111925 4493
87683 112342 4213
86891 111476 4204
86715 110986 7438
82652 105486 5544
86805 111225 7219
86312 110390 4810
87729 112409 4067
88866 114219 5853
88371 113166 5358
88689 113481 4910
87682 112573 4165
86789 110833 3982
87961 112593 7255
86054 109798 4760
87295 111708 5097
87729 112366 4921
87685 112264 6071
88271 113029 4066
87875 112340 3675
88042 113069 4311
88101 112921 5749
87299 111401 6782
87116 111549 5651
87829 112424 6019
87810 112596 7040
87802 112348 4649
86262 110240 6069
88296 113070 4100
87607 112138 7739
88406 113304 5971
87473 112088 5915
88011 112674 9121
87859 112606 6585
88026 113209 5772
87635 112160 6025
83506 107015 7651
87267 111787 5847
87418 111856 5546
87305 111632 6570
88707 113910 6175
87622 112125 6746
88250 112889 4388
87073 111265 5539
87524 112201 5869
88228 113113 3825
87295 111806 5418
83165 106374 6502
87076 111698 4477
87732 112395 6485
87947 112925 6220
88282 112917 4168
87107 111265 5715
87068 111129 5772
87235 111627 6133
88405 113419 4544
