73312 93899 3279
73397 94123 3329
72449 92555 5402
73773 94570 4823
73477 94225 3514
72921 93241 5145
73310 94306 5500
74467 95995 4227
73314 93974 6461
72956 93464 5526
73334 94131 4514
73606 94165 4640
74519 95872 3392
73892 94996 5202
72499 92611 3360
72614 92981 3145
74092 95259 3202
73552 94212 4805
73451 94302 4583
72945 93476 5060
73404 94219 3565
73227 93808 4933
72770 93064 7874
74453 95555 3393
73488 94295 5027
73165 93835 4340
73803 94876 3338
73046 93797 3459
72497 93012 5323
73185 93805 5858
73087 93706 4912
72937 93378 4805
74123 95400 4687
73369 94036 4632
73449 94307 4145
74284 95346 5271
73203 93974 5094
69593 89273 3149
73432 94294 5045
72890 93194 4655
73205 93728 3730
73136 93769 3166
72689 93002 5635
73314 94039 4854
73694 94520 5159
73435 94300 5116
73351 94028 4506
73311 93840 5234
73725 94523 4695
73225 94080 4814
73423 94030 6330
73535 94167 5138
73425 94193 3726
73506 94451 5140
69294 88816 4708
73261 93950 3884
73201 93995 4847
73384 94118 4814
73940 94758 4987
73649 94583 3273
73384 93909 3084
73841 94643 4313
73083 93798 3345
73990 95204 3138
73245 93852 4998
73123 93476 4759
73288 94006 4986
73449 94249 5046
72402 92881 8479
73586 94203 5339
73048 93627 5005
73260 93885 5440
73626 94484 6552
73468 94211 5692
73408 94119 5141
73090 93959 5772
73542 94219 4861
73725 94623 4653
73372 94247 3313
73287 94008 3261
73539 94350 6517
73731 94751 3297
74050 95161 3309
72664 92917 5055
73159 93706 4929
69239 88316 4238
73831 94791 6855
72863 93499 5640
73884 94680 4936
73882 94606 5035
73166 93934 5574
74101 95192 6398
72184 92210 4846
74168 95305 5364
72373 92794 3651
72367 92606 3234
70020 89988 3434
74431 95727 3400
73684 94599 4999
73333 94131 5142
