37661 78136 3187
37551 77950 3246
37240 77129 3197
37605 77996 3289
37132 76897 3040
37597 78018 3258
37405 77589 3437
37130 76918 3198
37197 76995 3437
36785 76143 3289
39752 82445 3660
37260 77205 3740
37585 78005 3591
36821 76236 3286
37128 76772 2332
37268 77189 3105
37389 77485 3396
40292 83638 3606
37601 78096 2177
37081 76856 3395
37580 78020 3079
37637 77949 3786
37547 77864 2163
37593 78063 3242
36936 76409 3394
36842 76267 2068
39803 82544 3011
37028 76650 3107
37547 77795 2048
36834 76300 1983
37605 78072 3326
37279 77250 3483
37399 77539 3128
39731 82379 3322
37407 77522 4436
37578 77973 2063
36779 76083 3192
37166 77031 3026
37577 77992 2093
37398 77517 4637
37252 77197 2423
37565 77940 3203
37381 77479 3350
37582 78014 3248
37627 78169 2035
37591 78020 6017
36971 76549 2577
37605 77969 2312
37585 78013 3576
37188 77004 2034
37583 77864 2276
37064 76751 2088
37562 77976 2820
37597 77999 3499
37556 77936 2201
39119 81243 3544
37020 76693 3309
37070 76764 3437
37559 77907 3267
37581 78010 3237
37241 77158 3181
37676 78034 3280
37612 78059 3529
40124 83236 4023
37091 76782 3293
37609 78065 3034
37363 77394 3156
37272 77205 2030
37147 77080 2183
38490 79588 2206
37339 77360 3511
37147 76876 3488
37508 77787 2130
37268 77143 3553
37490 77772 3258
37496 77751 3077
39784 82427 3736
37538 77826 3530
37336 77283 3401
37098 76889 3569
37175 76989 3489
36800 76167 3056
37592 78018 3464
37590 78034 3373
38013 78429 3149
37585 77952 2748
36993 76594 2136
37433 77558 2107
37479 77694 2212
37590 78020 2478
37593 78079 3532
37331 77428 3374
36846 76241 2496
37235 77081 3167
37250 77121 2630
37612 78087 3552
37119 76814 3075
37142 76855 2869
37352 77338 2052
37598 78057 5755
