78858 158961 7621
78921 159211 7078
78597 158525 7853
79740 161647 5821
76432 153545 9909
78987 159695 8038
79290 160068 10003
77034 155116 11669
78704 159001 8224
80259 162619 8752
75598 152242 7341
79269 160493 8085
79232 160075 8252
76259 153999 11647
78228 157493 7661
74565 150425 10181
76891 154463 7393
76872 155290 8573
79471 160766 8259
78277 157792 7403
79441 160866 7469
77806 157034 8341
78386 158060 12315
77939 156939 7929
76984 154878 6880
78579 158159 5753
78194 157066 10663
77278 155146 7790
79643 160753 8832
79076 159644 7485
78707 158401 11410
79496 160061 4880
78486 157984 9842
75730 152659 7383
79892 161683 7605
80091 162322 8591
79773 161243 7831
76133 153349 12499
79201 159597 7365
78405 158374 7289
77323 155819 10158
78954 158883 8508
79188 160144 9475
78336 158101 8240
78713 158972 7892
78234 157695 7921
78998 159589 7648
78611 158288 15680
77305 155207 6998
79754 161145 9562
78312 157833 7618
74392 149437 7056
79072 159356 12108
79699 160875 7368
79188 159992 11014
76872 155026 7803
78111 157279 9243
77837 156833 8596
78143 157414 7351
67602 135930 8221
78083 157227 7557
79003 159358 4976
79426 160298 6421
78321 157654 7284
74371 149729 7594
81005 164449 6103
79924 161360 5945
77616 155808 9826
78935 159190 10916
77809 156775 10779
75539 152278 5286
79394 160338 10808
78995 158893 8009
76309 154022 12612
78823 158875 8628
67738 136393 6704
78222 157762 6763
78423 157765 8019
79116 159028 8953
67334 135289 6983
78923 159460 9664
78956 159486 7655
75163 151167 6083
79225 159757 6800
79512 161122 7359
77364 156148 7204
66416 133413 5775
76854 154729 5130
66860 134347 8747
73453 147174 7420
79433 161240 5706
78691 158629 7834
78783 159333 7654
79767 160947 7517
79201 160262 6462
77317 155412 6530
78166 157729 6067
77608 156570 5859
79646 160751 6183
79118 160046 8313
