91960 128873 5764
91327 127926 6618
91661 128428 6172
91601 128342 6475
91977 128878 7467
91953 128825 11968
92144 129000 6749
91864 128628 6917
91931 128799 7034
91942 128741 7535
91366 127936 6703
91053 127587 5946
91942 128840 11143
91899 128723 7386
92027 128825 6211
92182 129118 6044
91598 128400 3903
91687 128214 6357
92183 129053 6207
91336 127901 5932
91796 128602 6731
91318 127939 6229
91955 128841 7012
91509 128291 7353
91932 128786 6530
91921 128776 9420
91945 128826 6704
91534 128256 9820
92133 128973 9762
91337 127968 5887
91953 128879 5760
91723 128410 6249
91828 128568 6355
91373 128010 6203
91827 128637 6118
91966 128867 10529
91976 128845 6754
91475 128156 6075
91356 128029 12696
91843 128647 6580
92008 128933 10454
91853 128703 6274
91372 128026 6009
91803 128562 6439
91927 128819 7375
91721 128436 8124
91634 128439 6494
92138 128931 6684
91756 128493 6958
91638 128472 4993
91953 128817 9157
91771 128564 6361
91908 128757 10437
91527 128227 7287
91784 128592 4945
91899 128736 6828
91534 128234 6402
91983 128793 6858
91743 128487 6587
91463 128174 6190
91974 128867 5761
91545 128336 6177
92077 128883 6324
91397 128151 6233
91959 128805 6329
91765 128504 6084
92175 129057 6713
91953 128823 6237
91579 128258 6240
91325 127892 6414
91913 128740 6079
91922 128794 6293
91953 128885 6262
91905 128776 6740
91933 128768 6154
91372 128064 6360
91800 128529 6351
91777 128554 6955
91626 128500 6369
91987 128893 6634
91595 128397 6977
92007 128753 8147
91923 128774 5960
92127 128928 6596
92218 129085 6541
91806 128589 6139
91765 128524 4949
91951 128480 6352
92180 129140 6169
91404 128160 6520
91682 128251 4589
91944 128816 6218
91502 128225 9965
92148 128795 9305
91824 128596 6237
91804 128539 8175
91580 128368 9369
91427 128128 6138
91454 128112 6690
92146 128961 6674
