6910 9766 471
6908 9778 461
6902 9755 480
6925 9813 491
6931 9840 484
6839 9746 479
6891 9743 382
6919 9832 477
6874 9738 513
6911 9787 474
6891 9774 402
6969 9875 533
6905 9776 502
6933 9839 425
6873 9750 481
6918 9795 457
6927 9810 495
6920 9786 458
6876 9739 329
6861 9760 507
6886 9771 368
6877 9737 435
6928 9803 528
6919 9787 347
6914 9800 858
6934 9824 454
6865 9741 517
6926 9803 484
6940 9844 529
6929 9825 776
6912 9780 534
6914 9784 714
6922 9784 456
6889 9778 307
6924 9794 804
6879 9746 428
6926 9812 478
6860 9816 446
6930 9831 488
6924 9808 329
6933 9825 441
6896 9787 413
6916 9797 489
6952 9847 558
6916 9777 604
6886 9773 488
6922 9799 499
6929 9821 486
6872 9748 703
6858 9710 548
6951 9861 541
6855 9727 432
6889 9780 496
6922 9789 680
6872 9729 508
6924 9819 445
6912 9787 437
6958 9885 459
6923 9806 317
6891 9783 421
6860 9721 493
6923 9840 540
6871 9736 506
6925 9802 527
6947 9865 307
6900 9806 474
6918 9799 496
6909 9780 340
6862 9752 483
6858 9717 523
6876 9741 601
6921 9802 487
6920 9801 481
6882 9772 737
6924 9804 520
6927 9831 487
6873 9764 774
6887 9778 297
6858 9718 400
6858 9784 497
6877 9814 454
6917 9795 469
6913 9778 500
6879 9772 466
6854 9708 480
6914 9792 321
6877 9758 501
6868 9733 393
6891 9794 480
6915 9780 811
6931 9808 435
6922 9813 454
6917 9801 638
6854 9697 453
6930 9800 516
6918 9803 502
6918 9795 464
6880 9769 443
6980 9891 311
6923 9800 488
