66231 134276 7338
64886 130971 7972
64431 129883 3960
63943 128965 9560
54740 109826 6167
65769 133235 8501
62035 125148 6459
64238 129614 6508
64906 131273 4320
64354 129739 6996
65573 132896 6622
66109 134474 7349
61297 123201 6238
64662 130540 6874
66134 134004 7197
65037 131550 6513
64909 131009 6404
65660 132911 7875
65711 132412 6873
66136 133819 5300
65489 132311 4698
64195 129392 6242
67062 135593 7114
55912 112354 5197
65738 133015 4039
65509 132551 4461
64276 129458 6579
63309 127503 5073
63939 129002 5922
65109 131504 5310
61600 124023 5907
64825 130810 6166
65469 132539 5897
61327 123296 3503
65876 133106 6631
64590 130494 5953
65860 133159 6411
62761 126286 3967
62532 125835 3919
64274 129530 6509
65221 131465 6950
65452 132414 7090
66066 133883 7559
66430 134267 4303
65937 133488 6369
65817 133311 5644
66299 134207 7149
64955 131158 4223
63203 127382 5326
66000 133517 7005
64596 130386 4172
64921 131112 6161
67056 136233 6651
65309 131911 4221
66586 135038 7132
65170 131532 6786
62937 127084 5613
65865 132951 3856
65215 131479 3693
65224 131920 5184
66563 134993 5851
66143 133745 5552
65390 132284 6589
65767 132942 6050
64647 130710 4678
66488 134829 6507
66055 133526 10443
64156 129263 6529
66546 134789 10502
65651 132906 6165
64212 129775 10661
65871 133197 8202
64897 130814 6729
65851 133110 4410
65023 131216 7227
65167 131808 7071
65823 132913 5658
66209 134518 6425
65942 133082 6235
64634 130118 6037
65961 133423 6189
63658 128173 6060
64732 130832 4431
64721 130606 5481
64686 130416 6271
64122 129298 6149
65459 132164 6360
65155 131440 6662
66106 133939 5390
65392 132117 6691
65269 131720 7125
65345 132094 5871
65898 133111 6344
61181 123034 6152
66799 135481 6125
65199 131959 6441
65595 132275 7342
66408 134870 5950
65708 133290 6298
53812 107817 7428
