50252 102793 4281
50213 102588 4885
50413 103074 4408
50589 102936 4990
50313 102898 4622
50224 102683 4466
49951 102070 5643
50911 103944 3205
50393 103161 5351
50416 103033 3204
50481 103242 3859
50704 103426 4703
50473 103261 2953
50198 102639 2843
50428 102532 4693
50227 102500 4090
50398 102975 4599
50244 102707 2951
50147 102467 2992
50070 102271 4654
50486 103330 4545
50369 102953 4241
50723 103808 2792
50236 102784 3388
50251 102735 5009
50492 103310 2939
50266 102810 2847
50237 102704 4589
50082 102313 4906
49983 102090 4738
50567 103509 4658
50264 102731 4056
50721 103415 4397
50086 102300 3129
50357 103068 5321
50495 103308 4262
50163 102396 4457
50258 102814 4447
50209 102572 4763
50196 102662 3348
50383 102911 5093
50184 102510 4121
50317 102966 4596
50586 103445 4856
50257 102779 4504
50249 102737 4449
50322 102910 4617
50016 102190 5238
50266 102788 5162
50233 102740 4195
49777 101570 5014
50347 102933 10422
50699 103880 4381
50469 103227 4959
50248 102734 5816
50156 102480 3963
50300 102813 4839
50186 102577 8147
50248 102631 5656
50275 102759 4180
50204 102548 4205
46275 93861 4135
50637 103603 4200
50478 102849 4434
50126 102377 4347
50228 102626 5109
50741 103627 4575
50616 103665 3562
50117 102386 2877
50162 102507 4415
50264 102723 4380
46254 93825 3852
50710 103415 4111
50207 102577 4718
50486 102671 4118
50168 102445 3904
50553 102829 4451
50273 102812 4280
50252 102729 4529
50327 102974 5435
50680 103361 2758
50256 102651 4607
50464 103208 4157
50865 103832 7630
50304 102878 4337
50625 103116 4549
50758 103539 5731
50543 102904 4694
50488 103328 4814
50131 102446 9055
50741 103660 12331
49995 102115 4611
50938 103971 8368
50601 103157 4604
50601 102931 4791
50239 102587 4329
50483 102675 3034
50214 102577 5212
50304 102861 6288
50293 102866 2956
