79368 163776 9254
79645 164339 6442
79573 164109 8414
79203 163423 8116
79656 164423 5856
79149 163647 7317
79666 164507 8079
79727 164594 7712
79837 164932 9506
79592 164313 7368
79755 164683 9341
79654 164474 6261
79765 164685 4831
79844 164899 7498
78810 162747 9606
79943 165130 10933
79847 164919 10511
79737 164649 7443
79675 164436 7520
76680 158140 4873
79664 164393 7196
79392 163762 7726
79604 164266 8151
79796 164931 8834
79469 163974 10621
79657 164426 10748
79688 164439 10343
79248 163788 7523
79761 164541 8076
78845 162823 7482
76166 156719 6896
79539 164139 10698
79846 164939 9853
76287 157130 12152
79318 163537 4586
79152 163621 5626
76791 158160 5321
79634 164324 4929
79777 164940 9472
78785 162659 9474
76472 157433 7319
76549 157540 10340
79436 163963 6001
79473 163852 5530
79486 164035 5218
79775 164676 7660
79706 164780 5097
79844 164878 7366
76718 158020 6818
75724 155560 4731
76797 158224 7162
79199 163158 11572
79517 163971 10845
79147 163397 4975
76753 158379 6967
79981 165338 8218
79717 164867 8222
78779 162657 10931
79529 164111 5285
79758 164814 7362
79417 163792 7471
79705 164575 8256
79653 164494 5170
79777 164697 4864
79653 164362 7214
79226 163368 7104
79506 164082 9144
77107 159119 6351
79506 164085 6726
79659 164408 7461
79868 164962 5014
79632 164282 5554
79210 163786 9116
79492 164042 5215
79547 164080 7707
79123 163216 8826
79648 164289 8518
78822 162824 7745
79079 162973 8034
79240 163500 5908
78931 162759 8765
79800 164702 6169
79607 164396 7654
79741 164684 6580
78764 162583 6329
79933 165095 8616
79685 164456 8042
79297 163354 7674
79366 163730 7101
79736 164719 8410
79380 163763 7829
79587 164268 7044
79217 163521 8870
76164 156572 6894
79486 163971 11777
79427 163680 7599
79691 164465 4826
79759 164637 6936
78772 162643 9694
79573 164608 11251
