6787 14499 791
7068 14954 665
6920 14595 614
7057 14919 716
6519 13581 607
6525 13604 569
6997 14786 622
7215 15349 715
7053 14906 895
7060 14917 669
7024 14822 441
6762 14347 633
7073 14988 612
6991 14755 565
7020 14837 600
6604 13986 624
7016 14837 620
7094 14992 671
7181 15232 658
6568 13859 591
7123 15146 441
7260 15473 697
7050 14928 678
7051 14907 694
7061 15010 870
6574 13868 609
7063 14908 587
7052 14902 624
6751 14377 559
7056 14922 451
7010 14789 622
7037 14851 629
6635 14046 571
7141 15100 611
6909 14542 658
6779 14471 402
7096 15117 496
7066 14943 451
7062 14943 756
7073 14990 606
6914 14529 429
6826 14304 430
7184 15265 681
7012 14824 660
7085 14964 661
7036 14902 631
7050 14911 397
7073 15010 643
7057 14915 609
7010 14826 585
7181 15240 637
7028 14874 768
7064 14964 772
7055 14917 632
6974 14656 619
6883 14460 642
6777 14501 693
7153 15129 725
7050 14855 453
7074 14982 674
7100 15091 709
7106 15048 692
7064 15026 649
7019 14826 672
6734 14238 635
6861 14373 1353
7194 15283 557
7097 15058 617
6880 14476 681
7040 14930 601
7052 14895 702
7061 14949 685
7049 14904 560
7055 14912 686
6719 14193 638
7192 15300 713
7062 14943 701
7029 14890 503
6799 14158 666
7013 14814 648
7188 15255 700
7207 15313 695
7088 15092 703
7032 14934 702
7212 15363 624
7047 14880 518
7186 15251 744
6563 13836 464
7210 15330 607
7061 14979 503
7012 14832 427
7043 14921 458
7046 14877 709
6813 14251 645
7068 14949 707
7018 14823 709
7024 14853 685
7061 14933 647
7058 14939 692
7086 15008 491
