74499 95526 5414
75017 96147 7256
75041 96218 5095
74483 95533 5313
73702 94689 3068
74898 96238 3094
74501 95266 5243
74429 95534 3413
75047 96260 3177
74223 95040 3916
74618 95656 3452
74520 95736 3214
74577 95599 6206
74321 95123 5030
74190 94939 4593
74403 95318 5749
74004 94892 4838
73433 93692 4424
74265 95271 4664
73600 94295 5002
74053 94802 4993
73375 93783 5699
74039 94973 5459
74506 95368 5189
74287 95159 4802
74939 96016 3468
74655 95670 3267
74513 95616 3126
75300 96716 4959
74393 95241 6115
74445 95717 3680
74108 95468 4449
74596 95626 4769
74382 95360 3348
74921 96271 3481
74093 95016 4628
74143 94998 4495
74019 94850 6588
74656 95835 3258
73534 94184 4143
74872 96297 5706
74961 96438 3618
74615 95949 5230
74018 94734 4812
74553 95426 5024
70050 89650 4835
73978 94596 3142
73998 94930 4909
70428 90161 5815
73795 94640 6845
74928 96321 6751
72153 92369 5071
73490 94229 4988
74721 95910 6499
72606 92764 4015
74584 95650 7959
75319 96764 5652
74295 95146 5289
74045 94638 4512
75205 96793 5484
74171 94921 5553
73893 94831 4297
74262 95265 4243
74114 94943 5124
74432 95238 4534
74522 95605 5704
74067 94919 3357
73924 94746 4875
74689 96012 5701
74354 95488 3469
73366 93783 6172
75192 96573 4788
74540 95651 3423
74586 95837 3080
74481 95789 3493
74055 94844 4434
74763 96086 5080
73995 94886 5187
74002 94660 5121
74485 95485 4948
73910 94751 5100
74576 95664 4931
75003 96449 5036
74694 95869 5728
74360 95432 5360
74170 94843 3643
70880 91011 5055
73465 93941 4993
74735 95556 5145
74478 95437 5572
74274 95187 4929
74658 95774 5588
74215 94979 3122
74215 95144 5268
74071 94837 4095
73589 94072 4543
74083 95105 4038
70407 90094 3827
73692 94484 3711
73948 94579 3157
