10280 21613 982
9888 20550 906
9456 19622 851
9964 20745 1027
9856 20422 1070
9934 20694 997
10182 21247 1088
9806 20178 1072
10080 21003 1287
9884 20378 740
9869 20494 836
10244 21452 996
9526 19774 841
8893 18516 510
10018 20905 620
9808 20229 1090
10266 21493 1085
9066 18719 912
10171 21246 1097
9881 20418 940
9507 19844 594
9683 20089 573
9678 20019 561
8777 18233 753
10355 21618 1002
10301 21549 1002
9974 20819 616
9970 20725 752
9185 18848 940
9818 20380 670
8656 17933 637
9004 18575 690
7895 16147 820
9300 19189 909
9925 20724 3562
9923 20648 946
9839 20474 919
10006 20900 1014
10146 21279 1124
10437 21913 1025
9546 19909 962
9552 19825 1000
9711 20034 939
10073 21096 988
9975 20843 1068
10398 21720 1079
10244 21347 1083
9460 19660 1016
10322 21587 1107
8742 18153 840
9450 19595 1193
10294 21412 1023
10204 21259 685
8747 18251 673
10069 21006 713
9756 20326 688
9760 20296 1042
9801 20351 1012
9763 20331 1572
10302 21742 1005
9624 20096 1522
9511 19823 1063
9935 20708 841
10249 21582 1040
10196 21465 684
9866 20495 633
9552 19771 620
9689 20074 919
8744 18182 904
7826 15971 767
9376 19466 893
9424 19594 1033
9052 18717 875
10194 21413 731
9572 19778 965
8694 18046 805
9454 19557 1016
10028 20910 940
9684 20171 1039
9670 20036 941
8446 17487 556
10544 22079 945
9951 20635 945
9977 20672 638
9799 20352 987
9139 18905 941
9925 20616 963
10006 20686 1073
10012 20842 676
9925 20611 677
10197 21231 867
9993 20865 998
10174 21209 2618
9541 19779 1004
9972 20944 678
10349 21649 1015
9781 20335 1007
9590 19904 1055
10374 21792 978
10004 20952 1078
