23713 48601 2559
24197 49848 2551
23396 47984 2566
23267 47735 2375
23571 48126 2104
23075 47333 1797
22935 46741 1718
24288 50173 2449
22394 45453 2046
23645 48367 2198
24239 50214 2352
24037 49434 2453
22379 45659 2952
22049 44859 2291
24105 49404 2284
23366 47707 2276
24065 49843 2387
22697 46287 2284
24084 49656 4273
22359 45592 7926
23422 47660 2465
23633 48514 2626
24202 49990 2517
23817 48946 2530
24017 49670 2392
23918 49233 1519
23708 48661 2232
19372 39385 1154
23386 48093 2383
19574 39930 1179
22645 46204 2009
24100 49599 2082
23753 48728 1623
23861 48941 2396
23916 49020 2014
23736 48749 1576
23301 47761 2287
23266 47558 2297
23703 48501 2266
22680 46498 2207
23843 48993 2517
19508 39735 2043
23460 47984 2343
24102 49486 2545
23997 49461 2213
23917 48940 2414
23875 49113 2536
22912 46515 2253
18435 37144 1966
23232 47671 2416
23458 48245 2552
23108 47265 2332
23091 47219 2368
21920 44711 2214
23603 48307 2480
23702 48570 2228
23256 47588 3001
19237 39037 1322
23164 47391 2309
22843 46729 2318
23986 49441 2560
23259 47691 3669
23270 47909 5394
23814 48973 7087
23414 48154 3612
23840 48908 2525
23594 48353 2787
23840 49040 2336
18806 38063 1849
23560 48283 2119
23372 47624 2118
23194 47291 2292
23191 47434 2867
23130 47336 2383
23149 47135 2257
23242 47607 1605
24061 49554 2122
23611 48389 1857
23296 47698 2267
23718 48714 2178
23719 48808 2665
23738 48745 2581
23649 48515 2049
23577 48505 2336
23229 47654 2619
23274 47422 2486
23867 48938 2520
23408 48010 2538
23467 48129 2396
23152 47113 2372
23469 48320 2379
22895 46644 2483
23315 47812 5179
23779 48884 2157
23016 47221 1491
23913 49320 1910
23504 48056 1654
23558 48233 2194
21916 44348 2004
23669 48783 2249
