19926 31613 1094
19963 31650 1008
19966 31653 1520
19816 31434 1661
20120 31995 1752
20001 31772 1579
19969 31653 1158
19892 31508 1031
19930 31566 1333
19922 31532 1595
19917 31545 1654
20470 32551 1679
19912 31569 1678
20057 31801 1629
19925 31579 1738
19913 31562 1791
19987 31747 1754
19948 31608 1742
19984 31682 1442
19789 31315 1072
19935 31593 1608
19840 31406 1564
20445 32503 1581
19856 31483 1361
19928 31569 1453
19930 31546 1483
19863 31442 1513
20522 32657 1620
19941 31637 882
20093 31958 1482
20065 31845 1508
20526 32664 1594
20567 32731 1640
19921 31580 1642
19838 31450 1556
19992 31717 1621
19920 31587 1660
19931 31601 1657
19967 31645 1664
19844 31447 1643
19838 31410 1720
20149 32057 1699
19861 31421 1000
19977 31694 937
20627 32881 1458
19932 31596 1653
20036 31801 1610
19917 31576 1048
19937 31612 1666
19845 31477 1663
19871 31478 1604
19915 31615 1646
20549 32643 1211
19916 31566 1613
19943 31635 1449
19904 31537 1605
19912 31549 2244
20019 31799 1228
20453 32545 1655
20124 31942 1502
19806 31393 1571
20253 32073 1754
19999 31721 1593
20180 32029 1636
20068 31854 1596
20157 32025 1136
19869 31449 1723
19916 31540 1185
19928 31588 1146
19874 31458 1217
20181 32054 1706
19935 31565 1021
19983 31682 1130
20553 32724 1667
20476 32580 1851
19976 31669 1591
19979 31679 1619
19899 31521 3822
20163 32000 1479
20614 32853 1151
19862 31472 1084
19972 31669 1125
19864 31509 1647
19867 31500 1776
19930 31612 1100
19920 31599 3800
19911 31581 1509
20024 31789 1402
19836 31428 1684
19993 31687 1528
19971 31664 1526
19969 31651 1864
19895 31534 1611
19847 31472 1676
20458 32556 1722
20503 32613 1612
20552 32617 1722
19849 31432 1417
19927 31616 1557
20187 32033 1710
