34435 49447 2427
34452 49490 2592
34460 49511 2456
34390 49413 2559
34445 49459 1599
34468 49495 2357
34457 49496 2303
34474 49523 2454
34453 49487 2388
34461 49484 2455
34440 49465 2263
34465 49513 2739
34424 49455 5316
34511 49528 2492
34449 49478 2138
34449 49463 2480
34230 49226 1531
34465 49535 1669
34465 49504 3781
34450 49496 2516
34440 49454 2839
34406 49433 2319
34213 49222 2290
34467 49499 7814
34464 49520 2298
34454 49473 7002
34367 49419 2405
34459 49481 1654
34460 49483 2417
34424 49472 2589
34478 49529 2262
34400 49418 1610
34454 49484 1718
34442 49474 2389
34474 49509 2670
34477 49517 2292
34488 49531 2436
34402 49425 2555
34413 49440 2321
34596 49617 2751
34455 49505 2432
34454 49485 2490
34451 49505 2494
34442 49443 2433
34480 49546 2447
34498 49549 2257
34452 49490 2257
34460 49526 2244
34507 49526 2466
34482 49510 2060
34394 49413 2259
34468 49491 1601
34442 49472 2414
34456 49494 2253
34425 49451 3919
34280 49289 1822
34395 49421 2395
34493 49536 2408
34474 49535 2044
34370 49387 2401
34405 49428 2678
34443 49467 2266
34538 49589 2402
34518 49564 2377
34500 49545 2210
34440 49470 2179
34464 49486 2054
34453 49492 2327
34527 49570 1929
34404 49397 2513
34354 49341 2382
34489 49596 2220
34403 49429 2339
34479 49561 2523
34446 49473 2454
34522 49565 2424
34404 49431 2431
34466 49500 1710
34471 49512 2569
34454 49522 2225
34370 49348 4046
34466 49509 1500
34374 49376 2647
34503 49538 2500
34509 49539 2493
34438 49479 1577
34455 49483 2349
34468 49544 2447
34479 49529 1612
34424 49455 3850
34403 49430 2158
34417 49465 2105
34450 49478 1742
34475 49505 2437
34468 49493 1753
34286 49304 3836
34466 49490 2173
34476 49502 2353
34391 49435 2801
34470 49525 2279
