85018 134394 7441
84945 134148 6357
85607 134915 6671
84787 133827 5841
84814 134051 6636
84949 134277 6189
84742 133720 4515
84802 134020 6349
84870 134267 5942
84956 134280 5912
84935 134197 6967
84758 133957 5170
84598 133493 5373
84989 134275 13626
84693 133895 6545
84775 133810 6573
84554 133406 5915
84616 133660 5578
84993 134356 8660
85383 134367 12707
84669 133726 7209
84725 133895 9624
85684 135094 10384
84927 134174 13091
85099 134497 6404
84696 133837 4023
84971 134251 6286
85271 134795 6309
84952 134179 6073
85687 134947 7746
85069 134466 7028
84941 134225 6404
85007 134293 7282
85065 134507 6651
85679 134909 6714
84833 134209 7403
84905 134139 6354
84641 133720 16060
85137 134727 5429
84842 134164 5673
84899 134186 5585
84974 134299 6433
85516 134725 5017
84910 134161 14810
84860 134143 7088
84987 134202 7041
84811 134017 7447
84846 134164 5164
84906 134158 6750
85047 134370 6592
85171 134707 4504
85864 135266 6479
85289 134315 7422
85529 134823 7277
84849 134079 4405
84775 134071 6706
84962 134239 8862
85011 134157 9622
84645 133800 7725
84675 133639 10358
85486 134671 6734
85797 135183 6788
85345 134434 7061
84638 133516 5984
84787 134091 4576
84924 134224 5956
84726 133947 6723
84775 134032 6591
85768 135151 7420
84974 134337 5861
84924 134205 6932
84838 134148 17829
84966 134285 9183
85123 134482 5881
84713 133968 11133
84855 133993 6874
84921 134198 5151
84965 134239 9254
84770 134064 7002
84414 133401 5810
85010 134363 5954
84954 134283 6752
84770 133923 11561
85467 134551 7459
84905 134081 6922
85506 134712 6651
84943 134230 6304
84892 134182 6618
84987 134340 6217
84943 134260 6535
85133 134463 7796
84935 134179 7275
84894 134194 6664
84913 134161 6178
85014 134390 5919
84764 133967 8851
84921 134171 6899
84962 134276 4315
84620 133592 6492
84974 134276 5819
