58942 82573 3913
57748 81446 3989
59094 82773 2376
59042 82709 4262
59042 82699 3558
58268 81895 9049
59066 82729 4956
59068 82769 4213
58966 82621 3700
58931 82697 3644
59033 82683 4189
58266 81914 2697
58995 82690 3332
58292 81942 7693
59029 82772 4398
59001 82688 3295
59046 82740 3894
58244 81829 3760
59083 82753 6529
59040 82769 4120
58968 82762 6007
59075 82795 4017
58889 82525 3771
59028 82696 4203
58292 81905 3915
58331 81988 4418
58304 81963 3973
59024 82730 3983
58252 81860 3667
59052 82758 4211
59010 82776 4200
58949 82605 3784
58960 82649 3975
58291 81913 2720
59057 82712 4058
58998 82670 8056
59021 82752 10435
58985 82685 3754
59090 82796 3946
59709 83990 3955
58903 82661 4012
59074 82793 3653
59059 82772 3815
59064 82787 5452
58177 81771 7811
58963 82691 5671
59001 82629 3419
58907 82555 2455
59072 82827 16019
59030 82653 4721
59944 84401 2703
59046 82725 4161
59067 82768 3344
58274 81862 2573
59062 82908 3964
58238 81908 3512
60042 84498 4684
58935 82588 4380
59013 82701 4044
59043 82691 8456
58979 82661 4019
59046 82729 6165
58991 82674 3868
59061 82752 3729
58970 82628 3464
58992 82674 4293
59057 82733 4861
58969 82687 3653
58910 82637 5260
58926 82603 4065
59058 82805 3830
58298 81961 7578
58972 82630 3949
59054 82759 2889
58874 82521 5450
58916 82645 4530
58866 82504 4006
58972 82682 4087
59043 82733 4240
59042 82739 3889
58362 82014 3782
58911 82570 3904
58935 82582 3747
59045 82709 6352
59058 82753 4215
59078 82750 3916
59060 82784 3783
58956 82641 3897
58289 81936 3941
59220 82912 4173
59053 82752 3665
59012 82707 3839
59051 82776 4446
58949 82580 3860
58928 82649 3821
58944 82646 4095
59059 82728 3749
59082 82761 3549
59022 82716 5136
59006 82651 3869
