46874 96972 4340
47385 98024 4773
45994 94818 3994
45034 92686 4459
45521 93987 3371
45202 93125 5059
47763 98848 4426
47757 98555 4089
47195 97582 4605
47224 97578 3441
47607 98548 4194
47838 99083 3089
45065 92790 3995
47649 98595 3088
47106 97334 3603
47856 99193 4538
47681 98787 4650
45074 92791 4392
47307 98003 4004
47850 99181 2989
47970 99517 3947
47630 98510 3856
47177 97670 3456
47668 98439 4267
46871 96845 4333
47124 97429 4419
45575 94041 2800
47820 99003 4522
47188 97569 4740
47747 98815 5405
47265 97787 4431
47810 98961 4666
47783 98945 3430
47716 98673 2874
48007 99222 6152
47183 97704 4460
47319 98040 3527
47867 99164 4967
47733 98863 6348
47212 97633 4870
47240 97742 4460
46873 96861 5226
47886 99055 2913
47910 99338 3807
45694 94155 4848
45403 93576 4528
47944 99469 4725
47622 98500 3576
47142 97562 4449
47171 97685 4945
47777 98917 4550
47934 99234 4353
46224 95558 4330
47344 98050 4335
46874 96804 3845
47497 98077 3755
47253 97863 4756
47558 98354 4183
47775 98905 4936
47843 98844 4439
45067 92794 2726
46141 95200 4580
47527 98198 4501
47685 98673 3394
47878 99055 4291
47093 97306 2971
47787 98665 4541
45824 94454 3936
47228 97772 3319
45540 93877 3468
47114 97492 3503
47522 98128 5375
47207 97670 4448
47233 97692 4806
47129 97464 4677
47680 98735 4206
47608 98660 4397
47223 97739 3589
47283 97756 7813
47218 97706 4361
47646 98870 5636
47353 97941 4169
47796 98914 3898
48062 99536 3814
47157 97458 5019
47504 98070 4734
47784 98954 6119
47115 97399 10028
47871 98877 5151
47600 98403 4675
47294 97861 4602
47920 98935 2925
47107 97417 5676
47876 98867 4079
47154 97602 4008
47652 98869 4575
48006 99383 4412
47867 99044 5022
47814 98696 4666
47243 97849 4375
