90226 185134 8159
89664 183599 9141
90583 185040 10711
90005 183514 10161
90484 184689 7330
89790 183988 7421
90048 184732 6905
89895 184419 10776
90276 185247 9166
89685 183659 11441
90056 184509 6114
89876 184353 8588
89850 184375 8830
89964 184494 7493
90079 184801 8516
89900 184306 10710
89715 183537 8522
90082 184715 14085
89838 184244 5426
89970 184345 11153
89841 184085 8459
89660 183592 10283
89991 184578 8507
90364 185376 10247
89902 184395 9289
89976 184538 12337
90005 184531 8525
89661 182980 8715
89993 184628 15577
90544 184916 8964
90101 184940 10971
89916 184399 12230
90074 184538 15635
89781 184015 7827
90115 184086 7734
89939 184431 22725
89238 182688 8768
89744 183668 10726
90813 185901 8343
90039 184454 6684
90094 184720 13798
89872 183397 8296
89929 184465 13307
90079 184824 8399
89432 182929 8004
89930 184381 18191
90090 184639 8426
89878 184237 9332
89883 184137 9342
90427 185548 8837
90360 185321 7558
90048 184641 10482
90260 184286 8082
90150 184908 7662
89872 183988 6094
89935 184430 7850
89829 184081 8395
90122 184730 8416
90688 186434 9278
90337 185402 6979
90333 184451 9447
90482 185003 8254
89956 184521 9176
89927 184304 13379
90174 183940 8141
89778 184156 8600
89794 183223 8418
90224 185139 6757
90408 184587 9573
90096 184804 9117
89611 183634 10138
89816 183959 21828
90142 184860 13139
89566 183542 7098
90050 184634 7951
90300 185173 12707
89647 183840 9876
89851 184196 11384
90299 184663 8108
90272 185159 8513
90036 184691 7462
90064 184510 10262
90203 184903 8005
90322 185177 7884
89659 183782 8152
90007 184619 7662
89784 183824 7947
90233 185249 13579
90103 184837 8797
89887 184202 23869
89428 183068 11863
89801 184085 17268
90236 185041 7688
89797 183959 15993
89785 184093 42102
91057 186469 8394
89983 184618 28640
90152 184869 52646
89947 184498 13716
90332 184269 13200
