84574 110445 3333
84520 110340 3688
84581 110463 8544
85347 111461 5307
84455 110285 5218
85157 111084 5119
85129 111137 3936
84692 110615 8806
84992 111040 5296
85245 111363 4997
84482 110345 5476
84574 110441 5243
84495 110352 3592
85027 111014 5100
84659 110584 5154
85300 111399 3527
85083 111030 3483
84474 110304 5736
85032 111039 4142
85196 111164 5801
85051 111061 5642
85267 111275 6845
84322 110240 4515
84473 110309 6122
84658 110711 5389
84499 110304 7148
84519 110368 9906
84486 110346 5182
84573 110439 6273
85090 111177 4755
84502 110355 7711
84532 110355 5247
85145 111205 5444
85313 111567 6434
85157 111186 6539
84625 110548 5758
85048 111037 5409
85340 111533 6722
84547 110428 6192
84637 110527 8745
85045 110973 3535
84523 110499 5716
85135 111038 3608
84609 110558 4201
84487 110281 5748
85066 111101 4769
84500 110367 5758
84647 110577 5548
84844 110792 5375
84616 110516 5517
84483 110321 5469
85041 111031 3609
84455 110345 3426
84455 110363 5579
84564 110437 5242
85155 111062 5809
84467 110377 3528
85172 111209 3526
84500 110370 6675
84469 110280 10963
84608 110519 4199
84632 110543 6243
84606 110481 5184
84520 110351 4999
84330 110198 5772
84978 110972 6064
84527 110436 3850
85075 111074 5404
84488 110341 6401
84743 110801 5844
84446 110264 6163
84438 110311 5212
85254 111377 6278
84570 110452 4079
84713 110694 4035
84621 110498 5733
84537 110381 3309
84646 110578 6878
84475 110380 5303
84595 110529 4448
84525 110511 3483
84699 110652 5471
84415 110252 6142
85018 111027 5786
84525 110410 7281
83446 109541 4193
84615 110468 7516
84246 110109 5315
85013 111038 5386
84634 110580 5050
84426 110279 5192
84508 110312 4875
84498 110336 8124
85055 111081 5653
84529 110364 5769
84595 110540 5296
84787 110795 5230
84580 110498 5740
84935 110980 4727
84984 110931 3772
