84094 169410 7748
84365 170490 5761
83868 169035 9209
80862 162866 11422
83325 167845 11433
83484 168040 8814
84031 169614 12557
84137 169539 8470
84159 169724 7087
83451 168257 8058
83709 168949 5326
83764 169065 8815
83017 166697 6023
81581 164334 10258
84682 171066 9389
81769 164268 7547
84906 171697 8317
85224 172414 8520
82607 166410 8979
83214 167833 8576
83000 167480 9136
83873 168987 7705
81821 165039 7986
83881 169141 7908
82202 165126 6537
83859 168614 6133
80339 162035 7278
83748 168956 9724
81505 163800 6375
84241 170292 5466
84475 170693 7611
83042 167452 5131
82282 165487 7720
84347 170316 7512
83772 169361 9283
78626 158170 6225
82866 166553 9274
82736 166595 6662
83712 169006 8946
84820 171536 11617
84003 169264 7884
83868 168760 5757
82469 166710 10397
84398 170345 11617
84061 169574 8283
84696 171051 11046
83866 168608 8791
81720 164716 9928
83544 168232 6196
82590 165772 8006
83618 168686 8777
82291 165840 8718
83353 167716 8782
83702 168559 6599
82066 165091 8109
82225 165315 7603
84049 169344 8250
81000 163715 5856
84672 171104 8112
81124 162721 8034
83190 167035 8988
83325 167679 8069
82304 165580 8031
85008 171302 7211
84427 169852 8162
83117 167214 5241
85052 172111 5380
82293 165432 9967
84571 171233 8374
83094 167556 14468
82813 166990 8157
83711 168707 11249
84157 169881 5326
82735 166832 8106
83519 168222 9994
83338 167728 9474
83863 169264 8334
84032 169889 8352
83903 168963 7995
83726 168655 8277
83995 169036 7737
84753 170962 8019
84625 170840 8024
83272 167723 5214
82937 166863 8159
83815 169180 11108
85334 172868 8408
83614 168075 8681
82457 165786 8888
83804 168720 6056
82468 165713 7804
79516 159956 5010
81594 163785 5064
81587 163989 9519
82935 167021 8102
83916 168861 8226
84217 170333 8730
82113 165068 5285
84804 171880 8533
84082 169874 6167
