21887 30408 1178
21755 30211 1469
21983 30637 1692
22261 31095 1736
22015 30683 1594
21952 30494 1549
21960 30433 1603
21398 29622 1516
21493 29778 2120
21716 30229 1583
21151 29200 1379
21764 30212 1663
21417 29850 1641
21647 29997 3199
21786 30244 1348
21765 30316 1688
21704 30124 1796
21694 30180 1532
21908 30385 1722
21579 29873 1768
21329 29509 1564
21725 30112 1677
20568 28422 1253
21307 29393 1604
22042 30670 1706
22075 30598 1609
21461 29826 1654
21273 29502 1370
21580 29921 1520
21681 30061 1848
21384 29522 1538
21351 29429 1433
21801 30337 1263
21110 29137 1036
21315 29320 1054
21351 29515 1390
21888 30322 1146
21249 29387 1559
20385 28209 1519
21542 29737 1032
21256 29371 1459
20336 28065 1455
22305 31000 1677
21837 30218 1672
21670 30078 1866
21644 30027 1750
21283 29391 1031
21850 30336 1546
20411 28144 1184
21490 29857 1635
21706 30115 1951
20194 27817 1709
21980 30618 1092
22094 30605 1487
21927 30470 1594
20296 27960 1567
21734 30082 1668
21108 28973 1756
21909 30377 1418
21629 29951 1623
21773 30139 1137
21929 30450 1530
21802 30228 1150
21704 30055 1071
21957 30672 1690
21401 29664 1516
21938 30508 1590
22193 30882 1819
20456 28239 1229
20751 28664 1503
22119 30678 1567
21585 29947 1003
21958 30591 2229
22243 30915 3058
21666 30148 1057
21583 29813 1226
21421 29724 1161
20498 28333 1524
21540 29821 1734
21815 30209 1720
21574 29908 1553
21515 29703 1923
22066 30586 1604
21766 30121 1513
21599 29934 4968
21994 30443 1646
21572 29699 1627
22101 30869 1451
20705 28558 1005
21624 30032 1102
22055 30445 1642
21871 30451 1200
21491 29742 1693
21675 29937 1893
21824 30227 1664
21680 29907 1485
21597 29877 1151
22063 30611 1645
21751 30250 1630
22016 30519 1627
