65735 109541 3921
65257 108492 5475
65503 109060 5940
65737 109582 5709
65262 108517 4094
65639 109272 6182
65816 109746 5160
65686 109351 4785
65287 108551 5738
65754 109569 5703
65647 109236 4997
65281 108558 5336
65287 108574 5383
65622 109304 5651
65826 109759 5866
65653 109427 5590
65776 109662 5305
65272 108528 5295
65496 109045 3411
65507 109058 3303
65588 109171 3427
65817 109758 5288
65524 109126 7234
65241 108649 4860
65958 109704 5458
65657 109349 5083
65642 109298 5504
65705 109421 5474
65834 109799 6494
65299 108570 5024
65103 108423 5022
65282 108559 5334
65300 108801 5631
65132 108330 5336
65626 109262 5414
65516 109010 3295
64909 108115 3519
65492 109045 5007
65555 109240 4265
65761 109583 7577
65101 108430 6364
65768 109613 5274
65756 109601 3491
65073 108386 9287
65838 109664 5355
65015 108237 5528
65051 108403 3805
65312 108813 5651
65298 108589 5260
65732 109564 5384
65911 109520 6610
65778 109655 5053
65134 108485 5697
65874 109888 5683
65500 109054 4753
65140 108342 3489
65197 108576 5265
65787 109679 5429
65570 109130 8680
65673 109472 5432
65769 109608 5267
65287 108562 6265
64973 108133 7945
65533 109180 5320
65266 108509 4861
65193 108560 5533
65685 109323 5397
65393 108795 5621
65106 108400 5350
65509 109068 6754
65526 109107 5125
65642 109275 3919
65261 108526 3341
65547 109005 3928
65664 109504 6941
65366 108900 5132
65691 109369 3478
65084 108373 3497
65277 108563 4062
65689 109318 5287
65327 108658 5249
65596 109165 5685
65590 109169 5400
65398 108854 3343
65852 109820 3267
65432 108853 3387
65269 108538 4086
65613 109351 3879
65345 108895 3817
65830 109664 3672
65362 108666 5925
65280 108540 5324
65669 109317 6460
65179 108528 7632
65362 108730 5554
64902 108055 5031
64986 108227 5463
65529 109226 3621
65594 109155 3333
65227 108696 4815
