47547 65320 3517
48389 66639 3525
47823 65669 3190
47421 65191 2263
47578 65416 3491
47710 65771 3334
47920 65886 2542
48205 66391 3487
47888 65718 3526
47978 66216 2407
48555 67027 3512
47958 66063 3722
47878 65887 3437
48226 66474 3503
48123 66147 3905
47715 65535 3339
48539 66968 3610
47576 65378 3503
48682 67051 2128
48178 66364 2331
47950 66117 2516
48036 66161 3644
48756 67384 3503
47646 65486 3616
47549 65373 5355
47738 65626 2557
44231 60519 2175
47675 65414 2170
47093 64616 3627
47484 65202 2478
47855 65924 2278
48656 67107 3521
48258 66408 3560
45011 61921 3598
48825 67596 2388
46943 64457 7249
47221 64649 2277
48683 67191 3382
47765 65951 3156
48134 66378 2291
48507 67078 3671
47777 65653 2192
47936 65950 2365
48786 67075 2684
48384 66845 2375
48048 66320 3296
48915 67482 3254
47523 65362 7329
48076 66402 2500
47699 65615 3453
48146 66116 3152
47712 65650 2339
48161 66227 3508
48060 66047 3636
48280 66460 4426
48849 67623 3445
48400 66731 6110
48132 66198 3278
48311 66530 3441
47390 65059 7361
47700 65612 3436
48648 67135 2316
47977 65931 4451
48451 66938 3365
48834 67283 5252
47465 65065 3454
45614 62835 2290
47781 65776 2435
48668 67172 6785
47768 65777 3351
48676 67212 3489
45354 62572 3739
48580 67292 4032
48025 66163 6818
49049 67927 3736
47679 65586 3424
48601 66860 3643
48364 66671 3673
48255 66426 3613
48174 66538 4149
48612 66971 3480
48370 66825 3304
48316 66729 2563
47844 65948 2323
48259 66591 2308
47915 66194 3299
45249 62087 3021
48311 66450 3616
48080 66311 6825
47694 65626 2251
49081 67740 3758
47720 65550 3197
48630 66758 2631
48524 66836 3237
48162 66165 3395
48739 67119 3415
48140 66286 3045
48286 66636 2528
48314 66675 3435
47905 65856 3171
