53208 69566 2945
53152 69500 2370
52931 69269 6390
53146 69488 2877
53404 69805 14002
53677 70122 3879
53182 69545 5222
53304 69762 3449
53257 69807 2858
53192 69545 2329
53581 69977 11633
53229 69796 3534
53177 69638 3161
53300 69755 3214
53315 69856 3162
53197 69567 3159
53174 69536 3525
53256 69715 3109
53196 69692 3247
53094 69392 4781
53617 70026 3174
53175 69539 2995
53144 69445 3627
53146 69488 11994
53276 69727 3046
53183 69544 3910
53378 69892 3074
53187 69639 3958
53494 69853 2799
53175 69504 3145
53571 69982 3380
53575 70151 3004
53175 69545 3014
53156 69488 2987
53246 69805 12392
53165 69505 3160
53808 70246 5665
53178 69511 3031
53059 69467 2952
53173 69522 3103
53382 69767 3192
53397 69799 3089
53408 69818 3199
53705 70226 3892
53467 70031 2397
53560 69911 2900
53147 69592 2896
53686 70168 3241
53342 69835 3171
52925 69247 2884
53180 69521 2775
53331 69804 2755
53158 69643 3124
53267 69645 2875
53572 70153 7714
53024 69403 3536
53077 69418 7733
53446 70045 3281
53150 69491 2930
53066 69448 3409
53287 69773 3218
53512 69866 2902
53185 69544 2813
53397 69794 3461
53282 69736 3292
53170 69522 6320
53053 69409 3175
53164 69655 3376
52895 69312 3191
52971 69254 3424
53411 69966 3365
53393 69884 3088
53148 69448 2840
53192 69715 3235
53168 69640 6856
53205 69518 3584
53283 69717 2910
53678 70220 3068
53109 69560 2586
53153 69498 3359
52989 69341 3119
53377 69909 3299
53177 69505 7107
53223 69726 3137
53166 69481 3188
53781 70231 6326
53167 69484 3524
53170 69559 2934
53144 69442 2478
53442 69977 3187
53760 70142 3506
53304 69700 3411
53150 69519 3428
53626 70044 3208
53175 69551 3147
53047 69387 3119
53175 69539 3061
53100 69503 3462
53147 69485 3700
53182 69566 2799
