71191 112327 5068
71365 112327 5042
71339 112538 5901
71397 112416 6779
71452 112489 5274
71379 112496 5267
70552 111517 5708
71385 112367 4052
71412 112490 5879
71465 112579 5274
71604 112798 5591
71052 112091 5409
71470 112674 5183
71524 112705 5684
71499 112567 3365
71386 112357 3009
71440 112490 5499
71506 112659 9252
71264 112296 3908
71472 112737 5575
71315 112316 6094
71427 112629 5868
71421 112467 5445
71164 112279 5480
71428 112564 6027
71339 112383 5819
71008 112060 3384
71418 112687 5707
71302 112332 5149
71057 112134 4325
71467 112638 5260
71156 111909 5259
71483 112596 3474
71428 112468 3574
71347 112312 7192
71503 112614 3780
71487 112665 3993
71532 112938 4139
71505 112638 4651
71150 112420 5751
71073 112168 8643
71441 112474 6318
71425 112435 5872
71365 112377 6100
71469 112641 5421
70992 112021 5386
71422 112435 3830
71849 113367 5697
71259 112555 3441
71439 112591 3482
71433 112518 5546
71363 112421 5668
71444 112612 4073
71516 112673 6068
71368 112553 5523
71299 112395 5378
71376 112409 6447
71481 112605 7441
71385 112414 6768
71408 112608 7178
71334 112556 3396
71453 112523 3407
71441 112592 5153
71466 112524 5630
71426 112485 6212
71384 112494 5722
71100 112140 5381
71379 112510 5815
71390 112541 3586
71429 112549 7148
71455 112932 5235
71494 112695 5058
71464 112578 5659
71304 112252 4915
71027 112104 3966
71488 112803 3286
71448 112461 5426
71514 112662 5576
71436 112624 3675
71434 112487 3615
71429 112492 3392
71397 112611 5068
70610 111658 4182
71349 112333 3589
71750 113270 3717
71387 112384 5733
71411 112394 5159
71412 112455 3451
71352 112354 3368
71309 112335 4378
71410 112493 5350
71338 112323 3503
71438 112504 5138
71459 112636 5607
71437 112527 3798
71281 112268 5933
71389 112516 4218
71277 112202 3476
71365 112353 5157
71500 112658 5420
