31717 40914 2135
31553 40839 2394
31648 40894 2215
31161 40081 1528
31158 40076 1524
31320 40389 1458
30898 39609 1410
31829 41181 2319
31294 40322 2258
31745 40964 2861
31583 40763 2090
31309 40355 3487
31565 40806 1954
31366 40295 2286
31454 40641 1987
31642 40801 1683
31905 41270 1954
31730 41020 2257
31130 40219 1474
31288 40411 1565
32002 41345 2284
31224 40165 2118
31460 40615 2138
30210 38963 1372
31292 40245 1388
29807 38331 1345
31924 41417 1505
31183 40206 2207
31374 40511 1952
31123 40246 2223
31140 40073 1410
31541 40644 1566
30855 39819 1442
32113 41721 2204
31393 40260 2111
31949 41305 2047
31205 40224 1917
31093 39947 2370
31034 39982 2132
31709 40866 2069
31629 40797 2070
31209 40180 1413
31134 40055 2156
31312 40392 2130
31264 40407 4539
31646 41028 2141
31232 40260 2306
31549 40861 1880
32043 41324 1496
31411 40631 2205
31926 41258 1470
31411 40399 1356
31567 40865 1895
31304 40177 2289
32129 41612 1599
31182 40238 2158
31264 40457 2106
31427 40659 2299
31508 40626 2190
31182 40268 2193
31404 40517 2159
31259 40290 2323
31649 40764 1469
31681 40979 2291
31957 41300 2153
31782 41078 2402
31283 40186 2558
31607 40696 2213
31505 40650 1392
31807 41116 2618
31170 40262 2148
31098 39958 2141
31898 41249 2143
31055 40000 2244
31381 40446 2683
31048 40005 2289
31210 40056 2376
31093 40126 2307
31887 41366 1734
31796 41084 2073
31603 40811 2284
31765 41043 2164
29222 37522 1414
30782 39504 1995
31175 40091 6516
31697 41153 2232
31272 40407 2267
32000 41359 1565
31317 40385 1722
29886 38484 1164
31796 41265 2554
32082 41515 2233
31703 41081 2340
30955 39682 3754
31704 40997 2197
31722 41044 2234
32145 41656 2334
31948 41490 2135
31038 39869 4320
30505 39166 1536
