53998 74483 3763
53751 74203 3681
52577 72327 5593
53533 73603 3777
52876 72419 3451
53450 73627 6631
52478 71880 3596
53414 73570 2584
53400 73734 4421
52359 71823 4227
53111 73337 2900
53055 72896 3053
53446 73649 3613
53541 73737 2504
52578 72366 3651
53431 73614 6786
53100 72829 3604
53011 72984 4140
53366 73691 3991
49827 68581 3590
53363 73454 3879
52865 72687 10558
53126 73032 3431
53722 74027 2541
52106 71691 3327
52941 72841 6509
53420 73802 5585
52708 72562 4114
53370 73578 5932
53294 73166 2804
52948 72871 2558
53141 73170 2434
52926 72780 3770
52196 71691 3721
52894 72657 3974
52960 72830 3893
53349 73578 4087
52980 73041 3938
52866 72669 3841
52322 71969 2529
52617 72217 9799
51724 70949 3844
52718 72461 3855
53266 73440 3553
53430 73621 3918
52351 71893 3549
52181 71481 3880
52377 71934 3588
53482 73682 3414
52818 72796 2422
52878 72625 4076
53265 73251 3423
53738 74077 2367
51893 71114 2301
52739 72664 2525
52512 72110 3734
53182 73276 2468
53101 72853 2743
49210 67433 3174
53733 73841 5734
52173 71531 3779
53797 74439 3895
53662 73858 4211
53529 73678 3843
53022 73030 2524
53137 73028 3789
53091 72961 6749
52674 72277 3424
52680 72407 3299
53051 72925 4337
53604 74030 2608
53019 72834 3747
53018 73018 3769
52864 72368 4592
53236 73480 3575
52832 72486 2366
52408 71884 3193
52715 72417 3816
53793 73997 4097
51784 71352 3688
53140 72994 3897
53642 73890 4063
52939 72793 2997
53920 74355 3657
53475 73670 3841
52805 72524 3730
53361 73536 3933
52506 72119 3471
51953 71222 2578
53421 73536 3695
52962 72800 3951
53258 73485 3752
53979 74270 3021
52997 72753 3919
53062 72874 3818
53950 74462 3925
53010 72996 2829
52727 72497 3511
53294 73397 2875
53690 73934 4013
