23243 36420 1974
22830 35651 2087
23136 36292 5621
23608 36986 2069
23384 36751 1938
23489 36864 1997
22935 35859 1873
21092 32868 1827
23300 36400 1232
22681 35339 1885
23031 36110 2013
23286 36529 1960
23126 36150 3018
23122 36295 2846
23282 36575 1406
23121 36207 1771
23240 36520 2406
22982 35926 1906
23147 36125 2082
21048 32595 1708
23374 36597 1904
22973 35776 1288
23259 36410 2016
22687 35359 1965
22491 35009 1845
23150 36209 1936
22970 35848 2479
23451 36808 1828
22744 35395 1180
22963 35864 1188
23309 36735 1887
23292 36271 2073
23075 36113 5749
23250 36342 1812
23115 36154 2070
21111 32810 1184
23290 36510 1429
23044 36073 1404
22897 35833 1941
23117 36087 3550
20253 31470 1402
23086 35996 1242
23194 36276 1750
23086 36212 1233
23370 36762 5925
22416 34929 1350
23420 36624 2283
23409 36753 2019
22699 35432 1355
23348 36694 1969
22805 35494 1830
23498 36915 1869
22807 35582 1834
22864 35547 1170
23139 36114 1362
22687 35205 1896
23481 36969 2050
22416 34791 1859
22675 35397 1312
23014 35845 1867
22904 35738 1830
22787 35495 1435
23636 37135 2096
22626 35361 1723
23199 36382 1830
23230 36336 6198
23497 36739 1904
22584 35408 1916
22901 35782 1336
22924 35579 1663
23466 36820 1901
23672 37061 1935
23038 35964 1702
22943 35625 1282
22983 35966 1308
23185 36101 1656
23464 36952 1401
22997 35915 1262
23376 36699 1361
23023 35957 1979
23157 36325 2050
22946 35814 1826
23288 36705 2051
23723 37358 1855
23066 35827 2101
23272 36434 1835
22874 35616 1940
23493 36890 2099
22631 35162 1901
20902 32663 1694
23256 36344 4233
22875 35781 2223
22381 34856 1932
23224 36478 1894
22991 35939 1928
22695 35507 1907
22741 35355 1985
23100 36037 3200
23025 36031 1889
23638 37121 2064
