24680 51523 2274
25091 52192 2453
25169 52499 1667
25352 52914 2658
25291 52898 2384
25196 52616 2366
25339 52901 1523
25138 52478 2508
25075 52204 2437
24553 50912 2291
25099 52333 2154
25172 52415 3058
25048 52280 1718
25166 52676 1767
25424 53146 2435
25258 52737 6108
24735 51540 2434
25095 52425 2476
25065 52214 1549
25089 52226 1456
25346 52939 2953
25391 52975 2520
25174 52433 2798
24712 51560 2295
25179 52645 1625
25212 52584 2601
25090 52250 2230
24673 51177 2242
25044 52279 1665
25200 52575 1752
25042 52122 2555
25199 52605 2514
25101 52341 1632
25223 52574 1705
25096 52285 2643
25279 52804 2771
24564 51231 2544
25070 52195 2928
25090 52297 1583
25193 52481 2436
25294 52881 2403
24895 51962 2254
25076 52220 2365
25197 52593 2308
25163 52413 2373
25205 52516 2484
25113 52298 2523
25098 52306 1687
24666 51445 2212
25066 52340 2452
25216 52538 2306
25167 52492 2379
25085 52442 4378
25016 52213 3049
25193 52533 2626
25121 52342 2577
23770 49079 2150
24813 51840 2789
25093 52312 1647
24736 51369 2357
25161 52638 2511
25318 52858 2311
25147 52390 3627
24987 51973 1584
24974 52109 2455
25348 53022 1807
25352 52856 2479
24969 51967 2439
25157 52541 2512
25252 52671 3556
25202 52759 2568
25282 52772 2642
25123 52407 3118
24841 51860 2452
25203 52596 1645
25154 52436 3267
25234 52602 1674
25249 52685 2320
25120 52436 2385
25122 52367 2429
25102 52372 2568
25283 52768 2498
25337 52883 1984
25238 52797 3327
24672 51366 1702
25069 52239 2545
24983 51957 2515
25229 52811 2814
25128 52280 2542
25295 52807 2448
25129 52398 2570
25219 52602 2463
25250 52734 2448
25260 52601 2310
25206 52531 2047
25196 52564 2862
25137 52436 1569
25131 52360 1671
25325 52816 2460
25180 52507 2392
