29746 61567 2008
29927 62118 2183
29645 61299 2201
29627 61349 1415
31244 64706 2439
30462 63254 2329
29711 61500 2264
29943 62001 2280
30769 63970 2634
29908 62023 2207
35648 74016 1700
29774 61673 1424
31332 64953 1544
29937 62125 2278
29907 62006 2178
29900 61991 2252
29886 61919 2158
29924 62086 2152
29935 62049 2380
29756 61662 2278
29632 61313 2097
30892 64100 2311
29961 62157 1348
30000 62181 1435
31030 64380 2266
29689 61407 2019
31786 66304 1512
29945 61990 1427
29837 61848 2116
29631 61329 2310
31745 66206 1551
29925 62064 1509
29903 61981 1477
31288 65010 2540
29915 62017 2401
30942 64255 2765
29893 61981 2213
29690 61418 2153
29970 62183 2107
31337 64938 1506
29900 61951 2567
29892 61958 2207
31182 64653 2215
29703 61485 2148
29910 61965 2250
29917 61857 2167
31125 64716 2189
29940 62010 2205
29720 61563 2901
29633 61353 2254
29706 61502 2471
29875 61925 2314
29865 61936 1614
31036 64562 2193
29896 61942 2035
30004 62229 1384
29927 62113 1900
31328 64921 1843
31013 64567 2030
29628 61279 2024
29890 61920 2063
29716 61523 2321
30797 63833 2190
30031 62289 2260
29604 61208 2131
29917 61988 2335
29652 61330 2172
29821 61712 2100
29752 61568 2258
31581 65715 2459
30979 64414 2322
31971 66735 2383
29707 61474 1963
30453 63254 2432
29820 61852 1584
29623 61274 1470
29759 61689 1525
29939 61930 1490
29545 61098 1579
30565 63410 1445
31272 65161 1675
29888 61946 2190
30959 64259 2337
29726 61565 1387
31286 65078 2212
29536 61146 1355
29918 61943 1841
31045 64575 1453
29625 61317 1542
29845 61819 2229
31146 64913 2238
31005 64097 2493
29634 61342 1883
29798 61655 2131
29944 62118 2025
29903 62003 2220
31048 64457 2145
31362 64953 2396
29920 62031 2208
29927 62063 2173
