3726 5257 217
3804 5417 314
3789 5373 305
3905 5592 262
3959 5661 280
3761 5361 278
3593 5089 255
3792 5403 304
3946 5680 320
3656 5128 196
3804 5444 280
4026 5819 324
3608 5113 271
3839 5449 299
3840 5475 310
3958 5719 331
3542 4964 294
3777 5412 301
3891 5609 274
3596 5084 269
3938 5646 310
3887 5565 305
3768 5374 324
3866 5509 298
3847 5504 309
3636 5181 278
3917 5596 290
3773 5364 275
3798 5458 234
3961 5674 323
3721 5261 205
3786 5309 293
3709 5228 337
3673 5194 307
3783 5396 306
3649 5198 252
3749 5346 276
3753 5316 271
3633 5082 288
3589 5107 280
3826 5463 267
3729 5336 274
3740 5310 186
3832 5526 267
3706 5209 287
3788 5430 286
3853 5426 253
3750 5287 281
3782 5386 268
3865 5584 348
3817 5400 244
3819 5463 291
3588 5065 226
3752 5306 291
3878 5485 310
3634 5098 272
3780 5413 263
3924 5579 261
3789 5338 284
3688 5252 253
3742 5350 194
3724 5224 249
3842 5522 278
3745 5351 373
3742 5242 279
3964 5679 292
3625 5185 232
3743 5303 186
3808 5404 238
3853 5535 291
3703 5287 290
3844 5509 296
3689 5209 287
3859 5564 284
3628 5144 261
3784 5396 305
3929 5636 315
3873 5559 282
3667 5179 305
3802 5399 193
3762 5385 244
3886 5581 292
3695 5196 263
3728 5318 271
3948 5697 261
3801 5456 244
3730 5283 276
3833 5500 278
3525 4950 239
3764 5403 277
3629 5084 199
3847 5494 295
3881 5495 278
3737 5208 275
3835 5497 961
3669 5219 273
3523 4950 285
3626 5120 274
3467 4894 270
3645 5111 287
