34370 45058 1463
34251 44887 2197
34260 44921 2094
34432 45163 2586
34350 44992 1478
34250 44883 1355
34230 44850 2142
34376 45116 2137
34439 45159 1838
34310 44964 1468
34250 44889 2207
34387 45067 2288
34405 45092 1525
34345 45061 2445
34367 45078 1638
34368 45079 1712
34270 44904 2673
34315 45014 2406
34243 44865 2160
34271 44916 2143
34391 45120 4296
34243 44856 2088
34293 44913 2145
34252 44884 2239
34191 44884 1656
34249 44968 2448
34305 44992 2254
34402 45129 2258
34293 44961 2193
34052 44588 2285
34278 44947 2363
34249 44886 2462
34251 44899 2152
34312 45032 2472
34400 45098 2268
34392 45080 2201
34263 44906 2242
34318 45005 2193
34251 44898 2256
34234 44872 2508
34364 45076 2396
34351 45025 2495
34338 45001 2410
34349 45017 4825
34373 45066 2373
34316 45017 2512
34265 44898 2626
34386 45030 2266
34316 45019 1463
34323 44973 2164
34332 44994 2009
34300 44995 2266
34360 44971 1531
34303 44989 1478
34256 44878 1471
34388 45099 1406
34290 44960 2817
34267 44906 2069
34266 45024 1547
34326 45002 1381
34262 44921 1503
34391 45091 4510
34253 44954 1429
34118 44653 1445
34297 44953 2264
34265 44907 1455
34293 44960 1400
34264 44918 1530
34334 45013 1328
34303 44986 2077
34300 44952 1484
34302 44994 2354
34404 45069 4210
34448 45144 2216
34205 44908 2446
34250 44882 1372
34251 44901 2168
34248 44874 2171
34247 44890 1434
34390 45084 1578
34272 44930 2232
34184 44876 2340
34341 45037 2730
34230 44875 2269
34249 44900 4516
34045 44527 2111
34247 44868 1967
34344 45023 6119
34270 44924 2178
34233 44877 2574
34278 44935 2519
34253 44878 3297
34289 44971 1682
34363 45065 2270
34256 44930 6060
34268 44937 1681
34272 44951 2065
34432 45190 2159
34308 44993 1491
34263 44917 2814
