51751 74318 2938
51568 74015 2670
51605 74055 2314
51563 73971 3645
51721 74300 3351
51565 73973 5345
51584 74037 3528
51849 74501 3384
51615 74049 3382
51761 74265 3620
51750 74289 4044
51614 74022 3194
51503 73933 3662
51734 74339 3548
51795 74325 3997
51514 73895 2497
51674 74060 3436
51568 73955 3442
51564 73971 5149
51611 74078 4914
51805 74344 3472
51599 74061 2458
51891 74400 3582
51597 74017 2508
51506 73954 2656
51545 73957 3689
51934 74570 3920
51615 74043 2430
51620 74063 2722
51783 74412 4303
51639 74137 3847
51898 74503 2511
51624 74073 3315
51762 74345 3294
51623 74071 3815
51517 73917 3661
51584 74013 3826
51682 74175 2984
51513 73894 3754
51612 74020 5407
51576 74015 3840
51723 74361 3751
51556 73983 3693
51499 73904 3762
51728 74309 3658
51687 74279 3635
51864 74509 3671
51562 74057 3670
51584 74018 3710
51807 74391 4441
51562 73970 2694
51603 74118 3740
51611 74019 3733
51561 73993 3817
51617 74030 2331
51717 74309 4034
51477 73875 4210
51562 73970 4710
51726 74320 3732
51808 74358 4335
51613 74041 3985
51760 74375 4211
51567 73936 3841
51685 74119 4222
51736 74324 3800
51567 73957 3622
51586 74024 2553
51510 73912 2646
51630 73956 2499
51563 73970 3808
51565 73972 3720
51707 74223 4074
51521 73917 3918
51716 74295 3786
51787 74383 5640
51805 74335 2931
51542 73926 3483
51556 73983 4195
51568 73980 3614
51581 74004 3914
51563 73970 3981
51580 74013 3578
51726 74270 2503
51763 74346 3744
51530 73987 4923
51602 74054 3557
51603 74050 3629
51622 74106 3645
51563 73969 3438
51666 74149 4148
51564 73972 2362
51559 73932 4763
51553 73958 3401
51691 74231 2576
51879 74529 3579
51548 73949 3822
51613 74091 3798
51724 74323 3958
51731 74317 4023
51556 73987 4173
