8227 17051 583
8905 18783 790
8852 18584 859
8881 18677 707
8876 18664 837
8861 18603 810
8614 17975 802
8838 18524 825
8315 17239 733
8877 18669 837
8779 18392 863
8602 17952 827
8897 18731 893
8659 18110 815
8875 18679 761
8889 18697 798
8316 17336 519
8416 17512 549
8736 18348 878
8700 18247 965
8897 18748 609
8896 18773 542
8844 18557 1123
8616 17977 849
8462 17778 528
8863 18619 820
8884 18682 883
8308 17249 862
8874 18650 619
8930 18845 903
8372 17471 852
8594 17930 836
8308 17260 800
8898 18754 900
8873 18653 832
8816 18511 670
8846 18561 595
8646 18101 882
8627 18036 848
8844 18590 788
8346 17414 790
8852 18591 812
8905 18744 862
8832 18514 892
8877 18672 879
8874 18630 574
8287 17252 901
8855 18586 869
8838 18515 854
8882 18676 813
8213 16993 766
8485 17719 969
8842 18527 848
8893 18740 756
8345 17340 510
8278 17156 907
8315 17290 899
8720 18313 791
8849 18556 768
8871 18639 807
8706 18251 638
8855 18596 718
8859 18604 897
8824 18517 840
8857 18585 521
8621 17999 677
8821 18465 939
8866 18655 808
8879 18719 825
8897 18754 879
8681 18210 560
8885 18689 696
8614 17979 847
8912 18762 947
8606 17961 837
8846 18568 619
8473 17703 799
8311 17279 771
8345 17426 824
8703 18245 827
8672 18133 578
8718 18281 824
8667 18144 765
8688 18149 795
8843 18566 837
8858 18678 811
8601 17936 919
7945 16475 734
8622 17985 800
8852 18587 895
8595 17935 686
8328 17386 796
8907 18766 862
8425 17698 675
8871 18707 856
8856 18592 783
8387 17472 562
8706 18282 851
8887 18721 854
8870 18642 892
