32293 54014 2972
32402 53995 2725
32464 54229 2472
32266 53985 2601
32416 54246 2513
32430 54338 2494
32240 53932 2472
32256 53997 2320
32338 54220 2173
31998 53452 2297
32394 54233 2397
32240 53946 4593
32433 54305 2455
32260 53980 2387
32237 53925 1700
32230 53933 2278
32308 54075 1624
32255 53965 2434
32332 54125 2484
32243 53943 2566
32181 53788 4066
32396 54388 2177
32173 53749 1611
32339 54080 2238
32362 54176 1498
32285 53995 2430
32227 53932 2523
32285 54160 2373
32257 53991 1509
32145 53784 2390
32311 54079 2246
32399 54308 2324
32275 54010 1556
32159 53814 1488
32396 54252 2581
32241 53934 2515
32279 54007 1593
32225 53935 3872
32158 53793 2759
32386 54242 1889
32240 53937 2609
32247 53948 2309
32370 54160 1538
32230 53914 1490
32224 53919 2296
32395 54238 1572
32158 53809 2180
32330 54111 1450
32220 53914 2300
32249 53941 1710
32294 54252 2315
32336 54307 2346
31865 53198 2247
32257 53980 2379
32210 54034 1707
32339 54097 2508
32262 54000 2347
32233 53926 2367
32236 53944 1593
32244 54098 2803
32389 54299 2563
32142 53777 2450
32146 53734 6423
32352 54325 2544
32390 54378 2320
32417 54216 2584
32321 54219 2505
32270 53937 2672
32260 53990 2463
32229 53917 2229
32252 53940 2299
32227 53907 2376
32370 54210 2524
32317 54282 2684
32318 54158 2400
32388 54310 1651
32233 53957 2447
32360 54188 2298
32239 53930 2265
32356 54312 2506
32154 53784 2339
32258 53972 2305
32302 54002 2288
32239 53937 2361
32133 53746 3728
32555 54327 2252
32247 53964 2648
32220 53886 2677
32141 53769 1482
32234 53931 2420
32226 53904 2433
32235 53933 2411
32217 53878 1476
32299 54196 2369
32209 53855 2455
32247 53953 2396
32141 53743 2348
32249 53951 2468
32434 54364 2413
32239 53936 1749
