29047 44067 1805
29203 44367 2038
29168 44224 1960
29067 44120 1959
29085 44136 1865
29160 44218 1981
29068 44105 2012
29077 44135 2177
29029 44069 2126
29053 44075 2165
29017 44145 1508
29168 44211 1963
29181 44238 1443
29062 44157 2048
29120 44260 2064
28828 43948 1927
29046 44089 1996
28646 43734 1387
29031 44055 1272
29068 44124 2103
29211 44266 1955
29168 44312 5385
29058 44088 1890
29050 44176 1986
29115 44417 2336
29065 44103 2057
29034 44072 2097
29099 44159 2057
29013 44077 2592
28951 44023 1945
29092 44147 2095
29079 44178 6857
29057 44080 2171
29062 44096 2055
29065 44376 1993
29098 44137 2919
29035 44064 1783
29147 44230 1314
29072 44126 2065
29116 44171 1929
28911 43906 1887
29092 44157 1967
29061 44198 2029
29052 44095 2059
29071 44109 2179
29061 44082 2181
29145 44231 2407
29054 44193 1419
28984 44186 2588
29123 44230 5490
29125 44122 2260
28977 44201 2131
29157 44267 2079
29032 44249 2193
29023 44231 2069
28567 43545 2038
28927 44059 2101
29014 44219 2100
29145 44163 2030
29110 44115 1956
29214 44370 2121
29057 44098 1329
28764 43895 2004
28988 43991 2089
28991 44030 2201
28995 44044 2267
29105 44217 1861
29010 44208 1281
29140 44290 1947
29171 44317 2132
29156 44196 1267
29168 44299 1317
29065 44090 1918
29154 44251 2012
28997 44239 1919
28612 43662 2142
28903 43859 2023
29076 44119 2119
29072 44127 1957
29090 44153 1344
29017 44069 1227
28795 43919 2279
29067 44128 1477
29172 44223 2066
28760 43868 1910
29079 44204 2014
29084 44176 1283
29121 44227 1288
29071 44122 1871
29001 44199 2062
29050 44078 2034
29090 44188 1252
29074 44129 1329
29028 44139 2192
29013 44078 1906
29180 44256 1305
29076 44129 3479
29017 44143 2007
28847 43753 1989
29093 44141 1987
