30034 45824 2128
29895 45653 1976
30064 45934 2082
29986 45907 2308
30055 45932 2161
30033 45897 1867
30243 46242 4343
29984 45790 2084
30080 45981 4129
29850 45610 2177
30021 45895 2133
29775 45525 2298
30175 46123 2191
30176 46005 1608
29999 45946 1497
30115 46021 2274
30060 45857 2152
30092 46030 1549
29666 45334 2021
30101 46060 1369
29798 45565 1866
30007 45943 4920
29855 45629 1910
30029 45939 2415
30117 46035 2620
30143 46104 1931
30079 45994 1856
30226 46251 1921
30013 45934 1749
30229 46235 2070
30110 46041 1982
30139 46008 1413
29937 45630 2105
29992 45857 1459
30117 46058 1969
30081 45963 1964
29965 45875 1829
30115 46063 2168
29734 45500 1959
29803 45616 2700
30112 46032 2181
29969 45890 3316
29989 45897 2210
30056 45862 2136
29890 45641 1407
29776 45695 2243
29921 45687 2043
30111 46024 1409
30034 45812 2301
29910 45680 2137
29977 45883 1903
30085 45994 1834
30071 45984 1926
29787 45546 2386
29778 45526 2430
29764 45529 1928
29766 45502 1348
30110 46016 1398
30062 45922 2191
29882 45700 2077
30123 46059 2065
30224 46213 2180
29961 45762 2030
30127 46034 2347
29912 45681 2478
29758 45457 1932
29966 45863 1533
30117 46082 2126
30073 45945 1368
30090 45975 1409
29922 45799 1480
30121 46042 2164
30104 46010 2271
30011 45872 1493
30121 46057 1363
30076 45953 2190
29762 45488 1471
29985 45891 2163
29788 45545 2055
30079 45982 1992
29937 45790 2071
29784 45551 1935
30095 46034 2132
30082 45996 1424
30190 46173 2351
30104 46008 2162
30106 46041 2219
29982 45874 2109
29903 45767 1408
30229 46234 1486
30111 46023 2087
30137 46035 2108
30242 46263 1396
30117 45881 2268
30162 46157 1988
30148 46116 1563
30045 45948 2204
30028 45890 2266
30103 46019 2080
29961 45812 2049
