70149 143480 7869
69979 143138 4188
70459 143887 5881
69325 141793 6403
70396 143780 4422
69911 143273 6855
69643 142328 5730
70234 143688 6510
70621 144713 4053
69560 141765 3994
70130 143648 4564
71083 145490 7179
70073 143508 6918
69764 142776 8025
70298 143661 6900
70061 143488 8589
70271 143823 6355
70157 143792 9446
70305 144315 6844
70034 143589 8608
69804 142994 4910
70212 143926 4903
70208 143896 5404
70145 143523 3954
70018 143352 6020
70211 143647 3922
70213 143974 9199
69972 143015 5923
70180 143566 8164
69892 143079 9381
70133 143686 5963
70380 144003 5449
69513 142266 6306
70519 144478 6327
70088 143272 4888
70017 143400 6602
70296 143860 8223
69646 142673 6540
70229 143883 4112
70218 144009 5797
70168 143718 7897
69427 141988 3953
70099 143145 6710
70626 144685 6780
70144 143655 8674
69697 142368 8535
70235 143716 5463
70105 143327 6174
70058 143193 4023
70535 144251 7128
69502 142164 6092
70158 143871 4590
70102 143665 8457
70208 143838 6410
70150 143795 6688
69423 141973 3902
69583 142386 4169
70135 143615 4181
69798 142789 5572
69332 141822 6993
70277 144104 6337
70130 143826 5952
70500 144380 3972
69654 141948 5279
70063 142948 6468
70714 144899 8378
70292 144088 6446
69892 142696 3904
69410 141863 6508
70232 143652 4280
70310 143849 8368
70292 143515 5413
69612 142413 6341
69795 142981 6987
69867 143067 5988
69520 142184 4193
70475 144339 6537
69404 141971 6193
70114 143643 6977
70534 144457 7452
69753 142889 6351
69834 142879 6568
70614 144264 6436
70238 143909 7054
70298 143822 4182
70115 142760 10492
70069 143387 9936
69850 142872 7315
70600 144379 9529
69405 141978 6584
70069 143116 7385
70156 143678 5875
69682 142578 5948
69928 143288 5425
70489 144365 6659
69751 142815 5476
69774 142932 3975
69322 141835 5300
70336 143504 6395
69289 141662 6323
