10692 14025 725
9788 12747 666
10138 13153 704
10479 13643 705
10390 13567 740
10201 13251 742
10440 13590 784
10269 13332 763
10236 13349 741
9963 13056 659
10267 13285 675
10099 13119 722
10511 13815 720
10178 13160 773
10120 13217 644
9895 12805 671
10470 13611 848
10324 13475 668
10413 13750 703
10343 13492 725
10184 13239 638
10424 13646 677
10088 13110 669
10441 13581 576
10278 13341 688
10027 13055 708
10144 13237 716
10696 14009 706
10176 13309 475
10254 13327 508
10777 14118 573
10133 13193 666
10354 13433 711
10283 13376 763
10246 13355 729
9862 12760 723
10327 13482 777
10472 13736 476
9742 12544 663
9848 12809 732
10641 13941 630
10212 13274 976
10666 14034 765
9884 12782 528
10201 13330 700
10245 13371 724
10189 13197 738
10187 13243 742
10487 13646 553
10090 13068 713
10245 13326 685
10209 13269 704
10515 13657 744
10351 13491 711
10146 13169 739
10063 13107 514
10215 13202 727
10398 13574 781
10159 13094 441
9919 12771 478
10108 13107 453
10076 13056 664
10392 13575 725
10196 13246 741
10701 14093 651
9724 12565 671
10469 13702 662
10215 13263 687
10129 13127 722
9745 12631 735
9997 13010 712
10079 13125 695
10286 13404 743
10196 13207 803
10381 13488 722
9628 12499 752
9850 12735 790
10060 13144 749
10404 13547 709
10645 13928 813
10176 13211 736
10507 13808 741
10471 13649 697
9970 12853 708
10498 13707 788
10297 13342 753
10334 13460 775
9814 12711 674
10306 13437 533
10035 12945 460
10348 13464 759
10280 13434 685
10232 13234 697
10286 13438 655
9464 12272 596
10049 13102 689
10062 13141 1630
10107 13092 624
10876 14207 678
10286 13433 766
