40823 63562 3011
40155 62419 2976
40731 63650 3353
40111 62403 3316
40728 63289 3096
41139 63977 3372
40412 62940 3180
40409 62940 3398
40259 62567 2860
40782 63358 3083
40028 62113 3041
40694 63482 3916
40133 62245 4983
39493 61330 3330
40392 62841 2387
40368 62711 3210
40617 63147 3625
40345 63008 3046
40268 62645 4048
40552 63199 3184
40356 62540 3276
40284 62665 3062
40791 63730 5713
40791 63586 2701
40708 63302 2056
40948 63700 3158
40565 63087 2938
40642 63155 3652
41245 64399 3329
40385 62967 2793
39685 61428 2955
40120 62366 3330
40902 63711 4089
40462 62977 4904
36361 56343 2621
40058 62394 1944
40523 63075 3109
37217 57840 2759
39618 61816 2906
40271 62848 2930
40510 63143 3551
40230 62641 2975
40129 62339 3357
37416 58195 2751
40981 63878 2980
40814 63549 3001
41232 64337 3201
40792 63523 3151
40780 63652 3123
40254 62662 3268
40264 62585 3384
40139 62382 3208
40755 63238 2387
40897 63757 2086
37338 58115 2949
40092 62419 2962
40938 63876 3171
39971 62307 1927
39383 60951 2776
41058 64082 3346
40436 62833 2908
40888 63984 3095
40594 63113 3813
40641 63173 2979
39672 61704 3076
39798 61887 3507
40960 63848 3930
40284 62596 3063
39664 61310 2026
40692 63288 3385
40400 62780 3039
40857 63828 3078
40055 62353 3073
41356 64581 3123
41047 64001 5440
40610 63257 2157
40985 63791 3265
41679 65321 3524
41227 64291 7151
40967 63855 3419
40614 63329 3040
40151 62454 2777
41081 64112 3258
40871 63710 3454
41172 64489 3395
40377 62726 2777
40234 62218 3060
40198 62374 2956
41390 64574 3194
40255 62490 2228
40129 62395 2133
40711 63294 3154
41038 64016 3789
40750 63482 3025
39876 61905 3297
40115 62132 5017
40897 63705 3410
39783 61737 3263
39898 61874 4414
40558 63466 3034
