2138 4685 225
2147 4719 168
2152 4737 197
2131 4674 230
2116 4624 187
2100 4546 215
2115 4620 137
2146 4691 223
2190 4851 222
2146 4721 221
2152 4741 231
2135 4677 218
2084 4544 217
2129 4657 223
2150 4720 223
2137 4684 241
2126 4662 187
2089 4564 203
2102 4586 135
2091 4566 188
2127 4682 196
2099 4581 171
2153 4719 222
2146 4718 217
2143 4709 192
2142 4709 237
2136 4683 231
2151 4744 213
2136 4690 216
2147 4716 232
2144 4710 206
2115 4627 219
2143 4705 256
2100 4619 185
2134 4676 223
2133 4676 126
2086 4531 209
2131 4660 142
2085 4547 213
2083 4522 213
2102 4605 187
2134 4669 228
2128 4648 198
2103 4590 211
2142 4708 212
2131 4663 205
2151 4711 219
2143 4701 245
2159 4766 160
2120 4627 236
2136 4688 221
2107 4582 211
2145 4720 188
2087 4533 193
2102 4618 221
2163 4782 251
2136 4697 202
2142 4712 216
2100 4555 215
2082 4509 191
2151 4736 221
2113 4614 202
2137 4677 220
2106 4614 253
2134 4681 233
2152 4738 232
2250 4991 246
2140 4689 219
2139 4693 248
2113 4613 227
2151 4728 291
2079 4508 229
2123 4664 263
2083 4513 137
2153 4756 235
2133 4682 250
2148 4731 241
2140 4690 325
2146 4717 232
2110 4629 226
2162 4768 227
2145 4709 251
2108 4609 214
2159 4744 293
2156 4763 240
2120 4650 195
2115 4611 217
2079 4502 356
2109 4599 262
2159 4766 238
2098 4606 227
2144 4716 228
2143 4711 196
2141 4718 304
2113 4637 171
2135 4673 202
2143 4714 223
2112 4629 212
2084 4544 214
2106 4592 167
