57752 82877 3859
57702 82697 4604
57563 82591 4666
57633 82685 4305
57727 82794 2928
57778 82800 4610
57681 82668 4418
57472 82450 6357
57695 82701 4717
57756 82889 4507
57561 82584 6500
57714 82835 4281
57667 82734 3470
57738 82780 3359
57570 82576 3017
57856 83023 4048
57561 82570 5567
57736 82747 3134
57699 82719 4234
57562 82586 4131
57699 82685 7444
57702 82718 4295
57782 82738 4369
57706 82703 4033
57567 82568 3324
57647 82656 4469
57838 83025 4426
57748 82859 4821
57673 82639 5134
57680 82691 2900
57672 82742 4428
57630 82625 6526
57770 82790 3959
57718 82664 5499
57711 82722 4332
57707 82697 2739
57741 82761 4447
57755 82876 4300
57682 82693 3695
57604 82654 4421
57645 82677 8135
57805 82942 4401
57764 82903 5859
57720 82740 4311
57744 82778 7265
57722 82748 4050
57801 83081 4781
57721 82753 3641
57864 83056 4113
57763 82886 5610
57500 82469 3438
57798 82931 3421
57679 82754 4156
57689 82679 2993
57712 82705 4265
57592 82629 2724
57717 82846 2658
57699 82681 9305
57700 82695 4185
57564 82590 6959
57607 82658 4479
57695 82679 4255
57695 82682 7489
57556 82567 4283
57700 82683 6074
57700 82674 4459
57645 82632 2978
57722 82716 2964
57563 82589 3118
57669 82645 3820
57713 82719 2800
57746 82856 4312
57702 82692 4444
57575 82618 3449
57780 82906 2719
57679 82658 3628
57698 82691 3007
57880 83061 4236
57746 82954 4360
57696 82677 2846
57773 82903 4458
57605 82652 3374
57766 82791 4331
57561 82582 4604
57628 82615 4566
57708 82712 3819
57623 82691 4297
57718 82664 4443
57702 82788 4417
57767 83019 3975
57792 82898 4253
57796 82871 7530
57707 82697 5467
57737 82722 4429
57713 82718 4560
57621 82715 4726
57704 82695 3709
57789 82909 2879
57893 83091 4435
57739 82960 4126
