28114 43967 2308
28122 43940 2249
27603 42949 2137
27665 43050 2351
28121 44094 2199
27852 43356 1572
27402 42655 2584
28454 44673 2252
27601 42979 3631
27791 43158 2296
28131 43954 2341
27863 43393 2321
27792 43387 2192
27938 43641 2075
27676 43288 2223
25281 39410 2249
28296 44348 2474
28046 43652 1482
27568 42993 2151
27463 42679 2176
27570 42910 2288
28046 43765 2149
28103 44053 2432
27382 42598 1516
28383 44353 2367
24692 38284 2055
26972 41746 2382
28471 44681 1934
28030 43738 2195
28276 44004 5136
27837 43511 2464
27883 43368 3648
27911 43543 2430
28530 44828 2676
27909 43546 5459
27638 42957 2164
27977 43538 2348
28236 44188 1793
28081 43889 2434
27515 42812 2354
27833 43438 3557
28123 43707 2459
27786 43406 1660
26436 41135 2281
27606 43230 2260
27946 43708 2410
27728 43228 2268
27680 43219 2276
27149 42320 2075
28588 45046 2398
27983 43543 2063
27399 42633 2352
27947 43805 1680
28481 44577 1477
27604 43065 4196
27556 42835 2290
28286 44068 2247
27793 43641 2486
24946 38565 2195
28278 44078 3249
27954 43685 1616
28131 43823 2200
28117 43929 2256
28371 44253 2300
27895 43520 2229
27914 43598 2332
26950 41849 2209
27544 42844 1554
27910 43494 2437
27576 43131 2254
27730 43252 2872
27652 42881 2078
27584 42963 1577
27716 43160 2300
28126 43953 2411
28231 44230 2450
25415 39484 6077
28670 44905 2499
28172 44025 1733
28641 44921 2475
27901 43441 2318
27944 43551 1581
27695 43111 2877
27769 43467 2137
27504 42993 2292
25798 40141 2104
27889 43543 1566
28463 44707 2373
24929 38628 1335
27649 43039 1709
28353 44480 2311
25725 40139 7783
27955 43577 2187
27997 43844 2473
28382 44375 1472
27841 43270 1440
24824 38285 1864
25671 39991 3865
25150 39100 2074
28137 43852 2434
