5665 11951 547
5573 11702 537
5773 12313 565
5671 11972 519
5576 11759 542
5711 12166 603
5675 12009 566
5735 12214 438
5693 12070 424
5656 11929 323
5662 11936 519
5657 11933 498
5714 12114 534
5704 12070 490
5666 11956 530
5696 12052 609
5748 12226 516
5687 12063 585
5410 11360 344
5663 11937 432
5658 11976 529
5816 12428 514
5677 12016 444
5600 11813 503
5659 11937 592
5644 11901 375
5777 12311 571
5633 11953 532
5665 12000 574
5686 12044 564
5660 11941 604
5631 11969 561
5697 12095 566
5711 12100 537
5670 11974 493
5764 12267 582
5709 12085 578
5381 11269 717
5672 11968 515
5664 11955 542
5715 12173 494
5669 12003 560
5690 12045 520
5684 12028 313
5658 11925 462
5677 12028 397
5647 11935 415
5771 12245 391
5659 11950 530
5647 11879 524
5653 11912 537
5762 12219 506
5682 12020 582
5709 12094 522
5633 11868 582
5671 11995 585
5658 11984 553
5820 12329 648
5469 11498 477
5683 12081 350
5762 12272 532
5686 12028 563
5665 11962 357
5687 12025 536
5721 12154 566
5625 11847 517
5701 12124 519
5671 12018 511
5859 12540 525
5729 12185 548
5847 12405 592
5651 11995 517
5648 11931 344
5667 11969 564
5707 12117 552
5676 12012 456
5755 12238 549
5625 11897 536
5496 11568 491
5763 12248 522
5681 12017 533
5835 12371 672
5668 11980 523
5711 12066 544
5692 12039 512
5697 12097 494
5677 12014 328
5678 12039 544
5677 12020 557
5658 11938 513
5663 11937 495
5663 11936 497
5629 11846 519
5803 12383 592
5769 12292 560
5795 12384 716
5689 12047 576
5785 12315 357
5769 12281 556
5756 12241 575
