59557 81785 4030
59629 81819 4452
60245 83180 4559
60009 82431 3786
59886 82343 4583
60426 83151 4187
59894 82209 4107
59401 81532 3557
60232 82888 4475
59785 82238 4127
59493 81575 3948
60404 83305 4312
59255 81321 2923
59359 81791 3633
59732 82096 4475
60083 82838 4247
59886 82474 4109
60180 82639 3869
59954 82355 4147
55033 75214 3674
60231 82745 4527
59776 82304 3271
58633 80026 4957
59865 82402 8009
59668 81793 5811
59731 82190 4108
59145 81212 4624
60086 82794 2881
60301 83282 4068
59078 81229 2940
60218 82996 4102
60453 83060 4886
55988 76891 4064
59800 82236 2840
60147 82500 4381
59781 82224 2666
60341 83110 4951
59983 82328 4311
59500 81891 4170
59469 81869 4237
59385 81635 5447
60093 82584 5961
60108 82683 3991
61069 84393 4424
59624 82083 4112
59923 82432 6747
59995 82386 4040
58700 80313 3005
59643 81930 5468
59530 81600 2781
60215 82945 4232
59351 81650 3267
60026 82608 4668
60745 83501 4373
60495 83384 3588
60020 82245 4750
59366 81418 4155
60210 82885 4444
59318 81515 5256
59942 82222 2849
59625 81940 3300
60139 82934 4434
58912 80784 3821
60362 82993 4610
60781 83682 4732
59444 81589 5126
59236 81203 4275
59545 81856 4834
60831 83885 4162
59715 82240 3947
60172 82677 3100
59938 82465 3343
60146 82849 2849
59909 82569 7761
60907 83824 4237
58611 80244 4311
59623 81943 4326
56524 77682 4125
60208 82757 5194
59950 82886 6681
59238 81318 3068
60488 83132 3096
59654 82187 3202
60316 83060 2804
59768 82088 2870
58862 80868 3942
59371 81644 3835
59306 81391 3975
59550 81830 4328
59473 81764 4098
59979 82476 4446
59918 82381 4161
59961 82526 5265
60247 83094 4084
60281 82852 4137
58930 80682 4276
59978 82488 2962
59474 81820 3262
55885 76559 4205
59979 82645 2812
