19122 24762 1297
19166 24892 1277
18952 24388 1286
18567 23903 1248
19408 25251 1318
18116 23367 1251
18841 24199 1375
19079 24809 1408
18144 23374 1364
19006 24591 1292
18684 24123 1309
18990 24475 842
19102 24791 1251
18824 24232 1365
18853 24184 1272
18774 24235 1277
18827 24166 1158
19199 24943 1345
19028 24592 1389
18797 24239 1188
17902 23053 1219
19026 24612 1267
19220 24739 1284
19022 24569 1472
19447 25301 867
18993 24507 1265
19282 24896 1407
18824 24345 1219
18600 24030 1415
19187 24733 3515
19054 24610 1394
19689 25563 1337
19064 24610 1301
18870 24417 1337
19234 24934 1266
19144 24730 1301
19258 24928 1243
19264 24846 1122
19076 24602 1377
19156 24792 1325
18736 24120 974
19139 24752 1230
18743 24209 1327
19100 24641 3195
19055 24702 969
18745 24250 1252
18846 24290 1343
18678 24032 960
18727 24245 943
19233 24913 949
18939 24444 1346
18818 24301 1323
18155 23415 1420
19209 24874 2079
18791 24113 1326
19303 24922 1362
19374 25201 1425
19377 25089 1353
18647 24057 1230
18998 24629 1199
18842 24283 1304
17614 22516 1282
19236 24903 1289
19184 24829 1343
18900 24302 1304
19198 24758 1401
19628 25577 1377
18849 24389 1365
18810 24174 1181
18758 24149 1403
17935 23142 1258
18529 23751 1597
18965 24569 1315
18822 24190 1261
19361 25125 909
18907 24415 1398
18930 24428 1224
19737 25650 1106
18907 24450 995
19247 25007 867
19391 25265 1268
18917 24449 1276
19074 24797 871
18953 24409 1155
19266 24840 801
19153 24653 1283
19059 24863 1298
18967 24359 1211
18374 23725 852
18678 24055 1239
19240 24969 711
18905 24378 783
18618 23970 802
19223 24900 1250
18049 23363 1209
19301 24934 1318
19071 24582 1264
19068 24602 1326
18651 24134 983
19019 24587 1408
