39433 65874 3411
39542 66079 1987
39445 65882 3469
39433 65878 3022
39428 65900 2958
39276 65809 3367
39417 65847 2139
39090 65502 3051
39428 65852 3720
39418 65841 3652
39438 65849 2037
39505 65962 3301
39115 65577 3494
39307 65560 2678
39391 65772 3079
39436 65873 2014
39311 65573 3113
39426 65851 2215
39509 65999 4929
39415 65907 3102
39649 66182 3186
39504 65969 3274
39472 66013 3125
39446 65901 3039
39304 65556 2917
39301 65538 2962
39413 65824 2971
39235 65510 3379
39331 65587 3070
39344 65730 3322
39363 65739 2171
39106 65522 2799
39123 65560 2958
39441 65931 2934
39456 65910 3329
39544 66055 3165
39371 66009 5002
39528 66067 5235
39400 65844 3067
38179 63860 7525
39218 65575 3158
39551 66085 4895
39410 65865 3382
39286 65517 3225
39532 66056 3251
39476 65965 6936
39422 65886 6093
39589 66110 2174
39501 65985 3025
39422 65928 3720
39445 65921 3015
39277 65567 2004
39406 65874 2922
39050 65335 3032
39287 65651 3649
39312 65975 2702
39560 66142 3106
39122 65552 2031
39295 65735 2867
39163 65609 3061
39297 65539 1885
39413 65849 3259
39442 65895 2326
39233 65537 2969
39538 66023 3129
39423 65925 2907
39360 65973 3279
39443 65894 3094
38680 64702 2424
39387 65815 2225
38570 64551 2664
39593 66094 3608
39523 66041 2759
39527 66072 1867
39433 65879 2141
39581 66109 1928
39131 65581 2939
39432 65874 2785
39293 65535 3099
39391 65845 3082
39340 66028 3116
39433 65884 3407
39294 65542 3049
39610 66136 3121
39275 65480 3311
39115 65566 3707
39131 65424 2164
39426 65881 2807
39420 65848 3165
39494 66009 2445
39351 65725 2137
39215 65515 7604
39339 65581 1971
39362 65779 1992
39477 65924 1866
39453 65926 2998
39534 66002 1988
39300 65968 2515
39124 65571 2615
39253 65516 2316
