61774 95576 5138
61112 94758 4962
62383 96858 5145
61280 94843 5109
62414 96897 4914
61380 95046 7204
60643 93896 5500
60970 94260 6530
61561 95553 3379
61453 95269 3437
61616 95604 5330
61946 96240 5404
60181 93050 7378
61795 95825 5485
61405 95054 5035
61614 95373 3500
60894 93979 4839
62071 96438 10275
59964 92597 5105
61207 94750 5061
61952 96105 5162
60623 94007 5124
61389 95155 5443
62059 96544 4178
56699 87811 4756
61531 95503 5301
60442 93450 4990
61801 95601 3949
60941 94245 5027
61685 95443 5040
61705 95752 4319
62111 96082 7025
61269 94992 5090
60858 94018 3250
61769 95766 4610
61819 96174 4916
62437 97090 4339
60808 93772 4713
55837 86384 9318
60790 93999 4714
61824 95860 4656
61596 95411 5031
61218 94690 10548
61857 95851 3902
61735 95950 5147
61346 95114 4630
61932 96195 4943
61061 94766 5468
62004 96357 3565
60091 92688 3310
61117 94586 3374
61341 95276 5092
61377 94862 5026
61982 96144 4951
61356 95127 5083
61125 94819 3105
61828 95732 5239
61881 95709 5130
61278 94856 3815
61089 94484 4972
61909 96182 4918
61189 95053 4453
61542 95464 5036
61560 95286 3427
61149 94703 5094
61110 94536 4652
61540 95367 4737
61675 95659 5776
61370 95194 3528
60293 93332 3419
55951 86478 4953
60988 93940 5519
61107 94513 4957
61218 94677 4929
61246 94622 5082
61262 94926 3995
61798 95907 6426
61481 95104 4700
61691 95779 4664
61017 94640 4734
61415 95016 5224
61605 95526 5820
61419 95397 4919
61738 95717 5590
61744 95936 5096
60272 93163 4961
61597 95507 4926
61464 94895 5483
60476 93563 5115
62486 97105 5436
61046 94489 5727
62077 96325 5146
61527 95297 5208
61765 95760 4964
61505 95565 5102
61609 95540 5134
61452 95250 5007
61062 94280 5215
61101 94674 5166
61476 95393 5236
