67448 112341 5664
67405 112335 6149
67186 111864 7917
66656 111285 6621
66424 110875 5469
67434 112310 4863
67541 112577 5312
67187 111924 5604
66393 110838 5365
67421 112289 7810
67447 112332 5891
66671 111429 5028
67156 111836 5416
67351 112103 10093
67128 111778 3620
67178 111868 5594
67365 112263 4988
67250 111957 4439
67168 111934 4499
67219 111802 4964
66688 110844 6471
67341 112118 6750
67489 112530 5197
66430 110921 5336
67142 111735 6527
67432 112461 4581
67043 111566 4343
67171 111807 5062
67748 113039 5600
67360 112267 5550
67352 112236 9600
67147 111778 5808
67248 111990 5562
66718 111440 5446
67159 111809 5492
67091 111684 8966
67265 112112 4403
67421 112259 6226
67096 111643 6310
67743 113062 5652
67432 112280 9149
67234 111990 8610
67367 112273 5879
67521 112534 5422
67157 111690 3305
67412 112260 3602
67121 111716 5649
67186 111752 5484
67136 111733 10614
67862 113114 5752
66827 111113 3635
67873 113317 5612
67094 111642 5761
66409 110896 7913
67403 112141 4623
67088 111731 5739
67381 112171 9766
67095 111726 5238
67196 111859 5901
67325 112059 5586
67160 111772 5266
67809 113203 5436
67579 112654 5489
67366 112271 6003
66825 111656 5963
66322 110620 5552
67925 113493 3818
67189 111897 7564
67252 112106 5422
67094 112133 3834
67568 112818 5659
67921 113268 13827
67578 112739 4315
67480 112406 8297
66522 111040 4836
67422 112262 6639
67781 113159 5647
67256 112074 8324
67489 112390 5511
66681 111280 6064
67246 112062 9580
67438 112398 14904
67201 111880 13541
67565 112432 8222
67357 112063 5429
67496 112417 3720
66891 111247 5693
67657 112784 4630
67496 112440 5131
67075 111734 5305
67119 111727 4968
67670 112826 5954
67310 112073 6072
67318 112109 5826
66787 111555 8192
67511 112472 4167
67235 111980 4598
67205 111805 5174
67128 111740 4928
66616 111179 5791
