48025 80033 3807
47787 79831 3717
47849 79707 3690
47944 79938 5412
47882 80032 5191
47831 79630 4043
48006 79994 4512
47627 79320 3703
47979 79972 3940
47590 79235 2974
47880 79736 3683
47933 79924 3916
47841 79738 3757
47649 79377 4269
47858 79677 2423
47993 79996 5484
47712 79725 2613
47722 79725 2745
47915 79880 8955
47889 79822 3656
47728 79701 3778
47993 80081 3719
47964 79881 3907
47869 79799 3786
47870 79709 3940
47739 79746 3742
47830 79726 2979
47812 79862 4249
47734 79710 2860
47180 78551 2846
47943 79983 4323
47910 79817 3608
47834 79689 3563
48005 80032 3159
48045 80110 3583
47868 79763 3633
47919 79890 3819
47099 78460 5839
47990 80045 3675
47794 79806 3615
47642 79300 3707
47967 80003 3897
47790 79650 4341
47634 79282 3794
47744 79479 3800
48037 80100 3836
47285 78767 3669
47988 80015 3780
47827 79878 4130
47887 79790 4024
47940 79936 3882
47923 79869 3825
48059 80171 4055
47729 79676 3732
47732 79512 4029
47883 79724 3721
47090 78393 3171
47454 79054 3968
47792 79844 4653
48020 80102 2489
47662 79377 4850
47768 79796 3566
47789 79585 8438
48042 80095 3287
47923 79936 3673
47819 79918 3625
47047 78342 3964
48013 80072 3873
47644 79295 3670
47640 79543 3691
48034 80049 3842
48069 80135 4081
47856 79736 2510
47915 79848 3982
47637 79282 3280
47797 79590 4242
47902 79928 3005
47816 79748 3892
47834 79679 2436
47852 79912 3908
47694 79428 3869
48049 80087 2579
47921 79833 3416
47832 79698 2905
48131 80255 2473
47864 79833 7411
47867 79734 3688
47975 79983 3133
47955 79901 3794
47863 79703 2965
47886 79795 7908
47809 79871 3443
47896 79754 3920
47854 79741 3936
48008 80095 4172
48009 79999 3840
47856 79754 3933
48017 80057 4134
47916 79876 5466
47676 79425 3738
