4569 7438 347
4535 7313 325
4499 7286 350
4505 7277 367
4493 7297 238
4669 7621 377
4697 7639 412
4510 7296 327
4632 7544 364
4616 7478 366
4524 7328 369
4556 7378 385
4512 7301 365
4497 7286 383
4504 7274 351
4543 7368 327
4557 7355 522
4511 7295 369
4523 7320 375
4489 7283 383
4502 7272 349
4555 7357 254
4499 7286 329
4486 7252 255
4514 7295 230
4507 7280 293
4538 7355 353
4547 7345 356
4499 7265 364
4481 7272 353
4501 7276 346
4509 7283 325
4503 7272 237
4486 7282 379
4565 7393 361
4529 7321 242
4497 7255 381
4535 7326 371
4570 7398 318
4512 7325 370
4684 7625 404
4647 7571 392
4526 7324 302
4507 7295 371
4498 7245 318
4509 7279 347
4489 7289 352
4505 7286 350
4570 7436 240
4515 7305 397
4542 7345 331
4547 7350 372
4483 7233 263
4514 7310 370
4566 7397 394
4688 7683 416
4503 7267 351
4557 7373 421
4567 7417 350
4514 7298 368
4633 7502 353
4510 7291 354
4502 7297 355
4496 7266 353
4503 7264 354
4509 7319 370
4474 7212 353
4566 7404 444
4509 7288 291
4631 7576 394
4507 7277 243
4507 7306 260
4499 7277 298
4534 7361 372
4498 7285 397
4523 7315 377
4511 7288 350
4498 7261 367
4512 7300 332
4670 7614 252
4511 7290 364
4632 7546 395
4493 7296 296
4646 7539 354
4502 7261 343
4543 7379 354
4518 7314 369
4671 7618 374
4575 7443 351
4513 7284 350
4629 7540 385
4622 7535 329
4508 7276 437
4635 7538 364
4533 7329 383
4508 7277 371
4637 7556 349
4499 7260 335
4510 7319 364
4629 7545 272
