20571 42895 2003
19947 41455 1977
20009 41649 2130
20666 43126 2091
20597 42968 2030
20491 42711 1991
20482 42728 1926
20612 43044 2049
20588 42944 1898
20597 42997 1986
20608 42949 2684
19965 41379 1229
20607 43009 1333
20700 43186 2062
20693 43177 2161
20211 42065 1156
20647 43130 2198
20603 42996 2005
20617 43050 1877
19952 41463 1285
20683 43154 1825
21865 45778 1360
20284 42256 1884
17373 35864 1554
20661 43129 2631
20601 43017 1412
20483 42651 1298
21734 45530 1914
20611 43009 2039
20591 42961 2066
20600 42978 1992
20661 43177 2091
20513 42788 1931
20588 42966 1965
20468 42681 2006
20650 43157 1859
20691 43238 1203
19953 41485 1812
20707 43194 1255
20206 42042 1156
20244 42141 1163
22306 46642 1899
20565 42962 1724
20686 43161 1343
20689 43154 1465
21884 45812 2010
20623 43126 1301
20602 43023 2179
20546 42860 1849
20603 42966 1368
20613 43064 1742
20538 42828 1734
21855 45682 2099
20202 42066 1702
22286 46880 1908
20707 43196 1329
20611 43038 1234
20201 41994 1180
21912 45846 1438
20584 42933 1241
20659 43075 1415
20061 41649 1930
21562 44881 2125
20596 42960 1397
20643 43065 2050
19431 40216 1284
20617 43063 1360
20614 42941 1945
20476 42666 1736
20639 43103 1898
21865 45821 2106
20495 42723 5005
20607 42998 1914
21899 45867 2106
20559 42890 1918
20600 42994 1969
20588 42983 3959
20569 42897 2502
20501 42768 1977
20679 43118 2115
22136 46457 2107
20544 42840 1303
20501 42764 2394
20727 43259 1927
22063 46311 2197
20640 43051 1957
20232 42116 2243
20232 42119 2056
20590 42954 1919
21675 45280 2027
20606 43018 1944
20604 43027 1318
20602 42990 2146
19973 41596 1831
20678 43180 2092
22106 46364 2273
21877 45851 2124
20504 42743 1898
22276 46822 1445
20632 43073 2073
