36229 51899 2820
36255 51887 2102
36165 51785 2280
36212 51846 2751
37431 53674 2540
36545 52353 2579
36265 51902 1681
36267 51939 2577
36255 51893 2494
36123 51751 2378
36526 52327 2647
36459 52249 2700
36652 52561 2728
36338 52197 2675
36163 51782 1853
36161 51777 2699
36162 51794 1695
36914 52895 2827
36172 51806 2659
36552 52356 2785
36546 52339 5748
36568 52384 2942
36273 51912 2734
36625 52526 1775
36163 51782 2692
36547 52356 2492
36631 52505 1714
37476 53748 1897
37499 53855 2698
36163 51782 2579
36165 51785 2708
36777 52787 2659
36165 51792 2304
36629 52498 2910
36291 51989 2921
37552 53938 1715
36134 51737 2337
36718 52693 2594
36264 51943 2390
36234 51858 2707
36209 51814 2581
36165 51788 3001
37113 53308 1880
36160 51774 2762
36338 52075 2556
36643 52514 2510
36273 51911 2396
38146 54821 2303
36861 52888 3003
36557 52332 2119
36266 51898 2501
36119 51747 2493
36556 52367 1956
36603 52433 2657
36544 52338 5236
36355 52082 2586
36160 51781 2500
36335 52151 1643
36187 51811 2314
36242 51893 2463
36179 51821 5086
36427 52209 2469
38216 54906 2776
36402 52225 2375
36172 51806 1716
36335 52148 2134
36323 51911 1675
36390 52209 3231
36212 51846 2453
36226 51881 2454
36194 51821 2245
36816 52812 3371
36711 52683 2582
36239 51888 2625
36512 52315 2586
36163 51781 2795
36229 51876 2686
36822 52788 1863
36265 51902 1770
36191 51835 2961
36676 52708 2706
36561 52447 2958
36266 51902 2620
36694 52708 4432
36340 52193 2766
36446 52216 1834
36190 51821 1677
36483 52186 2493
36255 51911 2319
36742 52807 2498
36164 51783 1785
36805 52802 2609
36232 51888 1821
36712 52678 2502
36730 52711 2565
36586 52417 2651
36164 51809 2464
36336 52177 2572
36620 52465 5953
36129 51758 2114
