16456 34742 1582
15701 32821 1444
16426 34579 1695
16455 34680 1699
16341 34366 1203
16425 34590 1694
16456 34731 1295
16375 34488 1124
15615 32563 1372
15805 33132 1548
16471 34765 1083
16407 34501 1599
15812 33192 1531
15657 32718 1530
15824 33131 998
16427 34597 1825
16444 34654 1591
16368 34507 1600
15687 32814 1518
16201 34042 1674
15851 33247 1677
15809 33165 1545
15694 32859 3284
16424 34594 1041
16419 34571 1567
16422 34582 1531
15816 33195 3846
16247 34189 1026
16433 34581 1652
16420 34572 1704
16247 34148 1662
15740 32913 1572
16240 34116 972
16264 34223 1614
16426 34593 1561
15817 33164 1509
16379 34448 1328
16414 34514 1577
16468 34721 4520
15608 32568 1531
15898 33414 1616
15720 32859 1629
15889 33367 1050
15792 33099 1218
16415 34548 1605
16238 34104 1663
16424 34598 1694
15722 32865 1623
15651 32674 1650
16304 34322 1607
15876 33342 1524
15609 32546 1445
16010 33681 1023
16266 34232 1573
15680 32776 1575
16451 34686 1614
15785 33088 1400
16360 34497 1537
15805 33197 1410
16442 34621 1633
15779 32956 1696
15756 33063 1624
16276 34264 1361
16396 34500 1120
16231 34110 1640
16427 34607 1732
16459 34703 1611
16308 34329 1210
16472 34732 1645
15578 32589 1921
16424 34589 1581
16425 34601 1545
16424 34579 1692
16054 33855 1681
16242 34142 1593
16416 34599 1760
16228 34115 1798
15810 33145 1612
16430 34606 1667
16260 34192 1668
15643 32667 1628
16242 34152 1586
15642 32616 929
16446 34647 1673
16265 34195 1036
16395 34529 1663
15596 32624 1534
16448 34678 2109
16421 34567 1631
15697 32836 1558
16332 34350 4073
16246 34145 1562
15794 33106 1751
15920 33464 4740
16424 34592 1711
16048 33803 1828
16426 34587 1088
16427 34568 1733
16250 34153 1730
15642 32660 1528
