55192 83307 4409
55318 83603 4243
55366 83678 11615
55162 83245 4402
55230 83346 3277
55225 83369 10315
55435 83711 4492
55201 83273 9987
55364 83681 4191
55263 83418 2684
55183 83325 11176
55393 83617 4201
55293 83622 6154
55445 83771 3976
55378 83654 6240
55119 83207 2644
55220 83274 3909
55213 83352 4505
55252 83437 4206
55301 83399 4321
55278 83554 6083
55254 83377 3215
55267 83380 5352
55197 83273 4034
55226 83351 3591
55319 83606 6276
55310 83513 4186
55316 83604 3684
55405 83682 4637
55307 83592 4254
55214 83326 3042
55258 83534 3726
55407 83754 3773
55563 83952 2912
55203 83318 3800
55204 83315 4207
55244 83348 4331
55300 83610 2733
55175 83271 3976
55232 83369 4324
55360 83546 4224
55538 83866 2826
55356 83632 3998
55388 83611 4311
55362 83630 2864
55112 83195 4797
55297 83561 4541
55170 83266 2630
55452 83754 2693
55209 83320 2696
55199 83311 4301
55511 83822 4259
55167 83265 4181
55238 83371 3504
55286 83427 4082
55177 83261 4136
55197 83308 6854
55409 83629 4201
55276 83386 3532
55346 83651 4197
55404 83707 4724
55197 83308 4393
55194 83262 4237
55338 83618 4613
55221 83346 5122
55216 83272 4212
55151 83216 4717
55113 83198 4110
55194 83305 13268
55278 83482 4637
55242 83361 4339
55326 83426 4123
55394 83615 3934
55278 83567 5420
55263 83545 4238
55315 83546 3792
55188 83285 4348
55541 83881 4188
55259 83449 4783
55215 83352 4018
55211 83324 4238
55444 83719 4209
55282 83576 3014
55424 83725 4344
55156 83237 4069
55302 83542 3868
55244 83370 2879
55215 83450 2663
55196 83309 4632
55181 83277 4507
55243 83352 3277
55298 83591 3325
55187 83288 4299
55437 83731 3935
55222 83317 4095
55429 83489 4052
55360 83614 4311
55241 83365 3195
55194 83298 3183
55564 83845 3995
