9152 15501 822
9151 15511 764
9166 15565 784
9159 15523 757
9149 15490 729
9151 15552 649
9205 15632 645
9155 15513 440
9149 15490 650
9219 15679 699
9154 15496 461
9208 15635 737
9203 15611 783
9218 15649 806
9168 15534 492
9053 15341 543
9160 15518 538
9168 15552 743
9149 15496 448
9156 15499 729
9167 15552 545
9083 15458 482
9155 15497 684
9080 15469 712
9233 15714 732
9155 15499 542
9183 15567 528
9150 15478 485
9054 15393 739
9162 15531 729
9190 15601 459
9065 15410 695
9156 15532 764
9145 15481 730
9223 15730 716
9217 15636 664
9219 15679 691
9164 15533 701
9225 15679 521
9156 15515 694
9147 15474 763
9209 15648 760
9218 15650 596
9213 15657 753
9156 15500 815
9139 15464 749
9146 15471 791
9102 15501 750
9230 15715 770
8939 15131 662
9176 15537 785
9222 15696 727
9211 15644 751
9164 15541 709
9137 15598 625
9236 15721 506
9147 15474 683
9138 15440 783
9171 15534 726
9146 15474 660
9281 15731 680
9160 15520 485
9211 15639 677
9091 15506 704
9156 15493 624
9142 15472 649
9192 15566 431
9148 15491 756
9156 15524 730
9158 15503 532
9166 15548 536
9148 15476 737
9146 15470 759
9164 15532 656
9146 15459 770
9230 15681 629
9223 15679 481
9090 15492 554
9144 15468 591
9154 15496 730
9165 15528 767
9147 15472 783
9138 15434 761
9231 15728 587
9162 15545 547
9146 15453 787
9128 15406 781
9156 15485 788
9176 15543 674
9158 15497 755
9164 15533 727
9214 15662 767
9153 15512 751
9221 15711 733
9157 15509 757
9149 15513 774
9071 15455 728
8913 15059 703
9145 15489 486
9026 15285 718
