8720 14179 698
8707 14031 691
8674 14004 667
8644 13969 713
8655 14054 759
8744 14126 697
8674 13993 693
8651 14032 684
8697 14052 727
8709 14069 699
8693 14052 698
8678 13991 885
8660 14038 708
8678 14049 709
8709 14073 564
8680 14014 747
8665 13991 752
8729 14138 695
8739 14177 762
8654 14009 759
8936 14511 750
8680 14093 827
8717 14105 453
8663 14063 540
8706 14074 710
8678 13981 581
8692 14065 921
8692 14068 730
8649 14002 540
8733 14112 612
8629 13979 715
8680 14024 461
8653 14018 698
8682 14066 695
8701 14048 638
8668 14001 616
8710 14128 1119
8607 13870 593
8698 14065 824
8682 14054 653
8648 13999 683
8756 14170 740
8680 14031 624
8692 14083 721
8723 14132 792
8706 14100 2250
8647 14018 685
8664 14021 705
8732 14131 494
8648 14024 709
8628 13973 722
8726 14138 659
8713 14102 482
8639 14005 715
8663 14061 642
8660 14045 726
8651 14043 384
8675 13989 688
8659 14046 757
8716 14075 520
8631 13992 940
8710 14111 680
8718 14084 604
8797 14215 704
8653 14014 687
8645 14002 646
8680 14071 657
8652 14010 701
8658 13982 697
8633 13992 674
8718 14104 742
8637 13997 723
8645 14005 558
8633 13965 713
8652 13961 761
8701 14092 627
8682 14023 433
8651 14016 829
8694 14040 666
8677 14044 665
8736 14176 636
8703 14055 916
8676 14039 652
8678 14015 463
8630 13941 463
8678 14048 684
8681 14004 642
8650 14006 717
8677 14101 719
8692 14040 720
8748 14171 727
8621 13955 439
8674 14001 442
8762 14170 724
8946 14533 737
8676 14004 646
8738 14165 761
8683 14083 702
8739 14160 631
8720 14079 661
