29865 45673 1408
30131 46069 2131
29977 45776 2184
30248 46259 1913
30160 46039 1710
30010 45884 2125
30231 46237 2159
30075 45955 1417
30217 46210 2034
30120 46040 1922
29840 45552 2313
30029 45907 2309
30059 45960 1550
30128 46051 2165
30090 45989 2172
30214 46185 2225
29754 45527 2068
29892 45696 2231
29973 45841 2209
29941 45819 2336
29880 45739 2583
29864 45624 2124
30079 45973 2084
29755 45483 1297
30102 45973 2232
29996 45812 1310
29886 45653 2068
29817 45555 2244
29946 45771 2137
30190 46130 1411
30232 46213 2098
29771 45432 2059
29778 45563 1806
29956 45851 2282
30075 45957 1708
30055 45928 2120
29935 45816 2056
29907 45705 2165
29930 45799 1852
29934 45849 2168
29953 45837 2114
30019 45896 2149
30126 46089 1415
30126 45972 2212
30089 46036 1919
30051 45902 1257
30211 46252 2041
30087 45957 2363
29814 45728 2073
30072 45985 2019
29903 45782 2017
30193 46182 2290
30098 46017 2049
29912 45823 2261
29969 45873 2147
29839 45610 2144
30123 46058 2155
29815 45517 2275
30233 46215 2118
29832 45570 2986
29818 45531 2145
29854 45715 1461
29987 45864 2292
30081 45996 2179
30045 45884 2067
30141 46102 1561
30259 46277 2141
30110 46027 1825
29944 45834 1437
29927 45791 2075
29814 45518 2407
30072 45969 1406
30046 45912 1905
30122 46056 2064
30116 46090 1995
29785 45590 2137
29869 45689 2137
30096 46019 2089
29776 45503 1497
30141 46101 1520
30061 45958 1469
30120 46042 1639
30095 46014 2369
30106 46039 1401
30117 46040 1503
30073 45954 4899
30118 46047 2152
29810 45518 2267
29964 45836 2255
29956 45798 2063
29866 45684 1514
29841 45596 2261
30131 46068 2177
30123 46088 2221
29858 45602 2232
30080 45974 1404
29967 45887 1494
29938 45822 1407
29946 45857 2077
29943 45834 2260
