72860 93445 4919
72496 92900 5333
72624 93161 9823
72198 92548 5200
72522 92705 4450
72422 92842 4934
72827 93652 4896
69072 88471 4663
72153 92346 4723
71646 91660 4623
71704 92020 4897
71425 91341 5303
71829 91922 9209
71682 92037 3129
69007 88632 4686
72849 93409 4233
71945 91885 7711
71321 91138 3207
73175 94273 7063
72568 93248 5328
72110 92132 5151
72642 93438 3133
73030 93736 5196
72173 92642 4647
72288 92589 3592
72164 92364 3148
72107 92178 6562
71685 91679 5171
72055 92272 5265
72702 93308 4777
72482 93365 4822
72439 92844 7719
73153 93858 5431
72307 92633 3252
72598 93083 5412
72267 92626 4634
71359 91225 3128
73581 94286 4667
72194 92674 5502
73796 94702 4766
73336 94393 3292
72059 92138 6982
72531 92815 4623
72605 93067 4834
72078 92294 7691
71513 91562 3229
73307 94388 4618
72217 92593 7497
72363 93066 4758
72738 93047 4783
71871 92050 4746
72805 93533 3789
72493 92903 3434
68598 87756 8008
72258 92627 5264
72178 92232 4720
72073 92345 4572
72426 92630 7817
72119 92386 7302
72551 93092 5012
71904 91978 4910
72599 93138 5106
72234 92471 6676
72741 93268 4704
72525 93050 4984
72648 93217 3441
72569 92889 3226
71903 92102 4554
72220 92503 3207
72632 93132 4951
71273 91415 4612
73023 93445 5106
71821 91757 9056
73074 93710 5668
71732 91636 3105
73351 94059 5393
72994 93997 7607
71796 91785 4611
71990 92399 4789
72084 92321 4931
72591 93215 5194
72204 92517 6152
71770 91644 5194
72170 92529 4725
72595 93138 7703
71783 92014 4326
72397 92811 4587
72440 92723 5264
72358 92681 4827
67908 86629 4364
71988 92392 4453
72110 92444 5153
71734 91916 5244
72235 92712 4490
72238 92454 5453
72611 93337 4327
72925 93614 4415
73143 93824 4263
68889 88256 5634
71715 91736 5122
