29233 44534 2065
28134 42963 2037
29344 44792 2018
29116 44495 1953
29204 44671 2083
28200 43080 2004
28101 42902 2082
28173 43018 1928
28166 42983 2019
28148 42959 1257
28055 42816 1302
28210 43035 1956
28077 42850 1947
28188 43032 2000
28126 42949 2143
28091 42890 1875
28193 43021 1847
28165 42987 1462
28278 43114 1852
28106 42922 1925
28126 42947 2020
29366 44818 1314
28227 43068 2191
28202 43035 2032
29454 45005 2938
28134 42949 1960
28152 43013 2007
29324 44790 2066
28159 43015 1999
28230 43039 2026
28138 42951 2019
28146 42999 2050
28287 43167 1968
28279 43157 1970
29351 44800 2103
28097 42894 1938
28225 43077 1883
28208 43048 2014
28223 43116 1944
28106 42910 1997
28143 42956 2002
29269 44698 2192
28149 42952 1999
28109 42906 1234
29338 44835 2118
28095 42885 1615
28125 42953 1994
28186 43035 1922
28206 43042 1924
29340 44841 4688
28145 42963 1884
28205 43046 1753
28098 42896 1957
28279 43108 1853
28130 42904 1918
28087 42874 2039
28261 43136 2290
28270 43125 1268
28115 42910 2019
28085 42875 2053
29211 44629 5151
29207 44608 2047
28087 42874 3250
28087 42875 2108
28105 42919 2107
28110 42903 2105
28193 43020 2013
28216 43055 1936
28238 43080 1942
29306 44741 3554
28097 42889 1749
28129 42917 1891
28235 43081 1316
28104 42909 1901
29320 44783 2055
28109 42918 1888
28238 43083 2261
29258 44691 2078
28218 43058 1982
28145 42979 1979
28130 42932 2063
28091 42942 1825
29307 44742 2014
28399 43342 1992
28064 42834 1922
29395 44895 1400
28120 42902 2076
28087 42874 1928
28248 43080 1934
28266 43125 1945
28290 43169 1851
29296 44715 2021
28247 43117 2004
28151 42952 1880
28230 43071 1758
29304 44741 1279
29296 44771 1385
28117 42925 1923
28278 43147 1915
28285 43172 1291
