72416 146526 7094
72404 146408 7443
70667 142165 7802
72026 145728 6812
71445 144200 6632
72078 145685 6685
72544 146731 9211
72062 145599 11205
72375 146585 6887
72429 146861 10453
72645 147121 7634
73101 147710 8440
71611 144150 4984
72666 146875 4524
71088 143616 4957
72097 145275 6644
72306 146562 4329
73227 147764 5790
72679 146824 4469
69673 140292 6811
70153 140873 7245
70917 142605 6491
72625 146798 6937
72154 145757 7157
71845 144463 6540
72531 146550 9468
72206 145432 7271
71654 144460 9211
71137 143692 5589
73391 148910 7088
71553 144613 7267
71792 145027 4309
70225 141257 6593
73040 147766 6672
72887 147420 4425
72980 147897 7706
71934 145341 6581
71517 144538 6705
72228 146008 7950
71248 144163 10563
68966 139144 4196
73082 148452 4621
72098 145865 4427
72571 146713 7124
72056 145577 6994
71315 143595 4387
70430 141999 6742
73404 148513 6797
71175 143064 6696
72407 145827 7248
71789 144924 5609
65642 132109 6307
70980 143307 7068
71888 144495 6630
71852 145284 6490
70514 141888 7375
70313 141677 7162
71777 144703 6838
72210 145923 6924
72573 146756 6832
72441 146151 9171
72485 146659 7058
69735 140376 6843
72578 147246 4684
71706 144663 6384
73300 148549 10935
71550 144699 7287
71844 144979 7320
72943 147843 9195
72782 147190 7498
72324 146331 6748
71190 143719 7078
73083 148048 4351
69859 140837 5915
71639 144632 4775
72407 146625 7219
71944 145302 4793
72641 146958 5154
69280 139070 6729
71526 144463 9006
71625 144916 9576
71756 145049 7229
72399 146413 7826
72861 147733 5951
71048 143257 7153
72290 145558 6647
71673 144815 8050
72273 145898 5355
60963 122319 5790
68399 137424 6626
71780 144796 7241
70545 142003 6970
70401 142045 6611
65279 131277 6183
71890 145054 8783
71683 144472 4521
69284 139388 6841
71496 143964 6622
73048 148047 9249
72439 146660 4527
