7045 10816 508
7034 10739 421
7069 10835 543
7050 10825 603
7042 10769 568
7015 10762 570
7044 10815 577
7064 10834 553
6972 10696 563
7089 10876 534
7039 10829 406
7037 10809 422
7073 10888 495
7037 10802 447
7163 11127 555
7038 10826 520
7055 10837 668
6981 10687 598
7054 10838 498
7068 10869 518
7029 10762 491
7037 10818 493
7059 10853 585
7039 10793 559
7033 10800 419
7076 10826 742
7097 10918 554
7060 10852 534
7042 10806 571
7031 10800 578
7045 10815 1013
7061 10806 500
7047 10826 591
7103 10875 522
7066 10854 510
7030 10751 523
7035 10818 532
7044 10831 597
7034 10799 574
7036 10820 591
7052 10817 569
7099 10945 569
6983 10696 500
7048 10823 522
7056 10876 592
7071 10830 552
7035 10770 546
7076 10827 551
7049 10823 527
7032 10804 538
7013 10733 506
7100 10935 536
7040 10829 411
7032 10801 557
6979 10691 472
6992 10750 540
7050 10824 532
7037 10788 599
7058 10844 573
7020 10767 603
7045 10822 516
7039 10808 531
7056 10816 577
7044 10813 499
7099 10883 530
7004 10722 521
7049 10819 591
7045 10816 555
7088 10890 522
7080 10857 515
7033 10806 495
7049 10823 562
7043 10820 328
7082 10862 336
7129 10903 355
7045 10821 517
7015 10731 677
7077 10891 583
7033 10804 589
7046 10822 540
7083 10880 472
7083 10876 335
7040 10809 482
7015 10763 516
7030 10810 484
6984 10717 474
7013 10733 517
7011 10729 536
7044 10814 554
7033 10787 556
6992 10695 583
7046 10817 624
6976 10695 594
7088 10914 572
7027 10775 594
7092 10893 544
6999 10740 530
7037 10818 561
7026 10775 426
7046 10829 383
