36279 56251 2889
36096 56113 2873
33266 51542 2368
36774 57486 2847
36542 56863 2788
36355 56676 3085
35841 55625 2548
36187 56336 2262
36085 55951 2800
36312 56319 2729
36321 56578 3398
36636 56853 2894
37112 57897 3072
36477 56836 1836
36720 57007 1825
36296 56561 2675
36239 56450 1666
36562 57079 2779
35856 55751 2404
35866 55867 2530
36979 57610 1674
36614 57001 1605
36986 57758 2677
36464 56741 1994
36166 56186 2938
36691 57193 2748
36642 56903 2299
36431 56601 2614
36954 57581 3378
36523 56893 2891
36176 56175 1836
36437 56714 2754
36170 56133 2623
36570 56912 2740
36531 56832 2623
37334 58312 2489
36016 55816 1669
35921 55700 2184
36447 56686 2263
35724 55409 2473
36136 56207 1948
36544 56805 3074
36064 56060 2271
36325 56544 1707
36457 56829 2716
36758 57481 1725
36616 56931 2494
36363 56637 2797
36435 56914 2768
36620 57111 4830
36995 57566 2812
36365 56758 3220
36592 57143 2590
36642 57096 2242
36540 56994 2748
36625 57075 2685
35936 55789 2797
36083 55999 2711
37082 58071 2777
36719 57281 2965
36502 56854 2703
33196 51397 2638
35855 55492 2745
36693 56958 3055
36919 57609 1892
35984 55624 2982
36130 56080 1839
36440 56648 3308
36329 56653 2916
37301 58201 3032
36552 56964 2840
36874 57484 2840
36472 56621 1785
35373 54989 1742
35920 55870 1713
37022 57827 1870
36513 56878 1849
36315 56465 2703
36677 57213 2776
35997 55841 2644
36115 56024 2779
35737 55607 2649
35914 55743 1827
35616 55438 2786
37028 57826 3085
36636 56831 1949
36258 56273 1818
36499 56708 2738
36791 57197 2752
36378 56841 1817
36212 56527 2445
36489 56783 2619
35561 55184 2837
37038 57652 2711
37038 57701 2650
36709 57413 2722
36882 57547 2781
33016 51199 2483
36463 56698 2831
36688 57003 2926
