34547 70593 2554
36183 73848 2711
36278 73589 2993
35518 72514 2744
35710 73058 2731
31097 63439 2119
35919 73428 2841
36209 73984 1637
35922 73231 1670
35562 72574 2373
29962 60564 2081
31048 63302 2314
35415 72389 2637
36298 74149 2964
35762 73129 3135
36120 73522 2651
35514 72382 2647
36497 74600 2918
35675 72665 2556
35449 72215 1929
34548 70505 3077
35548 72362 1918
35610 72720 2573
36439 74527 2676
36176 73924 2893
35983 73387 2862
34969 70978 2835
34039 69446 2927
36165 73546 2988
34659 70667 2912
35588 72658 2835
35480 72471 2978
35532 72494 2427
35626 72339 2016
35116 71244 1804
35442 72110 2794
34953 71355 2643
36389 74484 3008
35146 71701 2747
35514 72238 2681
34702 70286 2487
35600 72441 2935
35864 73137 3055
33444 67785 2741
36369 74587 3061
35918 73329 2684
35962 73491 2707
36702 75193 2961
35867 73429 3001
35772 72691 3262
36713 75551 2251
35974 73473 2977
34281 69353 2736
35981 73360 2740
36000 73142 2760
36567 74937 1704
35358 71896 2742
36274 74170 1615
36326 74430 2103
36018 73706 3013
35553 72247 2771
36453 74321 1942
35465 72324 2778
35558 72585 2940
35455 72046 2835
35151 71649 2757
35582 72769 2748
35455 71958 3027
36487 74555 1769
34254 69355 2017
35347 72070 2772
35555 72647 2630
34533 70014 1889
36096 73879 1828
30492 61849 2082
35438 72039 2891
34392 69881 2636
36077 73522 2802
35324 71885 2665
30605 62225 2386
35331 71935 4194
35102 71448 2580
36009 73617 2712
36492 74630 2776
35091 71596 2831
35426 71913 2797
35268 71377 2931
35341 71908 2970
36012 73551 1916
35759 72958 2960
35489 72272 1849
35948 73418 1896
33466 68402 1833
35922 73305 2911
36280 74090 3009
36613 74979 2788
36003 73229 2724
34157 69409 2658
35463 72516 2823
34602 70385 4734
