67856 93355 5093
67274 92422 4896
66625 91149 5164
67283 92361 5028
67572 92823 4989
66798 91450 4817
66700 91586 4942
62974 86399 4626
65985 90566 3609
67947 93563 7832
68336 93888 3840
62653 85914 4460
67155 92395 5000
66404 90998 3175
67499 92581 3270
67040 92111 5231
66647 91498 4011
67911 93076 7652
67598 92787 5207
66631 91284 6295
67532 92726 5253
67384 92322 5847
66725 91737 3626
67254 92128 5652
66570 91315 5453
66900 91751 3577
67609 92753 4966
67483 92677 4852
67326 92382 4210
68078 93745 4690
67272 92367 3534
67475 92712 13299
67256 92272 4650
67175 92310 4806
67129 92178 4787
67054 91905 5220
66993 91920 5224
66752 91359 5117
67168 92018 5202
67812 93138 4746
67688 92914 4520
67711 93241 5155
66764 91462 3230
67143 92280 4959
67004 92167 3111
65769 89924 2963
66923 91874 5741
63011 86488 6045
66712 91600 5109
66654 91282 4221
66106 90701 4284
66600 91351 3155
66267 90662 4437
67093 92166 6214
66961 91760 2922
66948 91932 4842
66717 91331 4505
66190 90638 4853
67460 92555 5161
67166 92217 5560
67340 92475 4796
67573 92874 4764
66984 91961 4580
67784 93336 3172
66082 90343 5225
67039 92277 5505
67060 92066 5778
67421 92617 5573
66359 90867 5098
67084 92056 5026
67647 93079 4533
67325 92584 4663
66875 91701 3078
66824 91561 4946
67556 92691 4600
67331 92261 4966
66100 90768 4310
66592 91317 4288
67619 92697 5563
66546 91234 4998
67168 92265 5260
65897 90051 4260
66905 91747 5390
67721 93121 5159
67859 93462 5433
67911 93706 4753
67216 92326 5690
66533 91320 3145
67327 92544 3121
62385 85417 3116
63158 86494 4526
66268 90729 5297
67314 92447 5573
66942 91795 4590
66832 91789 4754
62578 85637 4725
63316 86997 3409
66768 91718 5378
67274 92238 3429
67239 92437 3358
