26183 54183 3133
26222 54395 2626
26013 53851 2410
26321 54376 2706
26152 54269 2633
26272 54521 1685
26235 54404 2376
26008 53871 2519
26004 53887 2321
26052 53866 2594
26000 53786 2491
25704 53104 7171
25980 53814 1722
25655 53113 2405
25933 53658 2457
26118 54212 5673
26087 54097 2416
26288 54309 2593
25817 53326 3593
26244 54297 2706
26199 54293 2520
26122 54070 2637
26062 53975 2308
26003 53818 2571
26209 54297 2609
25775 53315 2683
26184 54220 2730
25803 53308 1517
26207 54288 5234
26127 54056 2791
25956 53694 1721
25992 53842 2507
25959 53716 2882
26043 54029 5196
26138 53917 1643
25978 53751 2371
26174 54229 2412
26383 54656 2350
26126 54068 2435
26044 54030 3212
26183 54268 2625
26200 54318 1741
26210 54041 2615
26057 53658 2516
26192 54306 2490
25943 53627 2168
26333 54515 2739
26380 54609 2582
26155 54178 2523
25976 53528 2658
25913 53523 4252
26200 54279 2486
26346 54733 2554
26070 54054 1593
25879 53454 2353
26201 54320 7601
25936 53434 2417
26120 54092 1631
26160 54279 2352
25922 53671 1692
28133 58671 2712
26141 53921 2109
26025 53931 2338
26126 53855 2485
26334 54486 2351
26168 54172 2428
25805 53113 2380
26316 54373 2574
26277 54250 2497
28227 58487 2903
26147 54056 1728
26060 53727 1933
26031 53941 1691
25986 53756 2295
26189 54030 1786
25949 53831 2394
25974 53818 1843
26134 54084 2417
26218 54421 2707
26093 54058 2574
26197 54218 2806
26243 54488 2717
26073 53738 2620
26125 53921 2610
26225 54395 5467
26237 54352 2672
26080 53959 2656
26314 54605 2747
25917 53612 2668
25983 53790 5274
26001 53815 2719
26224 54412 2750
25880 53551 3026
26171 53980 2468
26109 54006 2643
26141 54169 1626
26257 54245 1673
25975 53789 2154
26252 54482 2665
26136 54041 2563
