44491 92551 2464
43847 91175 4107
44051 91391 4011
44439 92359 3925
44240 91855 5081
44268 92080 3799
44401 92287 3982
44438 92304 4166
44161 91807 3718
44349 92106 4207
44229 91873 4004
44271 92036 3884
44493 92460 2652
44254 91921 3642
44543 92560 3909
44398 92395 4015
44451 92517 3904
44349 92194 4058
44529 92624 2665
44501 92535 4108
44078 91556 4245
44317 92067 3958
44340 92189 4579
44297 92155 3790
44292 92067 3767
44506 92597 3884
43975 91101 2614
44361 92208 2965
44308 91973 4070
44357 92211 5413
44258 91849 3929
44545 92675 4188
44397 92265 2582
44343 92173 7241
44320 92054 4122
44239 91879 3807
44450 92336 3786
44637 92894 6832
44401 92304 4300
44587 92786 4308
44393 92220 4037
44235 91904 4074
44367 92235 2915
44651 92977 4272
44195 91778 4337
44346 92193 3949
44444 92361 4078
44661 92913 2543
44511 92554 3747
44614 92895 2618
44503 92567 2539
44355 92185 4210
44473 92414 4336
44685 93093 4135
44364 92194 3941
44529 92564 4187
44240 91823 2451
44583 92802 3274
44652 92967 2646
44314 92016 3947
44050 91452 3920
44301 92076 3756
43700 90794 3944
44222 91834 3789
43824 90993 4336
44194 91798 2898
44412 92351 5624
44329 92183 3003
44202 91760 3643
44456 92431 3955
44076 91381 3934
44131 91631 2504
44457 92386 4032
44438 92261 4387
44416 92291 2685
44158 91666 4299
44342 92173 3890
44330 92116 3811
44425 92385 4148
44627 92859 4296
44417 92221 4005
44272 91964 2654
44306 92100 2683
44595 92687 2855
44383 92312 3855
44311 91972 4168
44504 92561 4106
43957 91186 4025
44564 92657 3859
44442 92195 4595
44466 92477 3940
44434 92315 4030
44266 91958 2596
44329 92089 4732
44362 92232 4139
44550 92609 3106
44235 91886 4257
43762 90949 3881
44584 92762 2747
44555 92685 3658
