80595 110413 6064
79975 109947 6875
80779 110861 6016
80413 110277 6669
80544 110373 3988
80816 111089 4332
81404 111898 3999
80441 110085 5623
79997 110018 5911
81264 111524 4133
81020 111120 4691
81352 111933 5910
81028 111396 6906
81054 111325 6408
80382 110342 5749
80392 110228 5728
80754 110724 6504
80492 110048 5553
80565 110759 5852
81325 111378 5693
81194 111505 7283
80082 110059 4567
81272 111655 4307
80946 110996 5027
81313 111608 6025
79960 109606 5726
80686 110655 6042
79668 109013 5938
80504 110597 5891
80918 110896 4544
79080 108320 5877
80648 110858 5655
80414 110130 5979
79172 108693 5601
81363 111806 6105
78782 107786 3915
80253 110080 6371
80922 110989 6054
79881 109560 6906
80602 110737 6475
80007 109588 3942
79725 109166 5547
80167 109930 5777
81201 111580 6173
80433 110420 5612
80800 110705 6186
80139 109978 3937
80392 110481 6041
80589 110926 5685
81346 112226 5947
80484 110277 6599
81165 111478 4713
80042 109418 5662
79692 109171 7106
80673 110753 8195
80014 109740 6249
81191 111699 6121
80483 110487 6456
80302 110478 4286
81090 111651 6288
80278 109869 4609
79980 109533 6030
80931 111089 5912
81520 112121 5960
81218 111471 3843
80490 110509 4030
80492 110464 5570
81504 111729 5840
80349 110245 5698
80605 110401 5471
80830 111017 6009
80803 111205 8061
75404 103474 6005
80985 111237 5915
80769 110792 6016
79332 108724 5804
80869 111290 6442
79950 109832 6030
79559 108820 6095
80057 109740 6116
80715 110633 6342
80523 110537 3952
80286 110329 5364
80743 110756 8639
80101 109605 7896
80688 110807 4213
80295 110249 6169
75251 103232 5673
81174 111471 6038
80990 111558 5432
81215 111536 6617
76171 104526 5434
80574 110816 6318
80504 110461 7200
79590 108873 9577
79697 109172 6014
81121 111636 5833
79773 109091 9260
80804 110863 5024
80678 111086 6068
