50672 72550 3848
50619 72448 3638
50593 72421 3844
50650 72501 3507
50611 72439 3730
50710 72525 2780
50627 72419 3896
50616 72444 3731
50755 72590 5376
50691 72529 3445
50787 72735 3086
50660 72535 3461
50607 72438 3329
50621 72461 2673
50674 72478 3632
51025 73172 2999
50614 72442 3112
50629 72468 3826
50846 72784 2781
50652 72473 5031
50644 72496 3833
50722 72539 4127
50654 72504 3583
50630 72470 8550
50633 72484 4020
50630 72467 2420
50624 72456 2915
50722 72614 4996
50635 72473 2617
50586 72376 3427
50640 72444 4779
50621 72454 3730
50601 72414 3580
50717 72560 3547
50613 72458 7717
50675 72557 3789
50631 72484 3817
50613 72444 3955
50621 72462 3246
50660 72530 3744
50646 72446 7810
50668 72508 2273
50613 72447 3427
50653 72514 2886
50555 72354 3059
50614 72451 3868
50613 72462 3854
50614 72442 3654
50674 72551 2350
50591 72296 4395
50818 72816 3387
50699 72533 3918
50674 72516 3368
50642 72494 5056
50669 72524 8819
50475 72414 2828
50612 72440 3451
50624 72464 6125
50616 72449 3239
50764 72598 2380
50666 72504 5929
50658 72517 3691
50620 72450 3779
50812 72694 4757
50604 72437 3793
50587 72385 11398
50626 72457 3791
50673 72557 3684
50583 72370 3219
50675 72558 2954
50617 72466 4957
50659 72498 3794
50448 72352 2487
50670 72553 3589
50688 72507 3612
50600 72426 6695
50631 72468 4024
50820 72864 2499
50671 72502 3809
50669 72508 3662
50636 72453 3724
50624 72461 3497
50644 72491 2701
50665 72503 3991
50636 72489 5648
50685 72531 2279
50641 72482 3602
50618 72457 3683
50617 72442 2482
50621 72466 3529
50585 72394 3246
50619 72457 3490
50658 72490 6929
50625 72455 6122
50508 72455 2525
50613 72444 3410
50664 72523 2449
50621 72457 3366
50639 72476 2496
50581 72382 6006
