68103 140595 7032
69979 144548 8081
69331 143140 6773
68698 141748 11628
70287 145466 7116
66612 137319 6305
66001 135872 6887
68675 141648 9027
70128 145009 9915
66668 137445 8157
68468 141428 6352
68862 142200 9006
68650 141607 8269
69521 143551 6746
68848 142157 7379
68378 141093 8987
68735 141891 8049
69119 142716 11435
68934 142310 7619
69468 143457 7025
69297 142992 7245
68238 140613 4145
69561 143695 7183
69435 143520 4176
68801 142059 7895
69975 144573 10491
68742 142004 6728
68782 142010 8677
69246 142862 4249
68804 142063 5628
68952 142449 6165
69986 144636 7076
68787 142078 13624
68780 141977 7595
69552 143737 6622
68767 141957 10156
70055 144663 6833
69544 143744 6379
68592 141468 6572
68740 141820 6456
69129 142593 6481
68810 142052 9261
68752 141964 6952
69213 142948 6783
68148 140509 4420
69863 144177 6890
68194 140606 4998
70412 145876 7295
68949 142316 7145
68802 142015 4361
68684 141703 7414
68733 141888 4577
69883 144340 4497
68808 141935 6443
69974 144652 5516
68233 140644 6873
69736 144046 4499
69450 143549 6999
68855 142130 6770
66224 136235 6664
68559 141440 4718
68303 140932 7699
68914 142210 10884
69981 144648 7065
69927 144533 6723
68758 141931 6784
68303 140853 6269
68104 140316 6423
68527 141440 7097
69181 142656 6693
68669 141939 5399
69872 144334 8280
69504 143552 4433
58959 121827 5706
68879 142240 5485
69384 143329 5279
70083 144833 5678
68198 140554 4203
69427 143442 6291
69352 143023 8203
69490 143559 7160
70063 145108 4577
69829 144338 4295
67971 140594 5099
69861 144332 4630
68292 140805 7277
68250 140704 7144
69562 143803 7979
68609 141502 7239
66629 137439 7404
67486 139015 6494
69362 143122 8145
69108 142459 7731
68851 142234 5296
68514 141466 7900
69518 143635 6755
70045 144838 7048
68465 141345 6157
56886 117277 5686
70163 145020 6439
