67429 106529 5149
67505 106583 5005
67692 107026 5769
67514 106790 7405
67508 106676 3281
67755 107094 5381
67556 106881 5524
67471 106602 5896
67597 106729 5894
67676 107003 5353
67304 106399 5337
67526 106696 5379
67454 106570 5405
67693 107035 4949
67270 106190 5415
67579 106726 5375
67636 106847 5207
67509 106603 5614
67076 105765 3862
67331 106615 5266
67518 106587 5272
67742 107134 4711
67592 106841 4786
67663 106948 5081
67464 106523 7265
67698 107015 5319
67567 106754 4462
67465 106517 3298
67514 106554 5161
67290 106482 4840
67352 106272 3503
67568 106786 4138
67337 106206 3636
67740 107059 10630
67223 106248 4939
67338 106546 4481
67666 106901 3989
67510 106629 3239
67527 106657 3719
67452 106408 7987
67584 106795 5948
67412 106404 8068
67605 106806 4988
67507 106624 5592
67451 106534 5908
67185 105951 5332
67638 106891 5019
67550 106702 5759
67466 106589 9799
67457 106538 5519
67326 106531 5389
67237 106267 3279
67345 106608 3381
67322 106561 3441
67630 106851 6967
67585 106746 4918
67688 107011 3569
67546 106721 5879
67623 106867 5151
67683 106959 5049
67604 106808 6074
67619 106780 6359
67536 106754 3449
67624 106824 6865
67336 106514 3155
67718 107038 4817
67518 106642 3882
67640 106866 8646
67611 106822 5236
67598 106785 5349
67348 106585 5592
67533 106608 11776
67436 106475 6171
67340 106596 5719
67622 106874 6484
67542 106593 4831
67022 105872 3382
67306 106423 5359
67592 106773 6658
67602 106799 5257
67516 106713 3340
67617 106772 5427
67593 106788 5133
67576 106718 5408
67715 106968 4981
67698 107035 3896
67510 106664 3301
67611 106814 5067
67330 106488 3264
67468 106651 6853
67344 106543 5057
67636 106835 3222
67598 106764 5409
67392 106437 7164
67686 106984 5035
67394 106465 6873
67491 106577 6413
67740 107115 5901
67424 106398 6797
67515 106584 4380
