57685 80946 4257
57582 80921 5754
57654 80907 4297
58002 81393 3570
57779 81125 3809
57743 81075 4050
57738 81017 3631
57763 81105 2649
57767 81101 8466
57165 80242 3715
57786 81053 12619
58060 81448 3952
57153 80198 3928
57795 81094 3890
57881 81246 3771
57769 81124 3761
58469 81970 4109
57329 80599 3815
57719 81022 4736
57433 80705 5166
57679 81007 4028
57514 80657 3767
57739 81061 4059
57597 80792 3044
57803 81183 3221
58491 82032 4028
57748 81068 6689
57549 80895 5494
58056 81302 4619
57697 80969 7255
57630 80937 8099
57723 81032 3687
57659 80957 5389
57695 80952 3939
57183 80296 3609
57711 81040 3952
57720 81040 3801
57405 80484 3481
57670 80997 4276
57782 81137 3893
57745 81101 4202
57725 81074 4313
58085 81355 3909
58011 81383 3969
57635 80865 2630
57449 80784 8228
57742 81082 3867
57726 80981 4559
58443 81907 3536
57430 80527 3036
57614 80868 3734
57673 80928 3724
58214 81538 5146
57715 81041 3679
57638 80921 7362
58011 81451 7109
57785 81145 3082
57712 80972 3947
57123 80167 3605
57510 80846 3583
57720 81062 3869
57400 80652 4020
57799 81176 4281
58018 81252 6453
57742 81101 4200
57734 80990 4007
57396 80703 3877
57386 80492 3641
57582 80968 3749
57141 80218 4336
57709 80980 3520
57141 80179 4216
57734 81075 3940
57721 80979 3997
57733 81026 4020
57512 80733 4325
57947 81293 2493
58012 81343 2973
57704 81018 4455
57322 80459 3613
57718 81029 3233
58116 81436 4018
57436 80671 2499
57496 80613 3562
57657 80947 4289
57805 81127 4107
58324 81710 3769
57759 81112 3700
57985 81333 2459
57158 80237 3016
57743 81082 3863
57730 81029 2919
57743 81050 3866
57747 81125 3432
57565 80884 4188
57678 80923 3957
57794 81176 4132
57741 81034 4098
57720 81046 4471
57645 80928 4123
