17591 29611 1659
17593 29623 1368
17705 29827 1433
17689 29811 991
17720 29875 1572
17645 29795 1138
17547 29608 1506
17715 29858 1535
17576 29622 1551
17779 29980 1635
17651 29811 1559
17694 29799 1561
17704 29835 1546
17695 29844 1504
17735 29882 959
16886 28432 1403
17668 29857 1528
17755 29924 1498
17549 29675 1550
17662 29856 1558
17709 29837 1480
17716 29859 5145
17748 29937 1074
17710 29843 1453
17562 29713 1026
17443 29504 1484
17705 29881 1500
17605 29713 1503
17458 29417 1516
16743 28243 1490
17710 29853 1481
17684 29787 993
17659 29814 1003
17760 29975 1369
17701 29830 1360
17648 29808 868
17012 28774 1404
17713 29849 1333
17805 30052 1454
17715 29858 1402
17585 29617 1250
17455 29472 1512
17605 29700 1629
17734 29879 1474
17400 29389 1521
17689 29940 1294
17682 29932 1478
17737 29897 1418
17718 29876 1052
17711 29856 1559
17457 29405 1499
17728 29877 3343
17710 29831 1552
17581 29762 1247
17654 29800 1155
17547 29679 1411
17712 29843 1572
16706 28138 1567
17710 29836 1537
17705 29829 1448
17709 29844 1506
17590 29576 1493
17707 29846 1523
17694 29813 1471
17708 29845 1070
17703 29831 2236
17663 29786 1082
17543 29625 1372
17550 29504 1386
17797 30154 1349
17228 29027 1461
17580 29627 1324
17508 29609 3993
17228 29021 1504
17596 29622 1519
17590 29608 1407
17715 29853 1445
17789 30059 1527
17379 29315 1349
16831 28383 1179
17724 29855 1551
17708 29858 949
17710 29845 1424
17417 29428 1346
17554 29698 931
17710 29848 8831
17706 29837 1607
17712 29839 1665
17537 29640 1470
17643 29784 1376
17514 29537 1315
17644 29787 1372
17647 29787 1326
17690 29797 1401
17713 29847 1372
17664 29814 939
17530 29573 1401
17742 29899 1307
17558 29721 1444
16740 28244 1460
