25613 51776 2351
31045 63451 3217
31593 64707 4129
31191 63812 3378
31421 64370 3267
30804 62830 3229
31206 63688 2738
30455 61793 3077
31269 63893 2226
26084 52871 2515
30052 61082 2971
30831 62718 2193
31509 64536 2921
31144 63461 2946
32076 66017 3355
31258 63933 3152
31497 64141 3179
31090 63381 3357
31133 63647 3291
31763 64981 3252
29361 59330 3012
31342 64074 3542
31113 63480 3262
26649 54117 2701
31154 63270 3397
31382 64105 3010
31462 64479 3495
31096 63493 3376
31390 64072 3349
30909 62861 3304
31110 63698 3304
31169 63518 2138
30926 63072 2004
31660 64900 6803
30958 63137 2956
30408 61929 7947
30766 62557 5102
28327 57211 2789
31048 63467 2859
31489 64640 3288
30764 62501 2050
26557 53899 3323
30437 61837 3441
31397 64284 3217
30772 62659 3118
31606 64720 3009
31893 65508 5411
30864 62838 3151
31015 63161 2811
29406 59738 2960
26499 53974 2928
30430 61751 3286
30791 62842 2556
31251 63828 3210
31025 63373 2838
31131 63296 3204
31009 63178 3016
30805 62478 3145
31211 63858 6103
31424 64108 3250
28970 58823 3031
31436 64172 3011
31255 63735 6536
31510 64114 2126
30668 62475 5094
30202 61424 1945
31512 64315 3401
31278 63783 3112
30819 62842 2182
31509 64102 3299
31204 63702 3030
30695 62673 3110
31033 63174 6244
31689 65186 3051
31168 63537 3100
30440 62204 2916
29792 60866 2964
31466 64241 2646
31131 63583 3133
30333 61726 6867
30811 62619 3164
31226 63565 2998
31471 64460 3384
29657 60261 3221
31059 63284 2034
31779 65149 3245
30714 62370 2830
26340 53515 2550
30149 61377 3150
30439 62074 5819
31146 63536 3100
31558 64177 3222
29789 60474 4863
31138 63610 3124
31084 63447 2947
31359 64005 3136
31230 63629 2084
30323 61622 3252
31478 64221 3315
31169 63602 2153
