26057 43984 2052
25991 43801 2364
26049 43962 2412
26118 44065 1553
26048 43870 2029
26064 43971 2319
26096 44001 4672
26013 43865 2160
26098 43978 1978
25799 43396 2538
26043 43950 2252
25918 43688 1950
25977 43701 2386
25964 43844 2181
25768 43367 2325
26193 44275 4022
26045 43966 5012
26008 43857 2296
26099 44001 1465
25973 43735 1540
26093 44037 2193
26211 44324 2205
25785 43430 1979
26014 43860 1986
26021 43842 3129
26090 43990 4477
26264 44435 2172
25829 43494 2098
26041 43876 1422
26054 43952 1850
25807 43429 2050
26072 43996 1975
26051 43962 1967
25792 43389 2023
26271 44472 2180
26100 44066 4148
26009 43849 2197
25963 43817 3737
26056 43969 2130
26157 44192 2337
26080 44007 2240
25924 43686 2351
25831 43467 1904
25802 43467 2127
25758 43355 1798
26197 44296 4415
26289 44415 1541
26162 44183 3051
26065 43998 2229
25979 43747 2040
26049 43926 2618
26147 44171 2084
26063 43974 2169
26017 43857 1405
26099 44051 2155
26228 44354 2284
25973 43735 1796
26001 43826 3873
25815 43482 2154
26136 44193 2202
26258 44234 2707
26064 44004 2825
25986 43777 2246
26003 43832 2467
26163 44160 2159
26018 43816 1986
26306 44509 2153
26098 44011 1775
26017 43852 2099
25935 43675 2074
25784 43394 2381
26116 44101 9744
25814 43469 1358
25990 43883 2455
26022 43869 2305
25821 43514 1489
25842 43488 1594
26135 44118 1496
26102 43989 2119
26135 44116 2331
26209 44323 2280
25964 43715 2086
25993 43800 2106
25979 43774 3583
26148 44200 1971
26223 44359 2167
25820 43515 2206
26018 43866 2018
26154 44233 2329
25841 43619 2068
26233 44332 2033
25998 43806 5235
26189 44258 2208
26062 44066 1993
26231 44367 2130
26053 43928 1653
25800 43442 2032
26119 44080 2099
26058 43983 2152
26062 43984 2854
