89090 183060 5599
91437 188096 8154
92705 190684 8317
92489 189869 8826
93321 192225 9883
93223 192019 9080
88909 182671 9222
93278 192046 9041
92539 190454 8994
93335 192144 8089
93221 191957 8914
93307 191929 9179
92474 190249 7976
93058 191498 9886
91111 187339 13050
92967 191444 5779
93063 191314 9410
91063 187286 7723
88934 182605 7778
93129 191704 6842
93234 192026 9771
86075 175959 8068
93246 191947 8859
92956 191336 9578
93021 191464 9572
92891 191071 6463
93160 191808 8653
92734 190871 8953
93131 191463 5485
92737 191025 5243
92971 191319 8844
92772 191159 11121
93152 191742 10867
93551 192680 5719
91828 188644 8429
90892 186443 10108
93025 191358 9220
93174 191871 9449
93356 192360 9609
93182 191791 6293
92917 191119 9374
92794 190935 6366
92981 191364 8771
88396 181498 8902
92161 189451 5734
93126 191793 7247
91341 187896 6827
90878 186380 9371
93040 191485 9724
93194 191941 8305
92732 191018 5601
93360 192145 7409
92799 190749 6206
93222 191822 6230
91447 188270 9543
91480 188339 8574
93082 191628 11524
93306 192277 10124
93254 192007 9279
93081 191648 5743
92888 191198 9237
92997 191408 9807
92985 191388 9455
88947 182804 11467
93167 191719 9153
93084 191439 8360
93169 191754 9308
93093 191704 8434
93036 191488 9082
91047 186817 6664
91084 187264 12359
93097 191662 7141
93170 191603 8244
92729 190963 9901
93205 191851 9807
93038 191534 5538
93298 192179 12146
93130 191544 9407
91139 187041 9015
93008 191401 8966
91358 187978 9881
93269 192161 12544
93015 191531 10369
92958 191312 10248
93188 191885 12448
93316 192181 5887
93155 191825 6565
88850 182348 9116
91785 189190 5736
93023 191442 6949
93015 191352 8382
93188 191727 9483
92976 191369 5846
92664 190811 6494
92888 191164 9237
93504 192452 8727
91397 188067 8899
91493 187936 8738
92789 191059 9438
93566 192860 7346
