1188 2167 108
1191 2181 114
1188 2167 114
1187 2172 105
1181 2151 108
1195 2190 118
1151 2050 134
1176 2128 124
1147 2034 111
1181 2151 156
1190 2174 119
1149 2048 104
1181 2151 100
1185 2162 108
1181 2151 76
1151 2042 104
1163 2062 112
1196 2184 120
1183 2116 135
1187 2166 141
1146 2033 121
1145 2032 113
1150 2041 95
1191 2181 112
1177 2134 106
1197 2203 110
1194 2190 123
1146 2033 90
1189 2167 101
1179 2144 107
1184 2152 106
1144 2029 105
1191 2181 105
1187 2166 106
1217 2261 126
1198 2199 122
1183 2116 105
1181 2151 121
1193 2187 130
1183 2146 131
1189 2167 117
1187 2176 87
1179 2145 111
1188 2167 103
1183 2160 112
1195 2202 112
1181 2151 126
1181 2152 110
1145 2031 106
1182 2151 112
1190 2141 105
1182 2098 125
1188 2173 117
1194 2190 120
1176 2138 135
1148 2040 474
1186 2159 113
1181 2151 116
1182 2145 73
1181 2151 141
1186 2160 111
1213 2237 118
1177 2134 104
1196 2183 129
1191 2169 110
1162 2072 114
1189 2181 121
1174 2122 137
1180 2151 107
1189 2182 126
1146 2037 113
1193 2187 115
1160 2077 132
1175 2138 119
1194 2181 122
1151 2042 119
1178 2146 115
1174 2138 99
1183 2126 113
1188 2168 109
1161 2075 112
1187 2166 109
1185 2169 108
1144 2029 85
1180 2149 106
1177 2129 112
1184 2152 67
1193 2187 161
1148 2042 101
1179 2144 102
1181 2150 104
1194 2187 105
1179 2144 108
1185 2165 111
1185 2161 95
1190 2182 107
1188 2167 122
1204 2219 103
1182 2154 145
1147 2039 99
