72429 99233 4980
72667 99575 4658
73604 100836 5474
72886 99979 11287
73207 100672 5662
72334 99210 7055
72532 99384 4890
72722 99919 5369
73646 101024 5424
73840 101541 4969
72698 99814 3858
73420 100782 3343
72569 99561 4997
72649 99751 3994
73242 100435 5927
72098 98690 7550
73402 100968 5082
72367 98974 5290
73340 100842 3535
71642 98149 6802
72652 99599 5981
73569 101081 4064
72951 100139 3795
73275 100673 3435
73039 100273 13918
73156 100563 5998
72530 99590 3874
73991 101792 11153
73462 100979 4037
72152 98930 6949
73032 100016 4987
73614 101202 6817
72481 99448 5529
72972 99966 5152
72630 99458 5917
72546 99314 8274
73251 100600 3390
72910 100160 5876
73387 100677 3454
73381 100620 3216
72648 99645 5157
72565 99758 4847
73329 100647 5199
73185 100316 5213
73776 101543 5176
72759 100039 5029
73007 100233 8688
73986 101630 5812
72068 98707 3569
72661 99534 4851
73481 100929 5097
73448 100734 7394
71740 98175 3445
72400 99282 5375
74474 102502 6381
73489 100977 5053
72832 100042 5719
73206 100621 5555
73460 101012 5458
72866 99691 8069
73706 101249 4865
72627 99422 4845
73217 100383 3329
72466 99283 4880
73579 101319 3794
72865 99863 5421
73496 100836 5269
72168 98982 3780
73276 100825 7429
73044 100115 4986
72957 100350 12011
71439 97573 8207
72963 100289 4939
72684 99457 10450
72657 99567 4354
73050 100236 4540
72959 100127 5080
72593 99231 8998
73099 100315 5263
74207 102090 6687
73399 100766 5006
73104 100206 5875
73017 100238 5355
73334 100741 5049
71659 98423 5317
71714 98191 5544
72913 99777 8394
72866 99844 5714
72915 100049 5279
73031 100205 5482
72686 99486 5206
72750 99721 5657
72845 99933 5269
73674 101272 8345
72784 99923 6167
72588 99478 7342
72648 99404 16606
73200 100485 6192
73588 101230 5335
72706 99898 5485
