2609 5625 281
2616 5633 284
2613 5634 274
2607 5615 162
2632 5685 278
2622 5676 261
2626 5683 252
2625 5665 241
2634 5690 250
2610 5614 284
2620 5669 267
2615 5641 250
2617 5643 175
2630 5704 266
2612 5637 262
2699 5919 172
2562 5437 232
2627 5672 266
2616 5629 257
2628 5680 270
2620 5669 251
2582 5531 266
2621 5661 316
2631 5674 282
2633 5701 303
2623 5666 296
2616 5640 280
2615 5665 295
2615 5636 165
2615 5630 232
2631 5678 238
2596 5549 244
2613 5644 257
2677 5840 272
2627 5690 315
2586 5496 271
2633 5687 247
2619 5639 260
2603 5573 247
2618 5648 270
2639 5740 265
2633 5706 291
2639 5747 265
2634 5689 247
2638 5714 262
2616 5635 276
2631 5682 246
2603 5590 271
2610 5611 275
2604 5594 274
2618 5654 245
2644 5693 276
2612 5622 285
2621 5687 282
2653 5785 295
2611 5645 272
2637 5734 289
2677 5826 266
2607 5607 255
2630 5678 270
2595 5546 279
2649 5769 288
2618 5642 272
2627 5685 276
2636 5714 276
2611 5634 294
2616 5644 283
2612 5634 301
2611 5619 250
2964 6445 305
2607 5609 272
2635 5690 310
2609 5625 295
2632 5721 271
2613 5619 282
2618 5664 271
2558 5408 253
2622 5658 244
2612 5625 228
2637 5698 265
2607 5624 261
2614 5631 284
2636 5741 275
2610 5635 291
2625 5705 260
2616 5651 295
2617 5643 259
2616 5653 256
2608 5623 260
2612 5629 385
2631 5673 248
2593 5565 182
2612 5638 275
2606 5618 292
2623 5636 284
2641 5718 259
2612 5624 265
2633 5668 255
2608 5612 3419
2616 5642 240
