11334 19315 918
11367 19398 854
11260 19131 4021
11372 19326 813
11361 19383 981
11015 18675 665
11258 19116 994
11356 19357 1002
11376 19401 971
11339 19325 1034
11341 19326 741
11301 19254 562
11051 18725 861
11348 19350 732
11325 19290 682
10960 18555 729
11396 19429 975
11365 19384 2498
11340 19326 887
11362 19379 888
11338 19319 919
11322 19283 932
11069 18793 844
11368 19360 720
11254 19074 672
11329 19327 939
11253 19077 1014
11075 18773 966
11082 18809 965
11375 19400 994
11346 19341 993
11249 19067 893
11376 19387 902
11387 19223 4133
11400 19440 886
11347 19338 968
11318 19278 844
11323 19312 949
11350 19369 771
11340 19350 877
11356 19367 645
11380 19397 1002
11308 19257 937
11322 19285 934
11342 19348 957
11334 19228 1007
11013 18650 871
11297 19264 863
11344 19340 615
11373 19414 951
11356 19332 938
11278 19141 1003
11358 19373 1055
11253 19075 974
11321 19293 629
11370 19369 713
11344 19335 985
11061 18762 896
11357 19360 974
11320 19317 1016
11336 19340 632
11367 19388 712
11321 19319 962
11343 19334 936
11023 18694 972
11324 19304 984
11303 19167 869
11306 19294 975
11396 19430 762
11305 19261 600
11377 19352 933
11344 19327 787
11023 18721 906
11234 19077 920
11346 19365 840
11321 19315 954
11257 19128 532
11050 18738 948
11386 19394 914
11342 19313 878
11319 19282 956
11342 19337 5555
11349 19348 925
11352 19354 874
11362 19359 958
11236 19073 999
11341 19354 904
11320 19300 870
11350 19349 899
11323 19287 647
11311 19305 1038
11352 19361 1097
11014 18672 909
11357 19368 936
11364 19359 928
11306 19265 941
11022 18691 628
11031 18722 940
11346 19329 2256
11342 19343 906
