2321 3061 106
2197 2857 147
2379 3140 160
2425 3235 172
2433 3252 151
2449 3340 178
2361 3150 171
2331 3053 168
2369 3100 165
2360 3130 161
2429 3199 159
2359 3080 154
2369 3167 160
2509 3341 109
2416 3184 197
2439 3245 154
2206 2866 140
2449 3264 170
2289 3031 240
2438 3252 119
2548 3422 188
2258 2977 168
2366 3164 231
2422 3244 178
2482 3324 119
2393 3199 128
2462 3308 170
2404 3208 247
2246 2972 159
2542 3446 191
2248 2979 166
2600 3512 130
2498 3358 168
2476 3334 169
2475 3288 152
2166 2830 139
2341 3114 120
2444 3273 149
2451 3293 153
2568 3470 168
2416 3218 160
2261 2965 139
2470 3346 158
2287 2973 96
2353 3077 108
2300 3056 169
2466 3338 162
2261 3019 108
2479 3306 177
2361 3144 175
2374 3145 209
2295 3036 156
2393 3134 130
2437 3238 163
2448 3287 168
2256 2980 199
2383 3166 154
2301 3082 177
2284 3030 108
2433 3274 177
2373 3147 197
2382 3180 180
2390 3228 190
2361 3093 172
2340 3136 174
2313 3071 145
2336 3078 169
2422 3263 181
2541 3435 172
2345 3145 200
2329 3066 155
2465 3321 178
2459 3293 132
2395 3209 178
2290 3068 166
2352 3098 164
2604 3516 185
2300 3036 176
2363 3124 112
2346 3057 164
2314 3045 216
2523 3381 190
2420 3222 178
2285 3038 174
2371 3132 168
2465 3336 179
2461 3292 174
2491 3327 177
2467 3302 202
2285 3033 145
2340 3100 148
2414 3201 110
2461 3355 149
2304 3056 166
2322 3027 100
2426 3247 131
2468 3315 111
2397 3196 145
2381 3127 151
2388 3181 154
