45668 64150 2675
45970 64498 3151
46011 64484 1885
45743 64139 1799
45445 63926 2168
45792 64262 2931
45900 64398 2998
45710 64128 2879
45738 64143 3098
45567 64051 2442
45667 64162 2001
45704 64078 2775
45717 64210 2070
45708 64112 2898
45749 64182 2859
45724 64074 2892
46060 64531 2948
45881 64389 2045
45877 64393 2746
45734 64139 2864
45713 64204 2976
45731 64104 2687
45935 64465 3086
45734 64108 2878
45730 64143 2946
45961 64376 2977
45713 64105 3271
45783 64165 2978
45928 64398 2167
45733 64145 2000
45739 64139 1961
45723 64269 2884
45884 64351 2072
45765 64198 2844
45701 64033 2661
45691 64071 2626
45718 64099 2946
45912 64448 1824
45741 64188 1826
45714 64276 2766
46014 64456 2077
45709 64096 3132
45747 64186 2848
45670 64238 2909
45737 64132 2850
45885 64373 3007
46101 64633 2755
45692 64246 2967
46117 64646 4806
45896 64373 2950
45765 64239 4139
46115 64641 2851
45649 64133 2873
45766 64216 2751
46193 64735 2912
45734 64151 1894
45755 64178 2212
45552 64053 2969
45985 64505 2894
45734 64143 1884
45737 64161 2855
45821 64230 2942
45683 64049 1913
45789 64268 1984
45748 64170 2450
45730 64121 2996
45559 64091 2888
45643 64115 3036
46132 64653 3001
45719 64125 3132
46217 64795 2859
45789 64227 2896
45880 64324 1961
46131 64663 2223
46174 64745 1882
45741 64202 2830
45776 64234 2804
45683 64060 2908
45737 64166 1912
45992 64544 3159
45719 64149 4702
45727 64236 3111
45684 64207 3014
45776 64200 3028
45932 64468 3012
45771 64204 2901
45690 64085 3098
45722 64075 2890
46013 64507 3002
45742 64130 2791
45812 64244 2882
45726 64130 1985
45994 64449 2862
45749 64186 2777
46038 64487 3078
45757 64178 3284
45750 64185 2746
45719 64111 4383
46091 64670 2859
45754 64174 2771
