61475 86147 4064
61204 85735 2682
61349 85892 3880
61377 85882 2714
61368 85963 4074
61516 86136 3848
61354 85835 4253
61324 85785 4044
61320 85799 2743
61334 85826 4153
61357 85903 5898
61395 86018 3987
61333 85837 4305
61252 85903 4641
61341 85847 2495
61334 85813 2677
61315 85774 4196
61337 85787 5683
61223 85745 4230
61286 85913 2781
61405 85952 3961
61504 86148 2836
61152 85753 8375
61309 85826 4228
61337 85916 4530
61183 85678 2938
61431 86058 4056
61321 85823 3994
61313 85810 4023
61623 86353 6427
61442 86089 4203
61013 85545 4308
61355 85853 4339
61340 85907 5131
61347 85986 3295
61208 85695 2678
61329 85811 2606
61084 85618 3901
61376 85905 3769
61308 85769 4159
61382 85926 3999
61304 85751 2971
61543 86144 2641
61367 85929 7028
61351 85877 5269
61312 85900 2667
61472 86131 3682
61326 85773 4393
61257 85746 3906
61379 85988 2766
61273 85874 2888
61483 86138 2783
61504 86170 2583
61413 86056 4081
61427 86038 2968
61424 86039 2536
61283 85824 4434
61372 85929 3654
61389 85940 4003
61392 86004 4244
61389 85978 4105
61521 86163 4320
61397 85993 4324
61390 85923 4059
61479 86138 4143
61409 85998 4300
61339 85857 3466
61337 85888 3130
61300 85877 6010
61210 85706 5103
61417 86047 5122
61392 85906 4570
61351 85850 4097
61400 85984 4213
61297 85738 4665
61410 85987 4063
61208 85671 5974
61368 85895 2837
61622 86380 3006
61339 85853 4024
61391 85939 2629
61365 85914 5271
61305 85840 3996
61339 85873 3986
61422 86071 4858
61338 85835 5457
61396 85943 2565
61336 85866 4235
61200 85715 2552
61380 85904 3359
61317 85807 4020
61299 85772 4382
60945 85353 4432
61306 85800 5064
61418 86036 4896
61372 85851 4520
61377 85909 4515
61443 86101 6010
61363 85893 4747
61533 86225 3979
