7403 9656 498
7882 10377 350
7657 9980 465
7707 10023 532
6718 8692 504
7796 10243 569
7848 10357 566
7721 10080 534
7818 10268 587
7706 10143 490
7886 10346 512
7687 10032 503
7384 9519 522
7509 9855 558
7764 10167 537
7765 10229 563
7614 9857 370
7815 10159 470
7668 10002 578
7574 9859 495
7294 9467 440
7553 9870 507
7880 10248 492
7580 9879 460
7811 10199 545
7656 10014 410
7756 10149 588
7548 9833 526
6808 8819 525
7679 10083 575
7577 9907 393
7767 10285 562
7174 9366 393
7373 9729 542
7667 9937 594
7653 10037 611
7688 10091 441
7676 10028 539
7666 10018 439
7538 9814 508
7783 10278 594
7393 9550 509
7607 9860 525
7711 10055 538
7234 9393 451
7244 9394 500
7613 10028 488
7461 9678 345
7940 10422 528
6910 8915 442
7859 10296 418
7779 10178 476
7707 10028 517
7522 9828 543
7395 9667 497
6737 8671 461
7804 10222 495
7771 10112 404
7674 9953 417
7303 9507 319
7695 10032 507
7679 10094 518
7640 9947 470
7559 9806 517
7788 10139 498
7389 9621 555
7254 9505 501
6816 8778 452
7651 10005 526
7648 9987 543
7634 10018 396
7485 9803 361
7717 10152 376
7631 9970 447
7465 9742 535
7825 10257 498
7622 9918 371
7619 9951 418
7717 10162 478
7465 9736 472
7565 9884 448
7662 9912 383
7832 10238 551
7692 10080 602
7908 10418 572
7258 9473 478
7888 10339 544
7639 9937 384
7736 10137 383
7815 10150 484
7590 9883 493
7466 9738 474
7492 9728 352
7597 9902 468
7603 9833 497
7872 10305 529
7661 10057 544
7598 9870 528
7744 10116 470
7692 9961 530
