64888 84640 4123
65013 84850 4236
64807 84797 3841
64688 84565 2654
64789 84613 4095
64412 84141 3817
65027 84946 4157
64937 84715 3992
64889 84619 4026
65043 84923 3861
64927 84728 3706
64975 84803 3921
64953 84742 3850
64908 84699 2547
64672 84509 4099
64735 84663 4143
64701 84643 3996
64971 84937 7363
64878 84598 4028
64182 84068 4115
64929 84734 4304
64881 84696 4196
64921 84701 2856
64570 84424 2853
65004 84773 4077
65018 84858 3865
64700 84629 4499
64894 84685 3797
64922 84591 3966
64955 84608 3929
64930 84716 4058
64689 84663 4357
65023 84830 3909
64969 84783 4102
64955 84669 3954
64924 84600 2840
64921 84694 2479
64965 84778 4563
64864 84613 4150
64717 84477 3625
64926 84671 3817
64973 84787 2726
64918 84701 5878
64944 84658 4026
65008 84857 3950
64901 84653 7079
64935 84643 4443
64944 84657 3726
64913 84725 8717
64943 84613 3804
63960 83762 2655
63798 83531 4097
64969 84778 3945
65026 84912 2615
64933 84715 3896
64902 84676 3954
64468 84316 2634
64926 84606 3650
64951 84833 4612
64938 84762 4374
64925 84700 4042
64936 84745 5338
64956 84623 4355
64735 84665 2450
64828 84566 3900
64938 84651 4056
65038 84940 3683
64134 84012 2627
64937 84635 4110
64785 84474 4492
64981 84768 4044
65050 84973 4219
64799 84529 4130
64952 84638 2711
64592 84513 2705
65010 84820 2711
65117 85154 3437
64931 84592 3840
64989 84832 3850
64962 84645 4249
65082 85183 7517
65035 84922 3931
64947 84641 2459
64986 84823 3729
64712 84596 4188
65055 84938 2384
64785 84588 3551
64152 84008 3137
64973 84814 2889
64357 84078 3724
64928 84717 2638
64923 84692 4123
64684 84516 2558
65040 84942 4096
64605 84505 3966
64946 84754 4146
65024 84757 4151
65052 84901 4381
64933 84695 3992
64925 84578 3889
