83775 116760 5760
84137 117257 3739
84033 117078 5616
83563 116386 5135
83828 116773 5668
83553 116345 4792
84027 117029 3745
83669 116614 5516
84123 117222 4539
83918 117029 3831
84148 117344 5401
83745 116616 7033
83680 116586 5810
83746 116762 6343
83754 116769 3574
83548 116372 5663
83808 116724 4170
84117 117265 3839
83491 116225 5923
83733 116687 6661
83585 116500 6359
84089 117271 5565
83538 116324 6679
83958 117089 9154
83585 116397 5539
84021 117089 7472
83879 116937 5722
83967 117085 3740
84133 117323 4183
83555 116372 5920
83773 116686 3664
83904 116805 4521
83838 116768 8064
83570 116364 5891
83942 117113 9484
83765 116864 8682
83555 116330 5728
83910 117097 5605
83864 116927 3811
84140 117330 5095
83021 115994 4109
83541 116315 5461
83666 116623 5905
83976 117009 3678
83736 116678 4712
83836 116782 5482
83809 116821 5774
83908 117075 5541
83717 116739 5616
83908 117029 3788
83637 116530 6693
83589 116742 5450
83534 116372 5726
83882 116977 5760
83738 116799 5832
83538 116355 3681
83566 116430 6280
83547 116367 5317
84069 117196 5317
83539 116294 5481
83894 117031 5513
83723 116709 6347
83799 116714 5737
83735 116685 4020
83632 116523 3652
83970 117049 6039
83590 116440 4130
83940 116956 7164
83543 116327 5897
83815 116744 6501
83933 117129 5826
84116 117325 6142
83958 117157 5850
83501 116284 8408
83794 116738 9560
83746 116704 6328
84098 117191 5636
83800 116911 5204
84089 117226 6169
83724 116718 5545
83526 116298 4509
83539 116398 4609
82988 115891 4407
83800 116847 6133
83834 116858 5213
83808 116827 6001
83777 116735 5858
84253 117487 3808
83558 116420 5622
84063 117249 6147
83989 116947 6150
83789 116763 5746
83843 116892 4065
83968 117126 4040
84009 117032 4030
83558 116372 8469
83932 116892 7475
83526 116290 7552
83977 117165 6172
83724 116683 5458
