43098 55294 2739
46501 59885 2888
46519 59768 3085
46311 59504 2911
46405 59457 4105
46493 59687 1894
46529 59653 2534
47205 60903 2989
47091 60596 3043
46838 60133 3482
47139 60823 3068
47209 60583 2947
46305 59159 2711
46517 59874 1999
47203 60776 1879
46844 60421 1852
46910 60378 2931
46594 59793 2710
47178 60762 3160
46802 60156 3067
46309 59360 3577
46911 60216 2139
46422 59612 3265
45989 58881 3130
46261 59386 6043
46580 59802 2864
46275 59553 3472
46179 59160 4737
46383 59612 3473
46914 60336 2952
46911 60211 3082
46255 59410 2850
45983 58901 2777
46075 59347 2982
47435 61010 3283
46979 60580 3067
47009 60594 3097
46216 59470 3067
46789 60031 7174
47042 60452 1991
46120 59070 2122
45870 58520 2720
46639 59827 2876
46411 59456 2875
47123 60736 2889
46753 60003 3073
45975 59037 2853
45916 59029 3039
46554 59676 2889
46629 59944 2061
46448 59710 1807
46681 60097 2859
47126 60385 2844
46089 59140 6718
46551 59854 2848
46784 60074 3566
47122 60633 2942
47318 61266 2559
46612 59808 3072
46949 60513 3075
46606 59703 3082
46980 60191 2290
46758 59921 3308
47091 60657 3129
47046 60484 6425
46694 59995 2948
46472 59584 2132
46442 59510 2976
46431 59694 2907
46680 59977 2937
46908 60371 2599
46492 59688 3190
45971 58947 3398
47411 60961 3209
46786 60101 3324
46965 60443 2869
46631 59726 3196
46828 60248 2979
47160 60601 3334
46556 59849 4628
46229 59272 3108
46813 60235 3127
47234 60718 2847
46707 60003 2491
46629 59956 2583
45624 58639 3064
46371 59778 2861
46591 59764 3121
47360 61010 3986
46288 59458 2938
46837 60152 3409
46927 60405 1968
46837 60107 3133
45392 58014 2844
46870 60344 2087
46431 59500 2817
46126 59061 4402
46531 59825 4181
46434 59685 3117
45911 58855 2648
