69168 90464 2941
69625 91016 3117
69225 90612 2919
67851 88853 7390
67864 88914 4421
69305 90701 2859
69635 91038 4473
69237 90586 4294
69215 90594 3264
68664 90022 4465
68613 90042 4267
69435 90824 5072
69611 91031 4841
69275 90682 2821
69083 90412 4649
69050 90465 6113
69487 90841 4408
69090 90401 4458
69415 90796 4370
69492 90817 4246
68622 89946 4551
69148 90476 8488
67859 88867 4191
68632 89894 3139
69530 90855 5469
68742 90069 4419
69165 90455 4587
69908 91655 5641
69247 90620 3413
69690 91080 3026
68532 89933 3660
69450 90774 4565
69271 90606 4263
68943 90159 4396
69022 90299 4147
68675 90071 4279
69281 90663 4537
69052 90369 4581
69236 90563 4230
69055 90340 4561
68994 90233 6795
69456 90830 4759
69247 90633 9945
68650 89978 4988
68348 89380 4044
69185 90538 4329
69226 90648 3849
69674 91073 4110
69226 90586 3331
69132 90440 4651
69233 90599 4861
69434 90835 3805
69620 91028 3011
69018 90259 4403
69689 91083 3982
68973 90230 4573
69119 90486 4557
69198 90543 4418
69222 90639 4530
69077 90385 4320
69028 90348 4314
69068 90462 6913
69512 90886 3942
69235 90618 3832
68618 90032 4265
69628 91044 4397
69561 90898 4278
69100 90455 3836
68733 90120 4542
69022 90289 7308
68975 90203 4177
69231 90607 2773
69106 90391 4364
69088 90381 5054
69512 90826 4205
68944 90161 2853
69628 91035 4594
69249 90637 4016
69230 90610 5139
69191 90484 3903
69246 90645 4481
69187 90549 6240
69629 91038 4370
69978 91683 3534
69007 90219 4805
69177 90600 3765
69228 90567 3349
68945 90156 3102
69262 90666 3658
68732 90174 4336
69575 90955 4766
69293 90692 4275
69275 90680 4927
69616 91022 5218
69168 90541 5426
69569 90895 3870
69049 90341 4021
69234 90594 4071
69008 90245 7071
69264 90692 4245
