27306 45848 1857
27328 45888 1921
28417 47753 1297
28398 47687 1448
27346 45953 1327
28521 47935 2081
28426 47824 1836
28178 47369 1851
27343 45965 1944
28437 47832 2126
28350 47617 1335
28387 47695 2231
28422 47748 1953
28420 47777 1997
28205 47402 1984
28403 47702 1845
27329 45929 2604
28363 47677 1282
28404 47730 1284
28510 47976 1598
28321 47556 1352
28320 47612 1299
28346 47585 1948
27369 46030 1890
28338 47580 2012
28380 47654 3156
28422 47749 1390
28352 47601 2311
28354 47570 1413
28464 47857 2042
28350 47769 1963
28249 47351 2024
27516 46290 1365
28341 47601 1990
28238 47352 1354
28451 47847 1955
28300 47553 1975
27202 45669 1815
28398 47715 1969
27718 46614 4642
28300 47553 2026
28476 47841 1895
28353 47664 1979
27334 45923 1877
28244 47470 1691
28308 47431 1611
28340 47665 1263
28334 47691 1177
28246 47485 1849
28245 47390 1849
28430 47873 1998
28381 47656 1939
28318 47543 1942
28469 47851 2020
28345 47586 2302
26800 44924 1900
27336 45900 1394
28440 47804 1251
27321 45866 1327
28400 47702 2281
28223 47365 1772
28443 47837 1954
28405 47697 1817
28332 47603 1997
28355 47591 1853
28347 47603 1927
28459 47864 2013
27382 46012 1926
28360 47645 1295
28254 47421 1351
28144 47282 1968
28359 47566 2171
28430 47777 1944
28355 47618 1253
28228 47429 2088
28414 47751 1845
28317 47552 1248
28400 47681 1976
28171 47254 1963
28462 47885 1933
28484 47863 1871
27271 45822 1840
28307 47532 1894
28258 47441 1488
28349 47611 1211
28456 47870 1887
28305 47537 1274
28369 47696 1833
28490 47886 1809
28250 47444 1890
28408 47678 1908
27368 45977 1666
26810 44909 1677
28363 47691 4795
28406 47706 2002
28471 47859 1933
28383 47652 2099
28330 47549 2148
27465 46159 1915
28394 47696 2353
