57441 80618 3248
57291 80410 4048
57330 80484 3908
57441 80622 3949
57554 80848 3743
57257 80360 4082
57450 80689 3873
57446 80641 2738
57258 80370 2505
57224 80368 2576
57236 80339 4277
57416 80582 4024
57257 80335 3965
55798 78017 3822
57465 80618 3856
57660 80998 3739
57262 80402 3980
57243 80362 3686
57418 80595 3496
57227 80267 2717
57469 80702 2399
57419 80531 3717
57427 80606 6104
57509 80757 3880
57503 80701 7519
57280 80456 4094
57420 80591 4095
57439 80675 2594
57353 80547 3807
57283 80507 3633
57067 80336 3887
57269 80385 5418
57299 80413 3366
57270 80361 3773
57431 80631 2454
55839 78072 3599
57380 80473 4064
57401 80492 4803
57353 80537 5838
57395 80574 2608
57419 80557 3730
57487 80643 3655
57340 80508 3925
57455 80666 2698
57369 80490 2308
57426 80568 2410
57291 80413 3427
57332 80372 2497
57437 80580 2603
57382 80500 3586
57626 80860 3893
57269 80432 5459
57305 80432 3351
57342 80541 4120
57428 80577 3892
55829 78074 3692
57298 80440 4122
57377 80598 2466
57211 80262 2899
57356 80533 2487
57208 80272 3900
57253 80345 6642
57580 80807 3859
57260 80341 2568
57438 80670 4519
57225 80383 3796
57612 80983 6568
57499 80680 7462
57301 80436 3664
57312 80441 2567
57351 80531 4234
57480 80655 3480
57313 80419 4394
57439 80627 3967
57517 80717 5344
57242 80304 3706
57396 80567 4190
57347 80543 3695
57650 80909 3842
57417 80514 3894
57263 80349 4842
57326 80485 2485
57269 80368 2533
57246 80293 3582
57434 80558 3827
57240 80273 3996
57487 80741 6196
57436 80632 3071
57204 80237 2575
57277 80399 3760
57097 80108 3768
57433 80625 3604
57442 80597 3351
57426 80570 3221
57421 80534 3828
57252 80323 2782
57132 80288 3572
57434 80602 3634
57352 80535 3965
57414 80556 4018
