54351 69915 3506
54275 69669 7759
54645 70325 4174
54633 70365 9846
54397 69811 3429
51064 65427 4234
54765 70391 4084
54224 69612 12202
54277 69797 4309
53863 69010 7081
54352 69737 3663
54064 69313 3765
53751 68664 3858
54288 69592 3914
52492 67659 3580
54063 69388 3535
53463 68643 3837
54014 69351 3100
54912 70901 3201
54663 70470 6975
54909 70966 3914
54425 69933 3685
54394 69746 5512
53729 68709 3234
54977 70880 4265
55577 71457 3433
54060 69267 3690
54059 69366 3726
54464 69814 3277
54352 69964 3388
54628 70067 3577
51747 66537 3501
53925 69250 3737
55053 70866 3674
54525 70036 3888
53944 69014 3271
54613 70503 3274
54982 70876 5705
53706 68770 4456
54406 69861 6230
54476 69979 3238
54266 69753 3109
54833 70671 8404
54040 69119 3670
54344 70138 2609
54241 69755 4132
54928 70708 3121
53991 69371 4195
54786 70601 2773
55305 71333 3797
53948 69116 4879
54476 70034 3737
54362 70061 3895
54762 70355 2870
54838 70467 2419
52365 67251 4013
54914 70639 6479
53884 69222 3481
54371 69946 3574
54507 70071 3027
55048 70839 5086
54946 70478 3554
54312 69704 3223
54514 70139 2506
54270 69531 2716
54491 70091 4032
55970 72430 6454
54236 69771 2313
55640 71677 3512
54001 69122 2313
54508 70149 3836
51158 65652 3352
54877 70435 3829
54600 70282 3672
53989 69278 3772
54416 69917 3576
53849 68950 6106
54218 69710 3526
53657 68657 3432
55365 71560 5284
54031 69492 3391
54729 70347 3357
55302 71444 4428
54598 70342 3586
54264 69630 3745
55300 71362 3825
54394 69948 4045
54765 70567 2404
54493 70055 2683
54385 70057 2678
55054 70956 5291
54883 70822 3899
55035 70867 2398
54477 70164 2478
54612 70207 3828
54419 69676 4275
54921 70951 3688
53983 69189 3574
54610 70332 9183
54031 69098 6605
