50947 71626 4049
51434 72192 5294
51184 71917 3384
50975 71623 3476
51051 71442 2439
50947 71626 3449
50997 71634 3917
51022 71671 3434
51456 72255 2683
51580 72239 3559
51590 72344 5522
50958 71622 3448
51535 72293 4220
51421 72181 3793
51531 72238 3697
51046 71765 2413
51061 71768 2280
51003 71755 3654
51020 71754 2161
50949 71655 3540
51049 71735 3131
51594 72329 5240
51648 72353 3956
51609 72336 3901
50919 71565 3127
51185 71908 3465
50982 71653 3454
51070 71442 3582
50997 71677 3218
50844 71240 3192
50955 71650 3142
51175 71864 3476
51053 71738 6052
51665 72413 3777
50431 70649 2764
51557 72320 3406
51070 71822 3711
50720 71057 3198
50972 71670 3347
51407 72156 2329
51000 71769 4631
51057 71855 2398
51540 72224 3364
51510 72330 4867
51420 72165 3245
50762 71135 3683
50966 71679 3388
51454 72268 3616
51744 72530 3608
50906 71548 3468
51014 71722 3235
50928 71640 2852
50978 71691 4548
51063 71783 3585
50964 71657 3311
51518 72292 4002
51549 72267 3115
50968 71693 2315
50968 71706 3382
51111 71924 3463
51033 71764 2106
51441 72271 3265
51079 71768 2218
51032 71745 2506
50479 70752 3518
51617 72355 3416
50967 71671 3295
51037 71742 3231
51043 71670 2172
50952 71637 3469
50958 71640 3129
50978 71685 3252
51707 72514 3444
51154 71979 3459
51634 72292 3178
50851 71577 2845
50950 71688 2330
50959 71696 2172
51067 71811 3577
50952 71639 3110
51593 72358 3343
51684 72549 2169
50966 71646 3176
51111 71822 3185
51532 72289 3518
51779 72508 5716
50982 71659 3928
51561 72393 2658
50907 71609 2277
51093 71870 2238
51535 72238 2312
50898 71499 2106
51604 72361 2309
51628 72258 2264
51406 72195 2248
51002 71663 2166
51035 71688 3973
51047 71790 3724
51050 71767 2273
51818 72606 3589
