41689 69653 2044
41697 69664 1943
41588 69445 3282
41141 68838 2223
41744 69783 3301
41951 70169 3632
41817 69898 3091
41638 69552 2334
41543 69476 2901
41820 69849 3080
41180 68950 3716
41212 69004 3028
41820 69903 2986
41642 69566 3054
41573 69650 3022
39014 65203 3156
39023 65248 2985
41947 70159 3859
39808 66695 3354
41911 70075 3484
39033 65249 3115
41820 69884 5116
41917 70119 2375
41636 69575 3313
41624 69548 3235
41598 69474 3174
39034 65261 3117
41357 69293 3593
39723 66474 2805
41645 69528 3496
41036 68650 2175
41123 68805 2271
41736 69780 3128
41837 70054 3687
41899 70044 3773
39017 65213 3139
40597 67947 3273
41101 68746 3415
41146 68854 3412
40248 67435 3049
41597 69442 2118
41868 69964 3392
41279 69166 3033
41715 69778 3081
39712 66542 3384
41544 69479 3791
39301 65632 3188
41821 69928 3030
41640 69553 2208
41642 69567 2153
41277 69178 3434
41546 69488 3436
41542 69486 3224
41648 69576 3365
41069 68820 3265
39022 65229 3168
41708 69657 3868
39310 65609 2930
41220 68916 3153
41109 68823 3070
39037 65272 2530
41144 68852 2969
40631 68048 3202
41778 69883 3661
39648 66398 8705
41765 69845 3291
41121 68799 3356
41749 69825 3258
41929 70142 3149
41171 68935 5823
41894 70030 13861
39204 65550 2918
39045 65241 2577
41739 69788 3505
41696 69660 3291
41909 70077 3342
41148 68853 3226
39249 65493 3519
41005 68711 3621
41632 69536 3302
41602 69459 2748
41267 69153 2804
41533 69469 2875
41636 69534 3113
40611 67982 3063
41652 69546 3184
41793 69810 17735
41611 69484 3083
41819 69911 2990
39024 65229 5964
39078 65264 2901
39650 66405 2984
41271 69155 3468
41695 69676 3150
41931 70131 3323
41882 70026 3453
41667 69605 3990
41909 70077 3114
39024 65232 3618
39036 65257 2984
