46233 66616 3051
46188 66590 2916
46401 66941 3145
45840 66143 4489
46122 66544 2880
46226 66595 3268
46226 66613 2055
46146 66575 2295
46298 66629 3154
46205 66600 2342
46334 66715 3372
46194 66560 5462
46188 66572 3294
46227 66614 3528
46265 66657 3816
46226 66582 4876
46248 66635 2103
46298 66644 4042
46173 66604 3739
46342 66700 3467
46164 66633 3386
46250 66657 3162
46366 66771 7939
46217 66607 3058
46274 66699 3294
46224 66598 2141
46192 66572 3357
46178 66553 2972
46260 66644 3102
46223 66596 3349
46179 66616 2345
46215 66578 3394
46260 66626 3561
45805 66096 2233
46306 66652 3241
46230 66612 3217
46341 66853 3368
46461 66946 3521
46133 66587 2239
46229 66606 3496
46249 66655 3786
46193 66636 3387
46407 66869 3465
46210 66584 4270
46204 66592 3409
46200 66576 3384
46215 66609 3089
46373 66730 3546
46245 66633 3281
46201 66577 4271
46157 66611 5495
46237 66626 3139
46126 66536 4827
46336 66687 3510
46252 66632 3430
46205 66592 2848
46209 66572 2221
46209 66585 2255
46122 66569 2123
46311 66671 3498
46224 66619 2377
46205 66593 3280
46259 66690 3204
46142 66592 3335
46363 66771 2126
46132 66545 3111
46184 66617 3533
46110 66528 3761
46208 66595 3721
46224 66616 2147
46154 66655 2285
46221 66617 3187
46236 66617 3602
46127 66557 2156
46244 66628 2313
46344 66844 2216
45807 66125 3452
46407 66950 3281
46147 66619 3181
46242 66624 3126
46236 66611 3275
46172 66517 3053
46169 66614 3432
46146 66582 5312
46264 66665 8485
46206 66582 5712
46250 66618 3201
46186 66562 3151
46254 66643 2181
46219 66598 2537
46226 66605 3897
46220 66598 3170
46227 66589 2823
46243 66609 4033
46229 66613 3279
46254 66676 2192
46342 66692 3438
46212 66606 3455
46474 66968 2348
46237 66639 3282
