67038 111603 5805
67538 112566 5641
67362 112055 5470
67255 111989 4193
66793 111578 5333
67154 111866 3839
66676 111373 6206
67075 111569 4743
67447 112354 5585
67552 112498 5645
67103 111737 5381
66503 110971 5795
66460 110988 5434
66623 111268 4982
66804 111545 3564
67298 112005 5355
67040 111631 7949
67495 112327 5320
67265 111988 8413
67736 112870 13351
66731 111481 5372
67307 111996 5181
67336 112327 5076
66431 110946 5150
67550 112550 5469
67160 111751 5909
67066 111668 6518
67976 113224 5315
67616 112681 5673
67292 112054 5828
67454 112303 5322
67169 111781 6265
67210 111826 5196
67410 112271 4635
67095 111496 5295
66936 111204 5400
67247 111857 3478
67259 111953 5576
67001 111643 7803
67598 112527 5432
67400 112162 7689
67056 111612 5238
67054 111621 5851
67511 112475 5569
66422 110927 6587
66759 111536 3551
67058 111663 8352
67613 112666 4593
67523 112418 6815
67219 112032 5276
66440 110951 3754
67250 111854 7567
67154 111872 4812
67463 112300 3413
67491 112469 5447
66995 111857 5766
67390 112292 7048
67343 112196 5343
67393 112146 5505
67095 111663 5132
67364 112220 10091
67059 111629 5245
67608 112702 5190
67951 113506 5372
67386 112160 5257
67343 112222 7971
67388 112176 5332
67366 112239 8577
67290 112017 5182
67166 111887 4745
67202 111969 4957
66468 111005 3811
67203 111763 5458
67410 112274 5212
67088 111682 5481
66574 111112 5389
67146 111774 5987
67282 112047 5828
67525 112450 5607
67219 111937 5480
67134 111687 5433
66779 111108 4868
67190 111961 6390
67482 112323 3735
66922 111754 6441
67652 112881 5884
67686 112666 6236
66480 111005 7779
67160 111904 5839
67301 112105 3873
67494 112452 6565
66443 110905 7146
67220 111978 7317
67072 111694 4069
66968 111499 5379
67186 111811 5327
67132 111758 6056
67034 111659 3464
67143 111860 5729
67438 112305 5392
