64777 90984 6167
63905 89850 4164
64266 90386 4670
63980 90050 4321
64574 90617 4576
64024 90067 2620
64769 90926 4275
63936 89892 4658
63906 89866 2808
64105 90211 4755
63924 89962 2920
64738 90873 3013
64146 90276 4468
64696 90788 3010
64775 90917 4494
64233 90320 4637
63959 89896 3382
63896 89797 4267
64009 89960 4591
64360 90470 4239
64114 90199 4688
63956 89956 3780
64190 90398 4207
64136 90227 3999
64087 90145 6099
64348 90504 4710
64047 90141 4230
64254 90230 4073
63986 89926 5160
64087 90143 3926
63934 89871 2754
64102 90197 4054
64096 90194 4391
63997 90025 2921
64105 90198 3908
64102 90171 2725
63948 89935 3354
64039 90114 4232
64062 90106 5631
64066 90133 4181
64085 90183 8624
64278 90345 2748
64123 90204 2823
64284 90485 3307
63873 89749 4419
64069 90120 6454
63903 89871 4375
64429 90649 3011
63945 89890 9602
64097 90195 3382
64178 90138 4112
64151 90276 4152
64317 90455 2885
64812 91064 2946
64060 90085 4141
64070 90086 3990
64102 90206 4086
64817 91025 2722
64053 90113 2917
64728 90879 4428
63914 89810 4689
63920 89852 4669
63906 89886 5095
64088 90179 2929
64062 90168 4462
64058 90134 8129
63874 89818 4955
63963 89957 3640
64836 91078 6539
64173 90177 4367
64262 90359 3862
64600 90640 3999
64749 90978 4796
64089 90190 4527
63923 89890 4391
63901 89846 4661
64795 91020 3701
64056 90104 9488
64077 90202 6393
64075 90143 3271
64854 91088 4350
63974 89950 3926
64790 90966 4987
64080 90172 4213
64023 89966 4504
64838 91056 3606
64142 90291 6553
64702 90810 4312
64112 90271 3051
64068 90216 4414
63979 90045 4195
64845 91079 4040
64084 90183 11527
64027 90048 4756
64077 90099 5999
63977 90007 4519
64043 90084 4253
64777 90998 2942
63978 89973 4496
64829 91123 3132
