36782 53092 2753
36666 52928 2345
36837 53059 2786
36952 53178 2547
36837 53143 6311
36697 52952 1850
36806 53094 2732
36789 53118 2770
36985 53242 1765
36721 53029 2691
36382 52566 2632
36800 53018 2868
36765 53057 2614
36787 53081 1792
36711 52987 2528
36798 53060 2458
36731 52940 2629
36655 52873 2652
36672 52922 2613
36767 53047 2457
36677 52925 4189
36717 53019 3637
36411 52574 1744
36805 53103 2812
36792 53094 2635
36734 52993 2636
36425 52586 2699
36986 53255 2562
36684 52918 2655
36753 53032 2750
36864 53135 2366
36686 52947 3343
36751 53050 2647
36980 53233 3499
36803 53089 2306
36468 52691 2421
36400 52612 2406
36746 53036 2705
36801 53109 2583
36844 53156 1762
36761 53046 2585
36710 52963 2511
36701 52951 2562
36695 52944 2472
36713 52983 3496
36487 52651 2502
36702 52954 1779
36772 53055 2695
36717 52912 2822
36702 52954 2727
36393 52591 1743
36768 53003 2611
36393 52602 2318
36847 53121 2618
36693 52943 2723
36671 52903 2463
36752 52965 1749
36685 52935 10599
36472 52677 2547
36811 53110 1702
36646 52882 6622
36764 53050 3066
36776 53089 2075
36812 53074 2833
36819 53143 2607
36703 52951 2341
36709 52973 2484
36676 52910 2872
36697 52959 1616
36790 53084 2602
36684 52880 2686
36803 53089 1828
36518 52712 2663
36981 53224 1733
36752 52980 2384
36757 53038 2705
36833 53149 2730
36705 52967 2462
36678 52912 2482
36797 53044 2672
36793 53095 2857
36710 52961 2600
36845 53108 2727
36843 53098 2459
36708 52970 2906
36347 52493 1817
36753 53034 2470
36813 53123 2423
36682 52921 1704
36795 53081 1628
36518 52778 2754
36714 52981 2564
36695 52965 2669
36703 52965 2602
36373 52542 2724
36534 52788 2533
36689 52941 2986
36402 52614 2246
36753 53051 2719
36472 52703 2539
