60066 82452 2757
60708 83389 4061
60271 82767 4658
59782 82159 4534
60881 83815 3027
60794 83662 4673
60410 83016 4107
61175 84249 2933
60143 82426 4724
60656 83602 4679
60364 82961 4420
59738 82016 4335
61259 84458 4561
60433 82989 3825
60113 82312 3509
60273 82585 4789
60205 82672 4685
60176 82742 4159
56394 77061 10531
60536 83049 4545
61170 84398 4059
60693 83437 3448
60510 83060 7456
60249 82724 4830
60726 83545 4079
61424 84714 4101
60797 83711 5043
60916 83659 4590
61680 84937 5503
59575 81578 4235
60337 82734 4254
60261 82932 4051
60592 83404 4486
60981 83873 4775
60826 83549 4560
60335 82936 3005
60255 82671 2833
60900 83950 4778
60138 82437 4735
60654 83373 4222
60937 84073 3179
61647 85080 3689
60850 83692 4356
60915 83803 4316
59358 81339 4052
60905 84000 4144
60280 82821 4831
59676 81624 3342
60422 83009 9528
61317 84207 4282
60802 83884 3506
60875 83881 5548
60748 83556 4075
60605 83553 5399
60925 83750 4314
60857 83678 4630
60588 83346 5739
60165 82613 3937
60562 83084 4524
60669 83377 2958
61042 83927 8336
60784 83231 5552
60710 83365 4378
60220 82566 4040
59742 81876 2903
60779 83363 4090
60811 83612 3842
60885 83844 2842
60369 83085 4182
61632 84948 4513
60277 82689 3045
60859 83680 4729
61517 84598 4576
60098 82425 4577
61106 83934 2992
59734 82086 4234
60157 82505 2882
61283 84184 3651
61412 84557 3044
59600 81542 2907
60604 83238 5261
61229 84328 4265
60345 82913 4591
60622 83527 3263
60620 82993 4198
60548 83362 4062
61226 84336 4420
61175 84330 4245
60253 82949 4466
60611 83190 8160
59908 82020 3903
60544 83164 3033
60909 83537 4521
60490 83255 4418
60900 83781 4824
60709 83687 4508
61030 83832 4994
55722 76299 3999
60802 83549 4510
61038 84047 7532
