4983 8558 462
5190 8985 462
5012 8610 462
5213 8984 451
5064 8702 454
5227 9019 337
5063 8700 448
5209 8998 482
4988 8565 468
5211 8976 449
5202 8974 290
4982 8556 454
5160 8868 330
5189 9007 331
4999 8592 332
5177 8946 435
5090 8770 405
4994 8593 409
5242 9016 471
5209 8990 312
5234 9006 391
5210 9006 450
5249 9038 407
4981 8555 387
4981 8556 423
4976 8565 386
4981 8555 451
4982 8557 272
5203 8961 517
5178 8952 472
5278 9096 304
4981 8556 336
4987 8563 351
5303 9153 457
5186 8982 417
4980 8555 420
4982 8556 425
5013 8612 402
4982 8557 407
5289 9129 485
5182 8957 446
5207 8974 360
5012 8611 428
5297 9144 433
5064 8698 421
4983 8558 369
4984 8587 385
5000 8593 432
4982 8557 411
5243 9029 468
5283 9132 474
5211 8982 463
5035 8672 287
4983 8558 464
5181 8956 460
5161 8928 450
5180 8954 360
5212 8999 519
5273 9081 461
5242 9028 301
5206 9012 289
4987 8564 405
5183 8958 482
4986 8564 389
5186 8958 245
5208 9003 396
4987 8562 465
5161 8922 459
5207 8975 509
4974 8563 336
5284 9142 460
4998 8591 490
5215 9019 462
5062 8699 447
4988 8566 412
4983 8557 289
5067 8702 418
4982 8557 315
5190 8983 523
5035 8672 496
5166 8931 427
4975 8565 437
5250 9052 1136
5282 9124 456
4982 8557 447
5239 9013 446
4984 8561 391
5204 9021 446
5273 9086 457
5299 9158 513
4983 8557 510
4996 8588 488
5000 8593 413
4996 8588 1235
5234 9043 467
4981 8552 439
4986 8561 277
5304 9147 367
5342 9184 416
5250 9050 431
