27032 41164 1631
26382 40015 1150
26359 39983 1710
26333 39944 2144
26973 41020 3195
26429 40080 1115
26320 39905 1675
26353 39969 1627
26974 41005 2411
26442 40048 1778
26998 41060 2321
26445 40074 1531
26998 41058 1802
26359 39977 1633
26376 40022 1717
26429 40095 2575
27032 41071 2519
26409 40006 1638
26389 40072 1500
26360 39978 1433
26445 40051 1824
26347 39963 1877
26358 39975 1820
26954 41025 1151
26390 39966 1180
26458 40150 1100
26409 40062 1908
26400 39985 1670
26428 40082 1210
26398 40038 1202
26361 39981 1887
27026 41101 1783
26380 40027 1691
26969 41012 1772
26371 39998 1132
26975 41025 1828
26379 40011 1786
26468 40114 1584
26360 39979 2080
26357 39968 1751
26423 40076 1595
26310 39881 1843
26395 40043 1659
26990 41028 1799
27078 41151 2931
27028 41068 2795
26943 40988 1655
26978 41024 1793
26409 40074 4108
26442 40105 1915
26366 40005 1764
27035 41081 2071
26436 40110 1747
26981 41045 1783
26360 39976 1858
26387 40030 1799
26430 40078 1669
26397 39971 1866
26401 40022 2593
26356 39958 1819
26382 39958 1237
26423 40082 1249
26377 40023 1722
26320 39912 1675
27026 41123 1816
26447 40166 2641
26359 39986 7835
26354 39956 1789
26430 40082 1788
26347 39942 1785
26982 41045 1810
26446 40123 1767
27010 41093 1860
26359 39964 1865
26371 40002 1362
26355 39975 1172
26362 39985 1724
26453 40142 1723
26392 40034 1144
26352 39962 1085
27004 41086 1767
26363 39994 1682
26374 40002 1183
26318 39912 1975
26469 40225 1886
26374 40006 1836
26452 40093 1848
26415 40078 1735
26394 40061 3428
26371 40001 1679
26357 39965 1699
26349 39951 1797
26450 40105 1118
26356 39960 1162
26366 39940 1784
26360 39980 1736
27082 41182 1847
26400 40054 1706
26321 39900 1723
26831 40775 1628
