89177 124488 5686
89275 124574 4897
88418 123702 6089
89083 124481 6567
88531 123862 6072
89192 124585 4139
89102 124474 6421
89261 124593 4235
88657 124007 5866
89235 124607 4776
89007 124331 6647
89130 124483 6191
89130 124517 6181
89382 124832 3866
89333 124795 4425
89176 124507 4529
89293 124651 3930
89200 124552 6814
89118 124389 4259
89033 124307 6265
89298 124789 6657
89200 124616 6315
89355 124887 5199
89160 124568 6231
89113 124465 6763
87948 123408 6362
89079 124406 6404
89202 124634 3856
89141 124524 4468
89223 124631 8059
89147 124518 6451
89139 124523 5523
89124 124505 5988
89219 124654 6661
89301 124787 5289
89062 124434 4855
89198 124606 6208
88417 123673 4199
89244 124517 5876
88664 124001 5865
89183 124575 6003
89222 124609 4276
88028 123515 3793
89011 124325 3909
89254 124694 6354
88005 123433 6569
89228 124693 6400
89108 124416 6307
89310 124642 4406
89234 124598 7408
88310 123930 6169
88676 124063 4175
89147 124465 5979
89278 124692 6114
89392 124898 3992
89328 124805 4783
89005 124342 5643
88451 123779 7398
89273 124546 4231
89196 124524 4086
89106 124333 6347
89146 124468 6711
89170 124566 5308
89272 124740 6113
89118 124511 5731
88469 123825 4967
89151 124622 3990
89145 124529 8985
88486 123841 3969
89228 124510 10610
89045 124410 6648
89113 124462 6223
89198 124520 7509
89333 124733 6069
89066 124408 6309
89312 124633 4972
89163 124568 4683
89138 124434 4796
89088 124427 4183
88527 123843 3704
89157 124500 3956
88501 123842 5953
89205 124606 4387
89302 124635 5812
89098 124445 4649
88666 124077 7033
88445 123740 6053
89070 124450 5778
89145 124539 5768
89050 124422 3852
89284 124662 6130
89251 124671 4088
89152 124526 4062
89202 124628 8004
89218 124640 7162
89111 124466 3866
88456 123679 8404
89117 124471 6078
89251 124532 8516
89239 124623 7903
