1280 2098 122
1285 2128 74
1349 2229 128
1461 2492 121
1062 1731 104
1217 1978 128
1354 2282 121
1355 2249 128
1314 2175 123
1318 2138 113
1316 2217 110
1315 2163 130
1299 2160 110
1374 2242 114
1311 2172 124
1289 2122 115
1344 2247 122
1311 2148 114
1379 2299 109
1170 1896 83
1344 2186 115
1296 2116 172
1365 2252 109
1385 2310 140
1355 2274 122
1336 2281 315
1375 2272 118
1341 2245 122
1368 2272 184
1326 2204 118
1313 2160 117
1193 1935 107
1220 2021 107
1351 2272 81
1258 2049 105
1345 2243 129
1336 2188 110
1285 2093 148
1259 2110 111
1311 2207 121
955 1497 79
1198 1986 108
1278 2096 113
1300 2173 111
1354 2287 122
1312 2176 135
1365 2329 144
1287 2133 78
1271 2060 70
1192 1952 104
1350 2233 122
1352 2292 122
1209 1930 96
1369 2317 80
1438 2461 132
1397 2305 80
1372 2176 103
1224 2011 68
1340 2265 140
1452 2451 104
1301 2140 76
1305 2211 113
1403 2392 149
1093 1750 104
1414 2348 188
1256 2068 112
1060 1706 80
1272 2095 115
1265 2071 109
1282 2112 132
1272 2106 149
1261 2089 108
1429 2439 133
1332 2216 119
1367 2312 124
1391 2269 123
1289 2136 106
1126 1795 100
1375 2324 128
1361 2294 133
1332 2199 86
1361 2223 114
1231 2000 101
1328 2231 120
1380 2336 135
1349 2262 118
1399 2356 125
1189 1991 109
1324 2232 108
1312 2151 107
1422 2396 124
1391 2345 138
1263 2086 124
1357 2181 102
1368 2314 98
1373 2294 90
1492 2559 126
1352 2198 120
1281 2093 142
1420 2434 117
