1833 2449 132
1846 2482 125
1889 2564 126
1838 2487 122
1833 2452 118
1893 2584 112
1838 2466 115
1893 2569 116
1903 2583 131
1832 2451 118
1836 2451 128
1827 2451 123
1836 2471 148
1839 2464 135
1797 2409 127
1906 2595 170
1822 2450 129
1830 2456 120
1835 2456 126
1824 2449 173
1844 2477 130
1894 2581 127
1832 2462 124
1836 2467 216
1835 2455 1197
1847 2479 123
1824 2451 148
1833 2451 139
1821 2445 121
1833 2456 134
1829 2446 123
1830 2453 115
1831 2460 82
1829 2448 133
1821 2446 106
1825 2444 114
1834 2453 120
1801 2410 115
1834 2454 120
1797 2405 68
1837 2469 116
1897 2580 119
1832 2462 147
1829 2447 78
1832 2481 141
1897 2584 120
1827 2447 137
1822 2443 125
1823 2445 125
1835 2462 125
1849 2478 180
1835 2491 127
1838 2473 134
1837 2467 119
1819 2433 130
1835 2480 131
1838 2472 113
1834 2460 131
1836 2470 119
1831 2445 131
1836 2470 143
1836 2450 120
1830 2444 116
1822 2446 150
1827 2456 85
1857 2508 125
1843 2470 121
1848 2488 133
1830 2447 133
1831 2453 118
1800 2413 128
1825 2449 110
1838 2468 88
1837 2459 122
1835 2461 140
1849 2495 84
1831 2460 188
1897 2591 853
1839 2461 124
1839 2476 131
1891 2570 135
1827 2454 124
1825 2447 118
1832 2460 122
1798 2409 138
1821 2445 130
1901 2587 123
1838 2462 121
1840 2457 112
1823 2453 121
1842 2467 109
1819 2447 131
1822 2451 155
1829 2461 122
1834 2455 126
1869 2507 117
1838 2462 128
1835 2455 130
1829 2445 129
1828 2459 118
