89148 183068 9118
87590 179582 9376
88917 182621 10050
88983 182633 9071
88772 182122 8895
89487 183852 8274
89404 183591 5820
88930 182393 5963
89102 182927 9008
85547 174804 8132
88709 182048 6367
89112 182873 10287
88836 182223 8132
89104 183095 11414
88720 182077 7213
89232 183223 9174
88791 182136 8691
87440 179009 5301
89076 182838 8770
88625 181894 8603
88802 182385 8546
89069 182813 12904
89339 182804 10331
88802 182145 8630
89064 182725 8353
87549 179416 9527
88976 182660 6404
88993 182625 6483
88777 182158 5750
88973 182656 8384
88769 182070 12015
89472 183726 5555
88860 182378 5808
88943 182344 8389
89327 183043 8474
88791 182154 6597
89055 182802 11125
89315 183150 9764
87795 180052 9912
89342 183149 5438
88406 181284 8963
89046 182720 10332
89038 182649 7612
88827 182266 6836
89082 182833 10581
89013 182705 5877
89087 182797 5233
89015 182557 9191
87843 180061 8086
88177 180908 9251
88782 182139 8467
88848 182264 7003
89235 183417 5821
88686 181967 8780
89618 183989 9733
87864 180247 9008
89242 183253 9012
88928 182482 8188
88973 182548 9357
89049 182651 7099
89366 183452 10985
89271 183259 5440
88834 182299 9389
89021 182530 8771
88816 182138 10566
89319 183411 10857
88762 182146 8945
88769 182083 10013
88207 180986 8746
88796 182070 7783
87484 179265 8649
89429 183395 10096
88773 182036 8534
89037 182589 5458
89181 182935 9316
88941 182535 12673
88403 181631 9738
89603 184135 8192
87265 178681 8118
89081 182841 5971
89261 183201 5490
87571 179480 8182
89130 182942 8595
88756 182067 5513
88839 182249 5706
88377 181294 7266
89052 182740 5332
86283 176517 8285
89179 183006 10819
87565 179445 9976
89067 182707 7954
89041 182735 8200
88819 182269 12519
85090 173812 8789
76083 156506 8478
89155 183065 8883
88763 182167 8446
89605 184014 9626
89195 183013 5313
87448 179085 8404
