8878 12966 627
8905 13022 486
9016 13183 490
8904 13021 666
8915 13071 733
8913 13048 1207
8923 13049 728
8912 13044 679
8906 13047 677
8869 12953 667
8900 13014 795
8898 12999 660
8877 12975 706
9026 13195 470
9064 13200 688
9012 13164 640
9019 13170 669
8900 13002 729
8864 12955 699
8875 12944 714
8880 12968 631
8903 13008 705
8890 12961 436
8895 12980 607
8902 13041 674
8917 13047 730
9012 13161 645
8886 12996 662
8874 12956 536
8878 12959 715
8879 12963 808
8882 12965 743
8880 12976 504
8893 12996 666
9017 13184 724
8857 12938 731
8882 12972 612
9094 13245 645
8879 12963 645
8881 12965 720
8899 13001 667
8906 13011 590
8897 12999 641
8923 13058 632
8852 12933 624
8890 12977 479
8922 13058 595
8874 12956 658
8911 13040 668
8879 12947 722
8907 13024 464
8867 12988 633
8923 13061 610
8908 13030 435
8910 13015 672
8892 12980 1243
8901 13006 576
9019 13186 610
8900 13025 424
8899 13001 606
8919 13069 694
8879 12968 687
8884 12966 640
8887 12988 650
8911 13024 644
8867 12954 673
8878 12967 748
8891 12978 761
8895 12987 690
9032 13205 548
8904 13006 500
9021 13188 713
8879 12984 651
8902 13006 688
8904 13009 708
8895 12981 615
9097 13250 596
8856 12935 676
9021 13200 612
8915 13064 660
8910 13057 479
8860 12927 659
8858 12937 651
8907 13024 668
9020 13188 688
9029 13220 560
8877 12959 667
8896 12998 686
8859 12953 836
8906 13023 697
8901 13003 773
9025 13215 827
8887 12999 664
8883 13018 735
8879 12949 662
8898 13008 637
8891 13001 682
8876 12960 506
9088 13227 709
8880 12962 605
