80063 164690 8512
83355 171515 7610
77336 158845 11342
85112 175892 8259
82550 170171 11907
78803 161871 10286
85225 176138 7745
83133 171321 7653
84803 175354 7120
82235 169752 7775
80478 165675 7018
83600 172247 9377
84938 175287 7274
83260 171654 6668
84952 175465 6562
82458 169782 6546
85223 176014 8019
80484 165705 7303
84921 175448 10464
83202 171685 13711
84916 175472 8167
82052 169258 7787
85041 175575 9036
84239 173612 8974
78726 161653 7940
81888 168653 7961
82764 170383 8030
85064 175805 6338
79453 163199 5871
84638 174715 8133
85083 175739 8568
78790 161838 8430
82804 170599 9943
78781 161735 8249
83625 172775 8172
85078 175871 5806
84963 175432 5372
85481 176802 8114
82856 170648 9767
77754 159882 7572
81653 168225 8116
82272 169675 5898
85436 176706 8589
83110 171268 7135
78906 162186 5355
80328 165276 8329
85356 176523 13220
84980 175648 9619
84906 175469 5813
85067 175660 9503
83606 172705 8665
85041 175683 8739
85101 175926 8424
84570 174430 5546
83175 171489 6000
83190 171451 8162
85064 175669 10120
82545 170083 6477
84797 175190 7009
84801 175026 4940
85542 176971 6637
82243 169234 5775
83307 171693 7125
79865 164228 5062
83758 172859 8754
85088 176020 9472
83253 171710 8546
80474 165701 5186
84862 175240 10772
82861 170744 9065
82029 168984 5984
85329 176452 7867
81988 168969 8185
83208 171448 10469
84677 174785 10412
84957 175395 10102
85145 175910 7649
82200 169505 4824
83323 171861 5066
85197 176076 8219
83762 172938 8013
83348 171935 8637
82111 169256 5229
84249 173677 9544
81393 167250 7803
82548 170011 8216
77383 158875 5447
83161 171330 8455
78845 161965 7622
84616 174763 8450
83320 171808 9050
83355 171857 9084
83716 172904 8267
79870 164200 7727
83158 171327 8503
85119 176051 9622
83093 171240 6930
85269 176309 9223
78724 161642 7729
84649 174721 9827
