72719 114698 5314
72527 114509 6416
72495 114483 8026
72532 114614 5518
72212 113858 9658
72177 113826 6382
73005 115343 3696
72787 115148 8518
73364 115848 8360
72504 114605 3730
72410 114303 6709
72394 114394 5429
71973 113346 5856
73081 115404 8005
73261 115614 5977
72137 113734 3639
72454 114545 6762
72148 113777 3481
72560 114537 6028
73041 115285 5601
72461 114306 6346
72239 113905 6076
72258 113965 6380
72719 114714 3837
72592 114572 4164
72713 114835 7696
72243 113971 8090
72627 114640 4494
72684 114805 5700
72490 114520 7790
72314 114225 7810
73034 115307 7369
72838 115331 3747
72491 114349 5713
72472 114366 8569
72240 113946 5952
72686 114566 5764
72773 114824 9551
72546 114503 5781
72754 115184 5886
72205 113853 6827
72586 114620 5592
72224 113895 5271
72954 115330 3568
72742 114676 5636
72189 114318 3513
72858 115065 5509
72705 114648 8048
73593 116379 5714
72703 114766 3661
72361 114352 3609
72203 113896 6925
72492 114393 5030
72714 114605 4780
73010 115216 3686
72519 114629 5912
72325 114260 3615
73324 115842 8093
72506 114404 5340
72592 114573 6332
72222 113933 5990
72176 113835 6180
72723 114661 5254
72566 114529 4052
72230 113873 5825
72532 114438 3577
73037 115265 5507
73437 116078 5574
72713 114668 8235
72500 114410 7508
72176 113824 5490
73015 115342 3566
72727 114613 6168
72212 113862 5570
73053 115343 5772
72353 114307 5870
73418 116082 4005
72232 113862 3408
73360 115948 8630
72160 113793 5430
72243 113971 4751
73553 116390 6313
72274 113986 5929
72244 113921 7251
72695 114827 3681
72219 113825 5169
72214 113896 5775
72253 113920 4079
73449 116043 5844
72220 113874 5563
72413 114377 6516
73011 115382 11094
72689 114761 6030
72224 113938 3611
72695 114768 7167
72235 113949 3481
72516 114601 5520
72742 114837 7030
72029 113455 3521
72669 114726 5395
