33077 45698 2203
33396 46143 2198
32513 44754 2199
32840 45292 2087
32950 45224 2356
33109 45649 2061
33639 46372 1330
33343 45967 2691
33175 45691 2099
32704 44737 1999
33111 45790 2019
33224 45680 1454
33611 46619 2143
33038 45499 2049
33569 46464 2094
32366 44423 2004
33106 45656 2159
33536 46317 2257
33080 45591 2053
32985 45448 2143
33659 46599 1398
33072 45499 1956
33199 45672 1359
33215 45807 2005
33667 46553 2873
33613 46403 2158
33369 46117 2870
31478 43412 1981
32991 45316 2151
30902 42689 2041
33146 45772 1847
33318 45892 1988
33310 45843 1965
33418 46231 2020
32933 45199 2752
33326 45968 2045
33468 46183 1442
32953 45343 1369
33069 45532 1732
33325 46074 1867
33120 45518 2004
33172 45749 1932
33008 45492 2002
33146 45753 1937
33049 45718 1608
33945 47042 2060
33900 47007 2156
33356 46133 1889
33822 46799 2212
33536 46516 4106
33101 45605 1972
33013 45375 1960
33074 45700 2056
32985 45336 2037
33155 45616 2015
33083 45691 2175
32594 44918 2102
33255 45963 2235
32962 45438 2025
32742 45107 2023
33471 46152 3098
32842 45216 5080
33308 45862 6264
33211 45869 2019
33085 45685 1366
33014 45374 1965
32869 45195 2061
33132 45825 2183
33683 46582 2199
32490 44869 2065
33639 46456 2276
33178 45776 2047
33632 46359 1434
33353 46062 2180
32946 45541 2191
32705 44866 2072
32927 45334 2120
33375 45999 1533
33276 46062 2144
32989 45404 2085
32719 44994 2057
33246 45904 2026
33133 45774 2223
33079 45561 2148
31503 43620 2162
32968 45314 2048
33318 45952 2241
33184 45716 1464
33426 46137 1410
33242 45855 1340
32790 45287 2193
32940 45341 2036
33436 46051 2253
33003 45406 1815
32925 45491 2009
33391 45955 1992
32833 45157 2005
33030 45354 1858
33299 45947 1879
33537 46267 2117
