26739 38748 2097
26647 38761 1188
26424 38386 1274
26646 38759 1931
26372 38346 2070
26657 38719 1170
26652 38662 1866
26662 38742 1872
26682 38695 2198
26784 38938 1761
26626 38638 1758
26670 38691 1756
26601 38613 1653
26656 38681 1924
26617 38668 1832
26750 38875 1582
26660 38799 2042
26669 38665 1682
26392 38312 1761
26658 38698 1262
26603 38628 2666
26645 38760 1928
26646 38758 1794
26615 38657 1822
26681 38802 1844
26650 38773 1814
26582 38592 1698
26655 38768 1129
26650 38766 2073
26665 38644 1202
26692 38839 1764
26662 38657 2626
26650 38767 1842
26672 38681 1678
26599 38609 1887
26614 38637 1861
26661 38797 1842
26679 38729 1882
26594 38602 2124
26676 38692 1763
26674 38680 1850
26648 38662 1816
26625 38677 1240
26656 38652 1252
26690 38831 1605
26654 38670 1844
26609 38720 1135
26649 38761 1810
26619 38670 1737
26428 38385 1297
26649 38789 1618
26706 38866 1318
26615 38725 2140
26687 38829 1704
26651 38752 1847
26400 38335 1780
26704 38743 1848
26649 38763 1883
26646 38766 1830
26642 38797 1270
26587 38655 1250
26666 38672 1599
26677 38688 1799
26681 38802 2047
26637 38791 2016
26737 38742 1236
26651 38765 1175
26696 38728 1953
26667 38788 1861
26560 38646 1825
26653 38711 1807
26584 38650 1821
26386 38304 1819
26663 38706 1274
26650 38768 1797
26663 38788 1758
26624 38650 1874
26683 38906 2024
26651 38695 1816
26435 38410 1763
26687 38840 1845
26643 38762 4439
26642 38793 1952
26635 38654 1810
26391 38311 1819
26696 38846 1533
26667 38803 1892
26675 38699 1801
26635 38737 1778
26388 38308 1848
26626 38647 1955
26678 38684 1705
26651 38767 1888
26614 38667 1904
26649 38770 1300
26590 38636 2340
26688 38693 1866
26669 38676 1231
26666 38801 1713
26660 38776 1960
