39984 52390 2509
40064 52514 3034
40045 52518 5357
39980 52430 2212
40135 52621 2684
40059 52491 2481
40075 52558 7378
40128 52582 2817
40059 52532 2691
40134 52609 2603
40099 52594 2870
40073 52547 2660
40198 52661 2737
40071 52493 2485
40055 52447 1874
40351 52731 1771
40301 52690 2721
40090 52602 2508
40026 52487 2495
40365 52771 2439
39913 52293 1765
40076 52572 1684
40076 52589 2758
40369 52732 2686
40107 52588 2370
40325 52736 4084
40106 52623 2657
40066 52509 2624
40070 52540 6536
40341 52721 2515
40066 52529 2420
39980 52453 2654
40027 52448 2551
40045 52516 2632
39933 52298 2391
40084 52556 1869
40135 52562 1678
40111 52601 1717
40085 52552 2758
40132 52625 2515
40047 52546 2510
40125 52556 2746
40068 52520 2559
40104 52632 2826
40126 52594 2581
40254 52734 2713
40488 52917 3067
40529 52985 2683
40007 52532 2571
40189 52646 1755
40083 52545 2618
40047 52524 5050
40294 52712 2670
40287 52705 1666
40208 52668 2796
40105 52558 2906
40184 52618 2198
40152 52628 2381
39945 52389 4089
40061 52521 1746
40169 52593 2758
40063 52534 2326
40068 52552 2244
40216 52536 2381
40079 52551 2521
40073 52602 2633
39993 52434 4910
40136 52600 2670
40075 52517 1823
40014 52489 2666
40089 52571 2639
39849 52147 4438
40264 52558 2717
40352 52673 2580
40057 52488 2685
40063 52528 4789
40411 52838 1815
40004 52483 2617
40042 52472 2733
40066 52520 2881
40114 52581 2289
40283 52678 1817
40415 52841 2411
40063 52557 1702
39929 52292 1943
40351 52802 2949
40157 52640 1784
40099 52603 5202
40038 52514 2567
40095 52548 2413
40379 52783 2474
40095 52574 1786
40078 52514 2333
40307 52742 2560
40016 52498 2748
40456 52969 2598
40353 52763 2691
40087 52549 2562
40102 52607 2465
40041 52489 2409
