54880 91776 4331
54821 91701 5019
54802 91665 4269
54945 92028 4292
54886 91817 3015
54842 91726 5084
57554 96497 2779
54840 91735 3252
55001 91981 4964
57459 96213 4533
57617 96530 5004
57463 96109 2993
55042 92207 3026
57106 95549 4759
57262 95843 5020
57285 95808 5666
57323 95889 6524
54824 91705 5153
54858 91755 3974
57537 96330 2976
54816 91668 3290
55034 92067 4568
54957 91923 2802
54779 91522 2861
57581 96507 5186
54805 91665 4550
54861 91768 4547
54771 91621 4247
55034 92079 3074
57466 96221 5339
54783 91629 4488
57363 96016 4738
54853 91732 4215
57462 96233 8139
54996 91939 4403
57546 96368 4950
54641 91377 3955
57702 96495 6534
54839 91741 2932
57381 96110 4687
55074 92145 3887
54923 91904 3653
57330 95997 2567
57123 95675 4324
56845 95026 2953
54854 91641 4339
54813 91706 4331
54853 91734 6535
54931 91809 4529
54908 91850 4100
54860 91804 3040
57224 95727 6620
57203 95710 7454
54829 91710 4502
54991 92063 4327
54845 91831 4409
54785 91599 2912
55110 92293 2666
54840 91724 3785
57632 96396 4449
57115 95575 2746
57413 96195 7376
57912 96997 3841
54909 91829 4405
54759 91608 4641
57245 95842 5048
54845 91738 4495
57631 96572 4379
57424 96070 3643
57391 95986 4815
54643 91351 4301
54845 91722 5373
54765 91628 3792
57096 95664 4417
54680 91463 4178
57605 96468 4756
54851 91617 7535
54824 91660 5000
55026 92036 7107
54821 91687 4855
54824 91687 4712
57039 95513 4974
56883 95209 4479
57476 96275 4422
54822 91677 4213
55138 92325 4753
54991 91903 6250
55123 92275 6077
54786 91625 6373
57523 96308 4371
54848 91685 4292
57372 96103 4533
54768 91602 3972
54783 91603 4383
54660 91426 5390
57857 96883 4387
54803 91665 6012
54976 92056 7380
57695 96370 4587
54984 91942 4726
