20688 42370 3960
20640 42334 1373
20313 41445 2015
20863 42818 1979
20677 42379 2273
21067 43400 1373
21135 43404 2105
20233 41330 2067
20417 41937 2216
20660 42459 2032
20923 43141 2152
21087 43512 1840
20471 41998 1900
21191 43685 2169
20776 42385 2608
21345 43915 2233
20716 42518 1932
20594 42065 2111
21387 44132 1537
20997 43161 2251
20964 43054 2242
20582 42194 1929
20397 41903 1799
18770 38607 1252
21228 43748 2146
21337 43844 2083
20865 42868 2348
21077 43521 1435
19592 40059 1261
20490 42230 1635
21107 43460 3553
20706 42386 2132
20856 43008 2228
21029 43382 2260
20746 42329 2184
20852 42619 2148
20704 42505 1968
21016 42902 2064
21108 43475 2287
20907 43014 2146
19107 39066 1960
20508 42007 2032
18319 37129 1711
20662 42351 1983
20389 41674 1859
21022 43360 2082
20686 42649 1741
21177 43418 1956
21085 43307 1423
20721 42540 1635
20598 42089 1928
20096 40935 1967
20233 41368 1790
20237 41521 1874
20762 42596 3633
20116 41304 1856
20516 41996 1441
19612 40044 1122
17207 35057 1595
21045 43406 1238
20699 42204 1892
20706 42409 2314
21751 44708 2109
20809 42591 1345
20320 41626 1358
21303 44086 1920
21490 44231 2074
20983 43269 1402
20744 42617 1334
20530 42097 2171
21162 43489 2071
20252 41421 1914
20689 42548 1349
21137 43524 1946
20594 42147 2045
20740 42586 2081
19972 40947 1996
20134 41274 2097
20864 42862 2062
20845 42718 1432
19978 41027 1526
20784 42787 2174
20952 43179 2252
21172 43444 2264
20895 42860 2170
19948 40528 2014
20880 43070 2059
21278 43893 2180
21297 43740 1562
21091 43297 1637
20526 42071 1289
19917 40908 3521
19942 40691 1201
21234 43792 2155
20983 42991 2062
20591 42436 1941
20744 42556 2053
20669 42457 3605
19715 40068 1928
20509 41931 1662
