30212 43333 2029
30279 43401 2315
30204 43331 1993
30288 43415 1631
30192 43295 1882
30283 43404 2374
30194 43297 4506
30186 43314 2152
30331 43502 1840
30225 43309 1898
30255 43371 1961
30195 43295 1885
30213 43312 2285
30213 43349 1413
30285 43421 8367
30158 43207 2267
30212 43314 2062
30188 43304 2127
30059 43037 2448
30230 43394 2506
30326 43494 2113
30151 43215 2166
30191 43291 1996
30233 43336 3287
30188 43316 2078
30092 43098 2054
30286 43454 1380
30243 43352 1898
30239 43413 2060
30277 43396 1886
30199 43315 1972
30307 43472 2117
30284 43430 1432
30066 43046 2046
30303 43490 2133
30188 43317 2139
30316 43471 1382
30275 43421 2107
30248 43397 1928
30227 43366 1852
30191 43291 1716
30251 43367 2101
30068 43226 2040
30281 43402 1304
30284 43404 1420
30196 43296 2042
30211 43327 1974
30223 43343 1996
30258 43421 2046
30196 43298 1992
30192 43292 2353
30193 43293 2017
30206 43323 1368
30216 43339 2059
30075 43252 1334
30212 43295 2296
30217 43332 1418
30216 43351 2448
30191 43293 2078
30200 43331 1450
30214 43316 2122
30286 43422 2500
30198 43311 2145
30206 43324 1985
30210 43316 2120
30226 43338 1313
30196 43330 2038
30222 43364 1971
30218 43332 2220
30204 43310 2115
30367 43565 2107
30206 43321 3870
30282 43403 1851
30281 43400 1396
30208 43324 1577
30272 43415 1680
30062 43040 2109
30193 43290 2048
30253 43381 1962
30198 43312 1865
30205 43327 1330
30191 43303 1993
30203 43306 1997
30329 43502 1925
30216 43329 1978
30191 43296 1334
30209 43315 1414
30218 43322 2153
30191 43292 2176
30220 43344 2180
30219 43342 1975
30279 43466 1939
30195 43297 1826
30322 43528 2233
30286 43431 2289
30191 43291 2619
30291 43445 2171
30217 43332 2087
30279 43437 2029
30274 43431 1350
