59985 84263 4103
59642 83739 4223
59778 83912 2713
59776 83923 2563
60399 84645 4477
59765 83940 2617
59877 84082 3114
59795 83946 4428
60563 84685 4243
59777 83929 4304
60194 84512 3732
59930 84218 3004
59736 83783 4019
60326 84566 4111
60364 84595 9979
60355 84654 4263
59925 84227 3878
59749 83832 4281
60398 84655 2565
60416 84685 3586
60372 84601 3833
59796 83930 3859
59940 84199 2647
59751 83827 3769
59657 83704 4771
59718 83870 3872
60386 84607 4722
59849 83993 4057
60404 84651 3724
60391 84656 3674
60417 84709 3803
59856 84046 4418
60362 84644 2598
60084 84240 3252
59796 83932 3768
59786 83913 3845
59772 83894 3980
59768 83864 9326
59782 83901 3957
59758 83878 4069
59776 83880 7975
59849 84041 2658
59786 83929 4635
59697 83834 8013
59841 83984 4270
59783 83923 5754
60100 84285 3565
60006 84144 4054
60416 84681 4186
59786 83881 4300
60424 84741 10860
59781 83908 5262
59788 83940 7716
60043 84173 3519
59767 83884 4479
59780 83939 3865
59895 84104 4027
59731 83777 4687
59903 84157 9060
59801 83960 4682
59700 83868 4216
59771 83886 3998
59856 83985 4572
59866 84051 2679
59674 83798 2988
59837 84076 4313
59781 83912 3749
59801 83945 3547
60298 84514 3989
59781 83881 4353
60364 84624 4500
59912 84209 4036
59946 84232 2630
60401 84750 2556
59818 84017 2649
59769 83868 7687
59791 83923 4603
59756 83915 12408
59892 84115 4370
59776 83884 3969
59950 84161 3910
59698 83810 3817
59859 84052 9900
60481 84752 6348
60392 84632 4097
59853 84045 2492
59912 84162 5820
59680 83861 3914
59767 83900 2684
59880 84081 4072
59765 83869 4113
59808 83899 4237
59789 83916 3944
59725 83800 4207
59777 83890 4210
59760 83873 4002
60108 84314 4160
59739 83816 4108
59878 84118 3750
60344 84601 6423
