37598 48387 2645
37634 48385 2251
37603 48437 1714
37604 48395 2243
37722 48787 1574
37716 48549 2181
37306 47974 2648
37596 48228 1585
36171 46488 2381
38124 49163 2436
37980 48855 2412
38010 49068 1545
37958 48828 2320
37272 47756 2013
37842 48853 1452
37932 48788 1586
36178 46355 1509
37118 47761 2105
37592 48377 2242
38127 49007 2281
37470 48125 2220
36245 46719 1579
37634 48425 2450
36635 47133 2201
37095 47667 2166
38507 49811 2230
37483 48138 2305
37299 47997 1564
37659 48503 5053
37547 48413 2101
37998 49227 3123
37133 47812 2203
37939 48905 2295
37483 48292 2345
35155 44999 2128
37446 47982 2292
38675 49826 1527
38430 49582 2229
37149 47628 1567
37734 48548 2223
37711 48546 2362
37028 47576 2027
37566 48257 2151
37301 47964 2371
37522 48203 1414
37923 48904 2378
37875 48762 2341
38132 49210 2629
37716 48626 1755
38251 49075 2220
37433 48174 1534
37671 48244 2274
38015 48838 2376
37147 47771 2305
37759 48518 2701
37659 48537 2271
37282 47832 2270
37741 48627 2469
37641 48513 2452
37726 48586 2440
37535 48422 2216
37864 48814 1740
37725 48525 2210
37757 48803 2646
37094 47458 1419
37670 48756 1660
37425 48091 2332
37317 47930 2200
36139 46437 1609
37507 48304 2354
37068 47630 2144
37900 48911 1428
38002 49012 2143
37741 48580 2231
38448 49598 2524
37770 48670 2293
37735 48462 2569
38388 49632 2703
37700 48709 2461
37242 47699 2083
38084 49099 2415
37422 48089 1592
36847 47460 2011
37515 48168 2467
37928 49005 2168
36981 47348 2135
37153 47852 2359
37764 48451 2239
37580 48244 2301
37950 48963 1476
37554 48165 2198
38423 49433 2122
38091 48988 2339
38022 48947 2579
37975 48904 2476
38561 49724 2517
37511 48178 2293
38045 49131 2384
38221 49211 1690
37726 48487 2384
