73741 114256 5905
72565 112553 6498
73376 113697 8638
72658 112073 5637
73495 113658 5827
74120 115064 5828
72598 111992 6176
73298 112956 4289
73991 114772 6322
73073 112823 6088
73386 113472 6035
72527 111822 6158
74217 114852 7269
73209 113098 5697
72929 112655 7797
73489 113617 6087
73307 113341 7013
73348 113306 3860
74816 116404 6307
73460 113664 6988
73654 114255 6259
73486 113721 5843
73151 113243 4038
72029 111380 6066
70590 108789 8078
73275 113341 5530
72946 112781 5886
73454 114009 4073
72702 112294 6004
72826 112624 5776
73257 113224 6017
73115 112727 4191
73408 113439 6453
72738 112114 4389
73065 112898 5961
73344 113543 6651
74368 115234 6642
74095 114756 6435
73273 113096 4345
66920 103520 3864
73008 113135 6988
73643 113970 6121
72967 112920 6872
73882 114346 5389
72759 112424 5722
72120 111130 5706
72822 112577 7290
71552 110218 5692
72894 112879 4201
73100 113267 5747
73822 114292 4340
74003 114745 6527
74038 115217 3919
73117 113027 5847
72899 112536 5724
73599 113898 7486
74115 114620 6506
73469 113603 5762
72764 112471 8497
73270 113097 5552
72683 112366 3901
73222 113265 4883
72740 112520 5845
72864 112485 3967
72757 112468 4223
73803 114271 3568
72904 112457 5593
72824 112462 5859
72859 112316 7492
73446 113426 6070
72932 112560 6083
72945 112898 6739
73671 114016 4413
72814 112337 5634
72382 112040 4622
73416 113408 5989
73017 112784 5795
72902 112769 5728
72840 112262 5592
73466 113561 4328
73420 113629 5730
73706 114657 4023
73572 114109 4127
73533 113853 5876
73551 113575 6310
73950 114768 6136
73291 113545 6133
73451 113651 5895
73331 113477 6222
73392 113618 5898
72655 112315 6235
72658 112325 6433
73401 113627 6058
72528 111808 9059
73345 113217 7549
73003 113046 6530
73878 114349 3979
72382 111624 4655
72118 111416 5894
73871 114462 6093
