102800 134447 5257
102813 134449 7424
102826 134482 6551
102983 134791 7039
102835 134532 6892
103207 134910 8370
102824 134622 8515
102750 134445 4647
102475 134047 6742
103050 134842 5159
102995 134785 4540
102587 134116 5856
103014 134835 6948
103197 134926 4398
102969 134745 5557
102501 134201 6499
102600 134190 7703
103258 135178 5938
102998 134720 18753
102752 134405 8237
102590 134138 6678
103035 134722 11744
102810 134549 7497
102890 134638 6015
102807 134466 6603
103201 135067 13295
102983 134890 7870
102725 134326 7185
103006 134821 6072
103190 135089 11502
103220 135008 7005
102991 134784 6693
102575 134187 5180
103810 135537 6629
102847 134551 7376
102760 134474 10057
102587 134109 7223
103053 134812 6865
102839 134546 6474
102816 134535 4672
102766 134427 4185
102807 134493 7049
102708 134331 5878
103059 134959 6445
102958 134673 5857
103939 135729 6075
104142 136107 6500
102724 134456 7780
103186 134883 6979
102590 134174 5919
102947 134818 6050
102981 134817 7804
102863 134640 6685
102976 134680 5190
102818 134495 6889
102968 134672 9219
102844 134585 5182
103110 134963 6409
102724 134371 9987
102804 134487 8122
102779 134469 6230
102797 134424 9916
103172 134947 4219
102924 134715 8508
102973 134697 5475
103068 134785 6433
102784 134456 8050
102561 134133 6661
103088 135041 6508
102844 134558 11514
102914 134698 6684
103041 134783 6270
102993 134666 5958
102801 134518 7157
103042 134895 6568
102794 134498 6824
103203 135033 4962
102604 134181 6725
102957 134729 6275
103019 134740 6273
102994 134848 5846
102799 134502 6347
103062 134841 6728
102817 134510 9087
102810 134499 4284
103032 134844 6690
102788 134449 6593
103894 135722 6892
103059 134831 6739
103104 134954 8020
103230 135061 6579
102763 134511 6537
103087 134975 6719
102651 134245 7156
103076 134856 6099
102800 134509 6131
103094 135049 6907
102447 134033 6608
103034 134812 7358
102811 134481 4520
