1411 2090 113
1436 2061 126
1392 2027 107
1426 2122 101
1336 1909 105
1505 2238 120
1363 1969 122
1349 1943 347
1406 2116 127
1274 1804 444
1387 2000 1057
1444 2093 115
1349 1942 117
1411 2108 105
1392 2020 97
1461 2146 139
1453 2103 139
1337 1983 116
1433 2134 144
1335 1914 99
1260 1794 108
1376 2005 104
1491 2212 131
1327 1932 97
1393 2050 96
1401 1976 110
1439 2125 153
1271 1768 116
1432 2082 117
1413 2090 119
1426 2080 112
1357 1974 97
1516 2273 122
1487 2216 130
1475 2188 114
1415 2069 131
1457 2166 81
1315 1853 97
1304 1888 112
1420 2094 143
1453 2127 105
1344 1960 103
1458 2167 100
1401 2058 108
1435 2102 79
1424 2045 99
1361 1954 111
1361 1990 119
1396 2032 110
1376 1957 142
1356 1926 110
1395 2014 107
1443 2118 119
1397 2026 107
1340 1991 110
1487 2176 120
1399 2039 106
1394 2019 118
1396 2031 109
1312 1884 102
1384 2000 113
1431 2095 108
1412 2084 335
1394 2022 132
1479 2210 157
1300 1859 104
1435 2078 155
1466 2154 120
1462 2129 121
1394 2028 107
1444 2111 139
1376 2013 131
1425 2025 112
1475 2181 112
1381 2037 131
1403 2065 155
1323 1886 96
1362 1972 110
1437 2107 426
1326 1912 113
1471 2158 76
1366 1984 101
1357 1942 104
1271 1812 168
1307 1893 118
1324 1890 98
1448 2142 121
1314 1850 103
1300 1877 112
1242 1756 94
1513 2252 121
1483 2249 179
1448 2125 113
1372 1997 112
1413 2083 141
1368 2007 120
1359 1951 114
1333 1921 115
1359 1996 107
1481 2163 153
