47516 65696 3493
47547 65458 3456
47690 66182 5184
47322 65269 3446
47793 66111 3548
47615 65661 3227
46825 64282 3285
46701 64252 2724
47234 65207 3623
46470 63812 3157
46929 64520 2845
46655 64308 2269
46544 64142 2154
47314 65255 5569
47037 64797 2634
47152 64907 4159
47785 66044 3905
46852 64478 3235
47333 65171 3144
46064 63183 3365
47083 64711 3465
46976 64805 4855
47299 65003 3262
47291 65047 3730
46676 64300 3348
46678 64257 3872
47864 66099 2293
47929 66219 3247
46876 64483 3365
47248 64949 2090
47368 65275 3156
47429 65225 4897
47533 65458 2367
47278 65301 6042
47522 65210 3494
47246 65254 2458
47265 65273 3257
46997 64828 3112
47869 66010 3541
47883 66050 4229
47275 65090 2994
46946 64562 3240
47384 65402 4649
47600 65717 3436
46695 64253 2244
47559 65574 3300
47866 66332 3395
46742 64374 2641
47505 65614 2304
47041 64548 4306
45458 62545 5141
48218 66652 3472
47438 65116 3497
47181 64911 3462
47237 65170 3202
47295 65116 2120
47476 65528 3116
47582 65598 2167
47752 65939 2450
46645 63992 2206
47455 65486 3110
47372 65236 3625
46151 63195 2739
46803 64304 2945
48163 66784 3329
47500 65334 3073
46582 64174 4508
47596 65759 3550
47082 64792 3336
47196 65048 3624
47249 65218 3227
47697 65773 2208
46965 64948 2263
47177 65100 3162
48108 66105 3550
47755 66057 2304
48017 66257 3325
46810 64510 3336
47070 64735 3276
47214 65090 3566
46510 64184 3261
47193 64922 3392
47288 65133 3307
48333 66886 3250
46885 64492 3326
47471 65247 2755
47191 65148 2978
47566 65632 2222
47345 65090 3134
47070 64997 3663
46965 64591 5626
47573 65473 3852
46947 64469 2832
47166 64953 3251
46817 64469 4995
47302 64892 3142
46895 64445 2474
47407 65518 3321
47441 65321 3382
47812 65953 3458
