12252 25640 1228
12338 25907 1316
12406 26090 783
12406 26127 1197
12416 26136 1277
12283 25729 809
12331 25894 1215
12347 25935 1328
12345 25932 797
12310 25845 1172
12332 25868 1294
12167 25451 1118
12300 25825 1195
12333 25832 1198
12167 25440 1150
12385 26065 1345
12337 25922 1627
12384 26062 1291
12366 25993 1259
12178 25396 1181
12312 25840 1199
12209 25532 1943
12282 25812 1192
12132 25341 1185
12120 25293 971
12030 25057 827
12354 25889 859
12388 26020 1096
12314 25851 1206
12293 25807 2233
12409 26132 1146
12304 25819 1065
12345 25926 847
12364 25995 866
12354 25949 1238
12423 26173 1394
12367 25995 1089
12323 25843 1097
12197 25570 1441
12502 26364 1231
12306 25771 1296
12398 26090 1261
12298 25808 1231
12451 26260 1092
12244 25542 1183
12444 26230 1174
12229 25654 4782
12272 25754 1142
12424 26164 1248
12362 25974 1107
12348 25955 1323
12407 26100 1258
12384 26020 1317
12252 25622 1324
12317 25859 1197
12307 25787 1172
12319 25974 1262
12263 25712 1162
12467 26274 1174
12213 25551 1199
12338 25914 1727
12406 26092 1206
12273 25787 1159
12321 25870 2816
12397 26108 891
12377 26005 748
12224 25579 769
12195 25513 773
12356 26021 1152
12230 25482 1109
12304 25793 1962
12378 26039 1207
12291 25775 1223
12383 26040 1211
12378 25992 1190
12438 26175 1194
12355 25981 1203
12364 25987 1305
12319 25864 1272
12349 25918 1306
12257 25693 1272
12212 25565 1304
12252 25662 1359
12485 26326 1344
12372 25990 1218
12349 25951 1339
12349 25920 1270
12358 25992 1336
12137 25400 1312
12387 26025 859
12326 25885 1112
12197 25513 1309
12249 25623 1111
12335 25929 1127
12327 25887 839
12339 25894 1219
12321 25871 1251
12439 26216 1145
12367 26002 1070
12353 25953 1074
