94231 122978 5385
95364 124241 6026
94888 123614 4590
93345 122123 5649
95135 123921 5676
94961 123732 4380
95384 124248 3923
94783 123522 3901
93784 122346 5672
95205 123918 5376
94203 122920 4019
94279 123012 6472
94081 122825 8474
94818 123512 6962
95095 123967 5709
94827 123551 7572
94791 123459 6337
94175 122908 6190
95216 123983 5791
95348 124185 10520
95037 123807 5890
94247 123037 8842
94252 122991 7173
94794 123473 3769
94980 123813 6103
95386 124293 3875
94912 123661 4328
94787 123464 7400
94782 123445 4793
95117 123983 4221
94970 123736 7158
94810 123529 7692
94989 123803 4156
95211 123992 4067
94877 123611 9445
95200 124038 5909
94908 123650 6005
94913 123663 10559
95093 123894 7545
95403 124234 6857
95418 124236 7686
94828 123631 10289
95389 124213 5385
95083 123918 5626
95025 123832 6028
94824 123530 6461
95327 124179 12685
94881 123662 5236
94235 122964 3968
94998 123869 6487
94788 123479 4369
95070 123913 6054
94187 122879 7292
95097 123983 5518
95103 123989 6115
94811 123545 6302
94403 123282 6539
94760 123403 8954
95057 123851 5253
94200 122924 5789
94808 123519 10918
94212 122950 3843
94794 123511 7489
95004 123892 5834
95116 123931 10325
93298 122052 8001
94859 123597 4934
95060 123849 5917
95112 124067 4411
94798 123494 5655
94829 123582 5883
94999 123800 8485
95098 123955 6039
94838 123606 6191
94883 123627 23316
94829 123564 4115
94913 123666 4426
93301 122022 8412
94940 123737 4621
94823 123545 4759
95287 124109 3991
95284 124008 6154
95151 123982 4815
94189 122938 6489
95330 124236 7145
94978 123744 6183
92836 121520 3894
94374 123045 6226
95113 123944 6507
95299 124189 4763
94813 123526 3733
94867 123591 5628
94862 123576 13036
95386 124207 6232
94816 123527 5537
95027 123919 7094
95069 123931 8716
94984 123766 5410
93328 122101 4580
95215 124053 3956
