63157 128999 5961
71837 146474 3958
71677 146405 6323
71848 146508 6581
69149 141587 5573
68969 141220 7669
72917 149204 4226
68875 140180 6152
69142 141548 10078
73335 149646 6423
68907 140381 6814
67300 137485 10026
71923 146891 7399
72157 147443 7232
72721 148706 6175
68980 140485 6166
67022 136708 6405
72182 147596 7315
72611 148502 9886
68928 140305 6289
68579 139720 8932
68942 140434 6180
72900 149035 6391
71647 146127 7191
68877 140944 4709
68914 140983 4665
68887 140234 8328
69108 141504 6012
68968 140412 7183
72542 148421 5912
72105 147244 8517
72722 148588 9969
72803 148873 6958
72311 147467 10313
68948 140867 9883
72377 147830 6295
68514 139541 8322
73359 149687 7198
72672 148532 6753
69215 141724 6035
69107 141454 6854
71788 146632 6844
68906 140542 5277
72244 147604 6058
72693 148562 5391
72437 147948 4398
72669 148361 9550
72018 146982 7508
68972 141108 6280
72747 148668 6544
72791 148783 5262
72719 148661 4419
72771 148835 4452
72762 148556 6247
68755 139860 6760
72862 149002 7306
68832 140036 6642
72043 147033 6321
72438 148063 4178
72764 148719 5005
72049 146959 4345
72605 148395 7534
72993 149421 4223
72573 148287 6732
72596 148046 7207
72659 148576 4420
68608 139693 3987
68939 140586 6421
72569 148219 11503
68832 140384 9166
72556 148217 6767
72571 148528 6978
68582 139710 8250
72408 148118 6416
72957 149198 6321
69048 141271 6910
72632 148580 10317
69131 141541 6396
72896 149041 6534
68978 141179 14696
72421 147958 6005
72489 148075 7830
69174 141619 6539
72362 147867 6640
71839 146736 7180
72310 147415 6592
72905 149087 6533
72741 148541 6846
68842 140236 5817
72750 148677 9691
68495 139533 5034
72478 148194 7755
72620 148517 6517
71848 146553 6411
72721 148733 10834
73126 149649 7558
72423 147901 9171
72655 148331 8627
72619 148419 6439
72462 148070 7552
