64622 102207 3672
64638 102116 3072
64511 101988 4858
64619 102054 5232
64625 102183 4302
64592 102163 5010
64631 102194 4794
64670 102198 5138
64354 101929 4808
64455 101897 4758
64646 102226 8019
64614 102176 6643
64557 102053 7055
64616 102158 5093
64663 102308 5340
64650 102245 3203
64610 102200 4652
64485 101890 5398
64730 102386 4743
64718 102360 4590
64658 102270 3332
64642 102250 4200
64347 101670 3273
64676 102295 4856
64158 101488 4749
64229 101665 4960
64588 102107 4929
64184 101501 4906
64670 102371 4983
64645 102232 5113
64630 102229 3205
64612 102165 5040
64206 101588 4326
64400 101990 5001
64451 101853 5097
64062 101375 6462
64647 102162 5589
64615 102195 3410
64614 102111 5140
64594 102117 3943
64670 102327 3512
64686 102317 4769
64594 102121 4911
64161 101458 5282
64256 101671 3170
64619 102145 3288
64198 101598 5322
64616 102182 4709
64380 101902 3090
64650 102240 4964
64633 102216 4916
64447 101834 5431
64632 102219 3251
63942 101174 4285
64663 102220 4901
64637 102215 5321
64636 102186 3853
64661 102224 4755
63943 101140 4573
63941 101170 3988
64687 102337 5262
64654 102202 5647
64695 102334 4545
64221 101568 6075
64644 102211 4788
63892 101065 4690
64096 101406 3691
64675 102305 3331
64698 102371 4745
64555 102064 7583
64613 102164 5161
64614 102164 5702
63974 101185 5301
64631 102187 6345
64513 101955 7564
64628 102227 4898
64394 101711 4486
64709 102351 3042
64639 102208 5071
64605 102190 3795
64467 101703 3976
64620 102197 2994
64634 102228 4962
64571 102068 3140
64546 102007 5306
64645 102228 7338
64652 102237 4846
64307 101830 4646
64194 101703 3283
64062 101341 3734
64599 102134 7259
64585 102124 5964
64154 101627 4785
64675 102284 3627
64598 102173 5548
64674 102322 3226
64206 101358 4875
64407 101737 6040
64327 101745 3760
64287 101797 3501
