14158 19740 660
14431 20224 1025
14117 19548 1002
14010 19423 928
14056 19541 966
14388 20045 887
14696 20569 1098
14395 20103 1057
14200 19733 1087
13251 18374 936
14182 19731 687
14147 19563 1102
13727 19004 1038
14295 19829 730
14011 19652 986
14006 19589 940
14464 20235 1005
14509 20175 699
13954 19411 979
14397 20139 1062
14383 19990 1052
14056 19355 897
14510 20167 1050
13578 18938 904
14350 19913 874
14645 20447 1018
14408 20022 978
13995 19400 838
14898 20797 1091
14214 19899 766
14487 20215 1082
13163 18222 891
14617 20379 1093
14372 20173 873
14373 20159 731
12799 17516 670
13370 18570 757
14654 20383 1083
13955 19386 734
14375 20103 770
14370 19993 791
14180 19688 929
13435 18528 993
14107 19642 1001
14225 19737 1010
14388 20131 774
13953 19400 1164
14330 20037 1059
14433 20266 2925
14588 20343 1029
14605 20444 1141
14093 19548 1016
14529 20262 3573
14880 20815 3431
14837 20606 1142
14731 20582 1180
14399 20033 1055
14478 20222 779
14107 19582 1094
14236 19859 889
14421 20128 1086
14499 20337 1102
14634 20467 3573
14119 19623 1292
14319 19887 959
14299 19845 1038
14349 19904 1093
14521 20324 1127
14388 19886 997
14297 19951 1036
13611 18903 987
13927 19279 1186
14376 20060 729
13575 18875 1034
14565 20442 1094
14795 20731 1044
14715 20605 1026
14488 20185 731
14373 20056 1133
14003 19550 734
14474 20112 794
14143 19694 988
14369 20025 1134
14117 19488 1427
14148 19539 1039
14365 19861 1419
14001 19458 1107
12665 17469 1237
14257 19917 1108
13545 18802 943
14575 20333 1111
14625 20392 1266
14462 20242 1063
14789 20626 1143
14316 20004 1093
14546 20298 1159
14368 19951 1091
13968 19349 1026
13627 18969 894
14293 19931 1082
