33559 47217 2810
33423 46951 2442
33497 47091 1556
33530 47161 2681
33524 47183 2740
33545 47189 2286
33496 47128 2366
33558 47222 2354
33493 47087 2185
33534 47184 2516
33587 47284 2377
33302 46929 1615
33592 47267 2099
33118 46665 2112
33518 47120 2804
33563 47221 2870
33482 47106 3116
33306 46912 2476
33503 47109 2371
33476 47054 2334
33570 47262 2410
33512 47110 1517
33520 47150 2261
33501 47092 2205
33504 47140 1593
33548 47158 2296
33570 47202 2366
33479 47137 2253
33266 46889 2512
33455 47036 2464
33563 47226 3021
33456 47030 2266
33528 47149 2398
33271 46894 2543
33504 47089 2330
33556 47216 2415
33583 47227 2549
33273 46883 2543
32892 46489 2276
33536 47152 2545
33549 47235 3917
33571 47237 2459
33125 46654 2216
33557 47222 2425
33309 46925 2367
33571 47226 4955
33567 47260 2396
33553 47205 1628
33268 46903 2261
33559 47192 2236
33533 47148 1598
33515 47123 3325
33559 47223 2330
33153 46708 4784
33280 46870 2311
33498 47113 2469
33278 46898 2235
33537 47147 3527
33571 47282 1795
33511 47090 2649
33279 46909 6336
33533 47161 2359
33115 46610 2382
33542 47195 2394
33563 47240 2051
33540 47193 2441
33537 47147 1811
33322 46998 2249
33290 46925 2741
33319 46927 2251
33293 46921 1519
33565 47243 2360
33503 47098 3566
33518 47166 2303
33568 47279 2400
33543 47201 2243
33559 47196 2256
33263 46874 3255
33254 46857 1603
33168 46758 2340
33531 47195 2271
33249 46871 2499
33270 46886 2205
33456 47019 2359
33530 47145 2344
33479 47065 2681
33468 47017 2462
33477 47114 1596
33534 47150 1863
33551 47227 3482
33498 47114 2348
33098 46613 6205
33565 47245 2483
33514 47121 2771
33309 46986 2380
33245 46837 2259
33503 47117 1615
33523 47174 2162
33476 47033 1645
33536 47213 5494
