60537 95277 4954
60545 95376 5000
60477 95244 5017
60582 95455 5002
60534 95368 4742
60494 95386 4450
60628 95598 3803
60462 95180 8112
61099 96298 4901
61353 96780 5091
60480 95378 4670
60509 95197 5731
60584 95477 9905
60511 95313 4723
60380 95056 4126
60487 95261 2940
60481 95356 4331
60498 95284 3942
60466 95245 4816
60460 95292 5050
60545 95408 6158
60437 95246 3552
60423 95311 4610
60610 95455 4432
60699 95663 4882
60524 95251 4707
60491 95246 4792
60479 95172 4817
60993 96058 4961
60742 95783 4639
60536 95264 5643
60275 94988 4590
60457 95192 4380
60497 95245 4342
61190 96440 4675
60585 95417 7317
60514 95415 4401
60468 95202 4432
60543 95302 3007
60480 95217 4193
60629 95486 9262
60505 95305 4749
60522 95319 5170
60497 95279 4830
60435 95217 4436
60470 95260 4924
60418 95120 6422
60473 95294 7113
60470 95278 4755
60443 95168 4829
60476 95184 3440
60504 95221 3132
61256 96558 3075
60453 95212 4349
60563 95346 3370
60628 95515 4659
60451 95148 4515
60700 95672 4962
60463 95203 7361
60495 95287 3033
60556 95346 6842
60512 95255 3087
60518 95232 6531
60309 94979 3276
61190 96326 4640
60663 95694 5242
60609 95448 4412
61179 96366 4674
60983 96031 5020
61205 96433 4736
60539 95497 4607
60500 95425 6388
60540 95383 4644
60602 95457 5892
60579 95430 4510
60594 95522 3693
61182 96469 4829
60467 95433 4938
60453 95325 4578
60523 95308 4789
60940 95931 4993
60490 95187 4723
60498 95390 5685
60421 95184 5548
60596 95471 4518
60588 95427 4640
60461 95189 4529
60662 95645 4894
60519 95387 5254
60294 94981 4035
61158 96370 4587
60463 95194 3144
60599 95408 4735
60464 95250 3085
60675 95680 3069
61199 96423 5490
60437 95166 3104
60481 95264 3897
60669 95647 3046
60459 95183 4737
