26047 37599 1817
26067 37677 1800
25853 37250 1783
26091 37695 1402
26068 37605 1743
26058 37590 1605
26056 37665 1681
26051 37580 1839
26092 37659 1692
26066 37659 1870
26109 37675 1751
26084 37691 1691
26031 37557 1175
25856 37253 1727
26095 37704 1801
26049 37568 1772
26267 37994 1767
26198 37868 1801
26053 37578 1760
26075 37610 1700
26133 37688 1732
26054 37581 1135
26054 37606 1169
26054 37687 1188
26133 37685 1106
26059 37591 1921
26020 37548 3451
26024 37557 1749
26136 37688 1191
26027 37551 1714
25789 37180 1754
26078 37604 1767
26117 37767 1223
26102 37689 1124
26013 37530 1718
26075 37613 1715
26084 37611 1603
26054 37608 1141
26081 37607 1716
26083 37622 1796
26110 37746 1130
26108 37767 1531
26027 37604 1582
26104 37728 1547
26086 37652 2158
26093 37666 1747
26019 37541 1777
26086 37650 1677
26019 37544 4300
26077 37599 1812
26075 37627 1997
26087 37617 1706
25784 37175 1140
26014 37533 1213
26027 37552 1260
26082 37608 1356
26073 37610 1211
26086 37616 1680
26049 37579 1706
25795 37187 1622
26123 37732 1708
25789 37180 1200
26060 37603 1221
26066 37635 1672
26171 37833 1704
26018 37548 1937
26052 37599 1600
25810 37199 1485
26137 37750 1473
26099 37669 1595
26061 37580 1674
25799 37193 991
26080 37604 1730
26016 37550 1699
26087 37629 1677
25853 37250 1604
25797 37189 1761
26094 37664 1812
26083 37653 1786
26010 37532 1200
26026 37551 1522
26018 37541 1431
26093 37624 1679
26098 37631 1198
26062 37583 1164
26016 37538 1287
26091 37657 1291
26020 37540 1241
26089 37690 1219
26192 37758 1744
26071 37589 1771
26206 37794 1665
26062 37599 1743
26092 37636 1766
26015 37543 1703
25788 37178 1647
26029 37559 1866
26024 37549 1095
25792 37185 1695
26037 37556 1166
