91008 186065 9710
89902 184284 8180
89912 184325 7662
89304 182960 8794
90400 184399 8708
89416 182936 10044
90041 183630 8799
89915 184154 8250
89881 184189 9709
89905 184374 8739
89738 183978 6631
90151 184890 8733
90283 185211 5481
89973 184422 8714
89771 183939 8624
90248 185276 9838
90035 184667 9704
89818 184123 9829
89857 184416 11623
89851 184146 8149
90541 184814 6487
89810 183997 6112
91594 187810 8281
89966 184580 8161
89980 184496 14767
89959 184507 12242
89578 183504 5067
89787 183949 5444
87193 178371 7613
89916 184358 8134
89402 183181 6807
90056 184762 6844
89795 183943 13344
89834 184172 9317
89667 183597 8785
89846 184060 8327
89862 184298 8287
90396 185411 10171
90380 184534 12421
90652 184995 7731
90105 184620 8246
89328 182636 10172
90047 183768 8944
89897 184301 9251
89594 183515 9910
89148 182431 7231
90211 185003 8629
89934 184428 7310
90327 184248 5526
90183 184957 10247
90424 184856 7996
90089 184850 12813
90244 185227 9064
89906 183608 11716
89994 184772 5349
89882 184461 10766
89973 184605 9453
89622 183698 8393
89167 182639 8642
89986 184511 8501
90261 184263 9583
89996 184729 8250
89842 184116 9228
90857 185537 8756
89753 184035 8732
90043 184577 11911
89916 184298 8987
90021 184627 8810
89802 183854 9389
76445 156432 7258
90347 185508 8305
89793 184101 7804
90460 184754 42490
89914 184253 16889
89605 183484 10419
90193 185046 8474
89844 184116 8686
89652 183755 11220
89327 183011 16853
89781 183516 7150
89899 184449 8247
90122 185053 13808
76486 156516 11968
90356 185390 8496
89805 184034 8014
89978 184623 8925
90110 184873 6396
91017 186391 8208
90404 185475 10435
90462 185660 8340
89915 184264 8756
90067 184652 7660
89524 183476 7787
89818 183428 7210
89320 182983 8482
90554 185907 9957
90207 185027 11171
89863 184302 11420
90369 185520 14154
90323 185399 8020
