47919 75760 3553
47956 75869 3025
48122 76090 3381
47937 75842 6373
48002 75898 3300
47946 75818 3507
47994 75925 3628
47810 75530 2879
48132 76056 2820
47951 75850 3396
48094 76060 2296
48302 76348 5201
48155 76063 2289
47817 75559 5717
47829 75555 2464
48139 76156 2436
47958 75835 3483
48162 76061 3762
47969 75870 2323
47934 75802 3424
47943 75848 6841
47940 75880 4601
48197 76148 3340
47962 75863 3336
47947 75851 3547
48170 76124 3915
47932 75779 3566
47941 75777 6893
48100 76132 4284
47983 75912 3327
47810 75507 2773
48001 75893 3513
47976 75818 2438
47940 75863 3527
48135 76127 3269
47929 75827 3446
47813 75540 3457
47964 75922 3258
48051 75993 3411
47944 75855 3516
48035 75952 3555
48170 76132 3317
47805 75491 3430
47944 75846 2313
47978 75943 3280
47945 75723 3424
48300 76354 3594
48135 76008 4122
47916 75830 3638
47966 75842 3523
47909 75790 3696
48346 76399 3646
47835 75574 3851
48115 75992 3820
47827 75605 2511
47927 75803 3813
47957 75882 3226
48223 76220 2182
48075 76003 3431
48125 76072 2301
48112 76095 3433
47952 75870 3329
47942 75823 3509
47918 75774 3796
47975 75751 2475
47706 75337 3361
48016 75948 3709
47971 75866 2193
47939 75800 3945
48170 76138 4260
47970 75806 3509
48290 76302 4054
47965 75815 2605
48170 76149 3953
47807 75528 2866
47925 75801 3350
48113 76079 3959
48345 76371 3945
48128 76077 2392
47995 75880 3499
47808 75494 2520
48313 76353 3713
47944 75829 3839
47927 75811 2910
47998 75922 4006
48188 76150 4070
48167 76120 3827
48289 76320 2414
47941 75798 3258
48060 75890 3375
48224 76174 3691
47951 75843 5252
48289 76322 3687
48127 76118 3708
48010 75834 2565
47949 75835 2191
48089 76086 3600
48050 75979 3525
47930 75784 5381
47954 75761 2376
