58970 89303 4118
59100 89317 4309
59336 89898 5360
59269 89794 4588
59592 90156 8415
59159 89706 3025
59326 89889 4290
59275 89632 3904
59580 90138 4355
59364 89965 7577
59344 89914 3221
58966 89347 4940
59336 89894 4230
59288 89879 4922
59314 89908 3566
59298 89853 4458
59330 89894 2847
59073 89396 4798
59008 89364 4306
59468 90090 4337
58992 89338 4303
59320 89911 4289
59368 90024 4172
59668 90252 4476
59322 89903 3863
59649 90232 4993
59217 89689 5157
59040 89374 7863
59285 89878 6644
59287 89865 4378
59376 89949 3026
59333 89888 4502
59397 90025 4884
59347 89923 6321
59377 89979 6149
59396 90023 4647
59686 90322 3654
59363 89967 3310
59316 89875 6014
59053 89403 6685
59309 89899 7888
59339 89922 3020
59316 89865 6928
59345 89932 5484
59309 89851 5015
59292 89840 5039
59005 89335 4072
59398 89972 2979
59385 89984 4922
59325 89872 3607
59653 90259 4599
59315 89666 6654
59269 89833 4478
59581 90138 5337
59331 89940 4454
59710 90320 3883
59287 89840 4291
59291 89945 4929
59327 89945 2818
59308 89634 4864
59077 89450 4729
58967 89286 4302
59363 89949 3082
59308 89875 4793
59401 89865 4386
59507 90097 2906
59588 90205 6220
59330 89892 3021
59334 89899 3533
59569 90117 2945
59025 89388 6942
59365 89990 2995
59319 89881 4658
59359 89885 4967
59206 89473 4668
59561 90118 2676
59291 89844 4300
59345 89931 3256
59335 89901 3473
59154 89634 4340
59548 90155 4266
59285 89832 3386
59059 89559 4160
59375 89985 3587
59187 89726 6976
59293 89852 7926
59267 89806 4561
59317 89892 4377
59144 89510 4227
59307 89861 4820
59035 89345 7962
59155 89650 5139
59335 89901 4161
59063 89409 7788
59341 89925 3446
59326 89911 7843
58976 89294 3775
59247 89725 4678
59662 90296 3243
59409 90026 4149
