60073 121804 5566
59365 119853 6825
50853 102896 4647
58509 118001 5940
59212 119713 5886
60718 122718 7660
58695 118706 5584
59120 119503 5930
60001 121659 8653
59042 119416 5732
60517 122312 6081
50863 102664 4718
59114 119646 5347
58357 118379 4108
59014 119628 7429
60062 121507 3714
59001 119209 4252
59781 120929 3581
58270 117372 5592
58250 117306 5824
57777 116858 4254
58756 118696 5325
59974 121409 6697
59274 120182 4361
59182 119973 5506
59463 120124 5000
60503 122940 7304
58794 118934 5565
59674 120774 5449
59308 120101 8844
59535 120383 5495
60337 122191 5350
60066 121769 6071
60089 122027 5001
59493 120200 6140
59366 120143 4859
60318 122046 3527
55938 113090 3723
58665 118672 4465
60647 123003 4377
59657 120186 3393
59157 119993 5610
57277 115755 5456
59275 119988 3860
58932 119144 5757
58913 119177 6045
59695 120677 5955
59633 120799 3835
56937 114671 5254
58997 119428 5444
59365 120020 5366
59279 119702 5598
60991 124210 3643
58955 118848 3701
59051 119182 5715
59876 121332 5517
59562 120602 3848
58173 117897 5436
60485 122770 6020
58794 118754 7157
58392 118055 7960
60095 121835 6778
59130 119528 5780
50542 101784 2987
58805 118866 6006
50308 101310 8145
59358 120134 6048
60634 123165 5578
59716 121035 6090
58949 118925 5319
55789 112658 5515
58919 119107 6349
59297 119720 3700
59158 120003 5580
59467 120225 6042
60061 121568 5527
60101 121469 6983
60240 122136 6500
59583 120948 9204
59577 120901 8521
59223 119864 5751
59354 120373 6047
59406 120282 5909
60188 121766 5365
60432 122398 6043
60179 122146 6293
60456 122398 3764
59520 120450 5715
60524 122980 5314
59313 120042 5776
59279 120366 7493
54665 110145 5278
60228 121730 6553
60143 121956 4030
58361 118067 7071
59097 119393 5443
59893 121260 3962
58030 117363 4454
60182 122167 6249
58622 118737 4212
