14990 31225 1020
13982 28956 1334
13701 28211 1362
14170 29122 1399
12280 25204 1005
14296 29484 1365
14374 29776 1413
14747 30474 1882
14101 28941 1252
14505 30049 1475
14615 30292 1436
14564 30232 1528
14625 30320 1391
12337 25233 5332
13756 28430 1214
12899 26388 1320
14563 30151 3220
14420 29833 1445
14359 29655 1598
14248 29281 1436
14738 30477 1414
11821 24238 845
14331 29594 934
13992 28817 1771
14740 30565 1289
14613 30253 1403
14373 29773 4216
12495 25736 1251
14535 30136 1673
14192 29294 1365
14509 30033 1494
14596 30439 1590
14287 29570 1368
14583 30167 1402
13335 27387 1359
13329 27310 1355
14919 30979 946
14488 29822 1744
14490 30238 1360
13795 28257 1351
14067 29122 2760
14711 30482 1488
14531 30085 1448
12571 25866 1308
14429 29986 1362
12372 25411 790
14361 29869 1288
14058 28954 1363
14274 29558 1378
13628 28156 1251
14486 30056 1386
14326 29672 1044
14326 29734 1062
14890 31054 1162
14709 30385 1277
14248 29261 1310
14973 31118 2990
13857 28465 993
14804 30818 1436
13729 28092 1540
14332 29543 3280
14487 30039 1556
12142 24704 1195
14618 30240 1502
14120 29200 1481
14506 30045 1400
13884 28638 1529
14754 30650 1534
13451 27549 1369
14848 30814 1655
14399 29838 1504
14802 30700 1360
14192 29221 1354
14535 30101 1443
14474 29912 1422
14186 29203 1255
14220 29317 1464
14088 29137 969
14493 29910 1493
14679 30487 1551
13948 28636 1457
14582 30208 1374
14916 31043 1021
14961 31175 1590
14353 29367 1399
14528 30066 942
14032 28939 1396
14635 30262 997
14697 30468 1412
14449 29841 1624
14664 30475 1459
14191 29315 1420
14779 30665 1433
14188 29264 1382
14676 30358 1524
14547 30202 1183
14526 30204 1044
14593 30147 1416
13933 28647 1284
14205 29217 1371
