36144 55167 3574
36257 55270 2667
36058 54970 2675
35759 54584 2843
35899 54679 2538
36171 55231 2930
35929 54738 2395
36166 55170 2594
36278 55407 1722
36085 54974 2552
36407 55489 3843
36289 55418 2664
35885 54678 2546
35901 54714 7645
35960 54840 2578
35946 54815 1576
35879 54673 2368
35882 54677 2540
36179 55202 2811
36181 55153 2467
36231 55253 2497
36060 54951 2227
36242 55263 1774
36018 54860 2769
36018 54912 2635
36252 55288 2696
35799 54678 1648
35890 54669 2272
35986 54802 2452
35961 54844 2845
35904 54676 2684
36176 55196 2541
36082 54971 2350
35831 54653 3956
35971 54853 2733
35901 54695 3066
36230 55253 2491
36267 55286 6962
36338 55475 2811
35971 54858 6427
36058 54967 6265
35954 54828 2706
35966 54864 2510
35903 54697 2564
36425 55592 1993
36025 54921 2724
36440 55678 2675
35961 54765 2500
35928 54737 2667
36158 55153 2300
35946 54774 2419
35906 54716 3510
36267 55370 6472
36165 55170 2419
35885 54683 1727
36320 55410 2573
35897 54707 2264
36135 55154 3145
36090 54990 2642
35827 54694 1830
36301 55408 2584
35962 54848 2582
35963 54762 2539
36154 55144 2416
36108 55063 2515
35904 54710 1687
36171 55206 2914
36020 54983 3065
35959 54851 2480
35979 54781 3363
36260 55357 2457
36169 55188 2624
36283 55298 3080
35896 54804 2621
35912 54707 1779
35909 54737 2787
36321 55397 4963
35742 54547 2925
36024 54909 1823
35984 54876 2817
35897 54674 2544
36103 55082 3299
35936 54790 5726
36397 55442 3463
36102 55060 1828
35964 54762 2713
35970 54871 2716
36416 55492 2893
35920 54826 2726
35901 54680 2756
35914 54720 2666
35972 54855 2104
35885 54680 8335
36141 55181 2923
35939 54753 2218
36139 55141 2582
36196 55297 2603
35989 54802 2417
35969 54785 2474
36055 54899 2256
