18251 37706 1191
19511 40510 1817
19559 40637 1897
18398 38152 1721
18303 37897 1818
17991 37120 1602
18273 37818 1670
18329 37990 1580
18360 38110 1187
19842 41475 1321
18276 37799 1517
19549 40642 1971
19657 40862 1815
19903 41550 1712
19786 41090 1857
19595 40793 1519
18279 37846 1612
18376 38152 1304
18315 37938 1603
19997 41816 1748
19772 41380 1709
18425 38288 1674
19821 41202 1140
18287 37946 1597
20196 42095 1758
19543 40608 1736
20234 42263 2994
18245 37727 1212
18248 37760 3431
19939 41704 1713
18244 37702 1353
18219 37751 1154
18296 37914 3109
18265 37740 1771
18248 37705 1778
19792 41295 5009
18377 38077 1775
18322 37948 1586
18254 37785 1697
19481 40457 1949
19610 40731 3841
19515 40547 1903
18340 38035 1813
18317 37880 1840
18384 38142 1539
18258 37805 1221
18336 38090 1390
18315 38000 1632
19521 40573 1895
18224 37702 1212
18231 37658 1759
18257 37757 1674
18369 38109 1612
18338 37957 1663
18372 38103 1895
19813 41258 1150
18185 37601 1891
19845 41558 1855
19491 40470 2039
18258 37751 1765
19842 41486 2342
18288 37848 1226
18315 37952 1670
19943 41729 1688
18197 37579 2281
18254 37723 1248
18259 37787 1636
18284 37800 1641
20018 41881 1881
18273 37795 1990
18238 37736 2360
19840 41422 1752
18317 37955 1123
18296 37869 1831
18310 37905 1723
19733 41149 1852
18329 37951 1647
19967 41582 1762
18249 37696 1566
20136 41906 1263
18313 37935 1544
18346 38006 1768
18438 38305 1532
18248 37709 1130
19762 40822 1168
19483 40464 1781
18251 37713 1140
19990 41812 1328
18235 37744 1545
20008 41778 1954
19518 40516 1765
18261 37759 1633
19409 40409 1813
18410 38265 1793
19475 40413 2667
19733 40828 2062
19955 41653 1183
19423 40343 1855
19788 41263 2393
20096 41959 2000
