84749 108683 5702
85015 108735 4680
85341 109672 5290
84540 108261 4680
84911 108715 15266
84800 108610 5699
85716 110068 4088
84740 108596 6188
84867 108876 5631
84649 108360 4064
83433 106689 5854
84589 108184 5704
84298 107867 12758
83960 107266 5907
85080 108895 5550
84386 107804 5661
84620 108396 8429
80490 102772 5632
84759 108781 9767
86611 111429 8326
84949 108564 12900
85507 109416 5482
84489 108382 5708
85098 109017 8249
85695 109881 9365
85550 109559 5967
85006 108777 7688
85159 109160 7239
85273 109089 4100
84138 107721 16713
84831 108814 4313
84925 108718 5549
84762 108368 5732
85023 108962 5820
79966 102195 9751
85370 109259 5533
84973 108967 7471
84649 108448 6680
84384 108145 5482
85767 109888 7763
84294 107940 5400
84727 108263 6044
84384 107693 4975
85347 109308 4990
85240 109324 5336
84857 108492 7232
84796 108648 5458
84950 108625 11043
84581 108313 3937
84126 107343 6678
85279 109216 8749
84999 108820 9556
85012 108716 5879
84882 108639 15384
84856 108681 5957
85734 110007 14507
84539 108422 12195
84291 108043 14025
85823 110411 5470
83679 106683 5650
84807 108789 5686
84978 108838 5276
84693 108373 5973
84004 107410 6178
85155 109269 6357
85638 110027 5663
80917 103480 5741
85206 109259 5303
84371 107995 5177
79777 101707 6671
85546 109573 5247
85929 109984 5741
85533 109780 5966
85141 109061 4388
84374 108004 5173
84557 108263 7010
84133 107671 20318
86160 110506 9347
84541 108192 5402
84371 107915 5986
84075 107624 5395
85490 109861 11065
84859 108759 5811
84992 108662 4757
84041 107539 6252
85100 109169 5366
85573 110003 8866
85223 109444 5235
80592 103321 6067
85279 109128 5035
84956 108812 5846
84754 108360 5406
85278 109347 4728
84474 108155 5012
85411 109503 5760
85367 109557 5300
85343 109192 6504
85020 108837 5962
84562 108162 4532
84327 107777 5410
