15488 32468 976
15493 32458 1528
15492 32495 1513
15496 32468 1594
14828 31249 1865
15443 32321 1105
15504 32536 1623
15526 32638 958
15496 32520 1479
14894 31422 1550
15619 32880 1753
15478 32441 1552
15480 32423 1395
14769 31021 1331
15594 32806 931
15200 32000 1352
15495 32496 2990
14792 31140 1463
15527 32641 1072
15582 32823 1392
15607 32832 1362
13188 27549 1401
15600 32825 1591
14981 31245 1459
15507 32496 1118
14802 31143 1479
15497 32483 1581
15522 32562 964
15504 32503 1555
14781 31049 2189
15500 32491 4880
15566 32685 1390
15521 32612 1478
15470 32374 1334
14786 31105 1252
15594 32843 1541
15501 32525 1038
14909 31448 1455
15564 32739 1486
15542 32610 1475
15521 32579 1473
14806 31133 1757
14788 31121 1505
14762 31084 1419
15129 31642 1539
15491 32465 1436
15497 32490 1230
15522 32615 1485
15552 32669 1459
15493 32452 1314
15513 32551 1510
14625 30690 1467
14846 31280 1444
14754 30990 1348
15408 32366 1293
15477 32431 988
15459 32362 1473
15518 32551 1511
15499 32483 1370
15477 32437 1370
15609 32843 1361
15591 32817 1307
15486 32442 1536
15517 32573 1561
15484 32436 1326
15615 32860 943
15521 32622 1462
15417 32272 1515
15499 32555 1418
15385 32251 1344
14807 31126 1387
15500 32559 1992
15505 32494 1149
15515 32532 1234
14928 31502 1289
15526 32570 999
15503 32519 1527
15831 33348 1487
15509 32535 1466
14978 31242 2058
15535 32588 1300
15488 32465 1063
15503 32503 1513
14726 30935 1308
14974 31488 842
14787 31107 1378
15525 32628 1452
14947 31161 1366
15579 32749 1361
15322 32060 943
15492 32494 1418
15481 32446 1440
15496 32472 1466
15472 32418 1562
15488 32489 1316
14740 31005 1037
14783 31144 1398
15500 32531 1373
15663 32971 1467
15513 32531 1443
