52773 75823 3070
52908 76059 3723
52922 76095 3898
52885 75997 3824
52945 76090 3627
52897 76013 2902
52829 75922 4273
52939 76097 3656
52810 75942 3464
52929 76052 4270
52880 76000 4027
52906 76046 3605
52792 75919 3785
52802 75873 4302
53034 76181 3073
52829 75919 3966
52875 75962 3653
52816 75910 3900
52797 75894 3001
52948 76076 3810
52908 76023 3947
52878 76004 3741
52730 75811 3687
52702 75833 3126
52835 75926 3799
52922 76075 3824
53009 76108 3858
52913 76060 4080
53090 76257 3433
52838 75932 3629
52892 76020 4146
52830 75985 2654
52942 76078 3275
52873 75973 4120
52821 75941 4375
52871 76007 3306
52824 75935 4329
52773 75884 4172
52943 76119 5792
52910 76047 3550
52813 75913 10397
52917 76064 3842
52779 75848 3784
52933 76052 4072
52852 75991 3680
52818 75929 2668
52836 75978 3705
52813 75927 3555
52916 76060 2500
52895 76042 3622
52875 75944 7919
52947 76083 4596
53073 76224 4172
52786 75945 3635
52194 75019 3643
52918 76077 3094
52801 75919 5922
52943 76070 3598
52916 76058 4251
52251 75076 8926
52878 75946 4052
52842 75925 12049
52917 76013 2919
52805 75882 2471
52831 75961 4191
52916 76062 7461
52851 75964 4687
52680 75776 4321
52900 76013 10171
52433 75397 3706
52174 74977 3503
52923 76041 3592
52844 75958 2336
52906 76050 3625
52907 76047 4274
52770 75880 3615
52925 76079 8495
52276 75120 3810
52947 76073 3939
52612 75635 4140
52901 76045 3846
52849 75969 3707
52865 76009 2562
52910 76055 3602
52740 75805 4066
52893 76068 3956
52891 76023 3472
52913 76053 3949
52860 75957 3981
52243 75088 3691
52768 75843 4115
52913 76072 3901
52909 76060 4377
52917 76025 2649
52883 75996 4290
52908 76024 3938
52845 75968 2571
52857 75980 3731
52862 75975 2437
52891 76068 2681
