50917 71541 3537
51615 72401 3461
51086 71754 3292
51067 71796 3166
50921 71587 3384
50926 71572 3497
51095 71792 3333
51432 72069 2050
51477 72320 2585
51611 72329 3187
50911 71600 2371
51431 72063 2744
50620 70871 2525
51032 71737 2483
50967 71664 3216
51408 72113 3715
50930 71772 3130
50895 71527 6704
50914 71594 4047
51419 72132 2789
51588 72393 3351
50925 71581 3336
51606 72288 4996
51088 71837 3307
51695 72432 3805
51654 72508 3139
51036 71745 2182
51068 71804 4082
51771 72483 3502
51624 72403 3353
51085 71784 5500
51007 71720 3500
50963 71623 3484
50921 71666 3183
50872 71289 3427
51199 71704 3022
50917 71588 3429
50871 71308 2423
51367 71908 3504
50958 71756 3406
50966 71627 2988
51648 72342 6967
50965 71669 3462
51071 71778 3469
50949 71734 4455
51024 71725 3885
50655 71162 3006
50934 71632 3205
51422 72142 3592
50877 71493 3373
50920 71581 3327
51429 72169 3253
50908 71709 7864
50861 71466 10460
51300 71904 6263
51228 71762 4092
50805 71214 3073
51579 72322 8897
51038 71823 3750
51762 72573 3622
51719 72546 4079
50764 71124 3355
51740 72474 3260
50995 71694 3215
50614 70846 3618
51041 71794 2142
51661 72445 2705
50997 71691 2602
50985 71718 2673
51005 71728 3202
51255 71683 4056
50917 71537 5633
50960 71658 3357
51534 72275 3637
50957 71687 3503
50944 71657 3444
51581 72211 6512
50898 71609 3441
50995 71702 2335
50912 71606 3670
50921 71613 2199
51520 72315 6097
51026 71771 3172
51050 71803 2297
51111 71840 3505
50993 71688 4540
51660 72361 3623
51135 71800 9640
50995 71721 3446
51092 71830 4021
50918 71648 3209
51020 71756 3283
51464 72109 3576
50933 71646 3411
51589 72313 3272
50922 71647 3504
51431 72179 3421
51590 72246 3823
51111 71823 4655
51653 72336 4479
