29266 46380 2138
29153 46252 2240
29161 46255 2232
29201 46306 1580
29121 46142 2222
29141 46138 2214
29178 46244 2412
28966 45917 2317
29265 46380 2364
29102 46054 1435
29064 46045 2046
29201 46298 6142
29251 46336 2458
29151 46269 2623
28967 45881 1525
29163 46302 2216
28976 45895 3855
29096 46073 2406
29174 46309 2328
29216 46260 1524
29109 46082 2281
29201 46305 2396
28963 45887 2317
29139 46206 2275
29083 46061 2313
29149 46172 2327
29107 46093 2336
29245 46365 2284
29147 46188 2273
29205 46247 2571
28922 45715 2284
29167 46193 5692
29245 46418 2377
29039 46059 2228
29149 46171 2175
29044 46011 2414
29169 46258 2192
29122 46186 1661
29282 46477 1546
29116 46141 2295
29254 46366 2235
29150 46267 3566
29269 46491 2361
29104 46082 2309
29225 46414 2118
29135 46229 3607
29093 46147 1590
29224 46407 1475
29163 46289 4425
29043 45976 2267
29078 46054 2438
29129 46160 3311
29174 46344 2242
29244 46310 2314
29148 46178 2620
29062 46027 2769
29132 46183 6014
29167 46288 2466
28893 45691 2224
29015 46038 2270
29053 46011 1578
29257 46359 2356
29016 45984 2459
29119 46188 1545
29251 46354 2325
29092 46069 2051
29078 46030 5627
29170 46227 2227
29171 46220 1816
29107 46166 2210
29150 46181 1483
29086 46059 1994
29224 46390 1668
28974 45882 2144
29176 46292 4343
29090 46035 2122
29169 46212 1410
29083 46067 2252
29072 46033 1589
29122 46122 2292
29126 46105 1435
29046 46019 2024
29079 46020 1543
29223 46348 2193
29157 46270 2199
29144 46211 1443
29238 46307 1950
29274 46453 2289
29103 46065 2003
29174 46326 1587
29027 46036 2277
28998 45960 1589
29102 46076 2248
29138 46239 1985
29136 46184 1519
29042 46013 1425
29072 46018 2237
29146 46215 2154
29156 46270 2340
29140 46244 2186
