43531 61143 2307
43675 61323 2049
43610 61302 2753
43540 61141 2514
43626 61224 1791
43877 61526 2238
43519 61130 3057
43447 60966 2091
43512 61104 2686
43476 61037 2811
43546 61151 1704
43551 61140 2697
43521 61087 2617
43530 61109 2655
43940 61645 1926
43593 61196 2951
43514 61135 2814
43570 61187 2896
43534 61117 1989
43580 61239 2699
43559 61125 1946
43666 61293 2769
43570 61205 2558
43814 61456 2560
43451 60951 1850
43517 61128 2602
43433 60937 1851
43895 61547 2695
43761 61302 2500
43506 61078 2750
43656 61321 2651
43516 61116 2575
43511 61123 2500
43654 61299 2576
43486 61061 1752
43565 61167 2886
43563 61168 2298
43570 61268 3143
43495 61067 2359
43543 61195 2884
43500 61096 2756
43516 61082 2713
43526 61120 2687
43449 60948 2714
43791 61422 2667
43555 61214 2663
43540 61133 2570
43520 61114 1676
43514 61097 2668
43476 61025 2615
43499 61104 1722
43560 61172 2158
43576 61253 2618
43528 61042 2746
43746 61302 2772
43491 61008 2723
43500 61056 2696
43568 61211 2749
43559 61143 2697
43578 61197 2767
43450 61000 1821
43816 61427 3304
43498 61041 2745
43519 61083 4900
43605 61280 2763
43555 61175 2886
43585 61204 2746
43091 60636 2610
43547 61170 1898
43566 61102 2515
43506 61066 1734
43114 60666 1708
43506 61089 1966
43546 61209 2414
43556 61177 1787
43888 61591 2772
43564 61101 2520
43682 61263 2817
43535 61143 2772
43461 60991 2861
43492 61043 2982
43808 61302 2973
43526 61159 3128
43510 61078 1866
43576 61212 3108
43555 61158 2680
43682 61285 2976
42842 60244 2667
43871 61403 2773
43780 61373 2910
43537 61120 2777
43620 61278 2654
43777 61386 3204
43595 61284 2656
43594 61235 1808
43526 61145 2870
43569 61206 3311
43592 61179 2037
43488 61095 1763
43607 61253 5556
