40036 67057 3239
39664 66288 3165
38896 65126 3085
40139 67365 3583
40201 67503 5369
40098 67165 3384
38870 65087 3156
39319 65761 3082
38877 65105 3022
39134 65343 2856
39867 66825 2996
37947 63431 2899
40188 67190 6662
38819 64978 3098
40114 67320 3111
39699 66309 3241
38838 65003 3563
38903 65131 2988
39990 67078 2923
39041 65433 1881
39451 65999 2168
39686 66273 3321
39997 66916 3076
38814 64941 2000
38783 64814 1916
38833 65007 2109
38913 65109 2442
38805 64953 2662
38900 65156 2846
39372 65977 3350
38929 65150 1909
38372 64303 1885
40318 67466 2120
38789 64825 2997
39970 67072 2893
38917 65106 3137
38780 64850 2989
39725 66544 3583
39055 65450 2862
38922 65163 4253
38428 64420 3089
39373 65978 3130
39802 66415 3360
38845 65007 3100
39943 66836 2342
38033 63586 3144
39019 65410 3110
39856 66853 3729
38796 64918 3348
40073 67264 3256
40231 67469 3567
39966 66822 3330
39280 65696 3146
39369 65834 4657
39218 65717 3044
39758 66548 2879
40135 67400 3176
39377 65968 3114
38762 64804 2909
38906 65118 3023
39155 65536 2941
38822 64952 3071
38875 65113 2012
38818 65004 2159
40324 67456 2941
39399 66031 1978
39041 65292 2974
38731 64733 3272
39205 65724 1988
38936 65219 2311
39792 66457 3044
38877 65092 3270
38831 65012 2958
39013 65442 3076
38792 64911 1960
39872 66905 3454
38896 65151 2967
38801 64981 2915
39822 66525 3115
38866 65103 3657
39691 66317 3484
39079 65401 3073
40045 67202 2404
40193 67271 3296
39758 66632 4556
39853 66658 4492
38836 65010 3132
39368 65973 3103
38864 65056 3316
39143 65385 2125
39349 65938 2871
38822 65016 3161
38798 64935 4530
39256 65761 6339
39817 66503 6898
38831 64978 3083
39435 65939 3283
38879 65085 2007
38860 65050 3590
40057 67204 3229
