15094 31551 1421
15189 31789 1455
15124 31668 1508
14755 30813 1477
15052 31481 1525
14742 30773 1554
15237 31934 1078
15083 31551 1690
15276 32135 1524
15090 31494 1386
15171 31785 1492
15235 31948 1477
14933 31192 1367
15205 31875 4836
15247 31975 1595
15133 31660 1508
15236 31939 1362
15071 31646 825
15237 31905 1392
15139 31728 1011
14780 30867 929
14763 30817 1050
15120 31671 1614
15063 31433 1339
15158 31812 1527
14767 30873 925
15207 31907 935
15276 32048 991
15167 31793 1417
14775 30828 1361
15194 31851 2090
15199 31862 1813
15177 31762 1453
15114 31657 1472
15244 31987 968
15134 31714 1430
15199 31916 1434
14910 31131 918
15219 31938 1373
15228 31908 1345
15240 31914 1549
15297 32068 1100
15139 31779 1444
15138 31733 1499
15268 32052 1563
15112 31760 1590
15093 31624 1558
15075 31607 1497
14866 31097 1578
15125 31689 1560
14868 31068 1324
15066 31504 1624
15091 31626 1628
15108 31650 1452
15054 31470 1463
15165 31797 1626
14857 31106 1512
14805 31003 1552
15164 31810 1602
15048 31472 1486
14873 31024 3285
15204 31839 1479
15124 31656 1037
15152 31782 1562
15006 31468 4326
15220 31929 1794
15075 31565 3956
15107 31631 1551
15113 31643 1859
15153 31813 1161
14901 31106 1554
14784 30815 3995
15187 31786 1489
15234 31932 1602
15218 31911 1490
15161 31853 1573
15224 32007 1508
15144 31665 1472
14908 31158 2835
14893 31101 1839
15165 31764 1612
15129 31630 1374
14768 30825 1109
15212 31852 971
15141 31736 1488
15068 31511 981
15097 31629 1430
15199 31859 1399
15047 31447 1215
14784 30904 1219
15137 31705 1341
14760 30787 888
15122 31660 1008
15106 31579 5361
14996 31347 941
15111 31638 2047
15063 31472 1096
15124 31697 1840
15218 31970 872
15249 31969 1134
