15333 23274 1173
15461 23423 1333
15370 23316 1102
15204 23014 1451
15311 23260 1082
15388 23348 892
15411 23392 1440
15440 23332 1277
15381 23366 1126
15385 23345 1404
15215 23184 1131
15426 23371 1211
15411 23389 850
15368 23318 3816
15385 23334 1174
15389 23351 1245
15348 23290 857
15334 23267 1235
15410 23388 1097
15318 23251 1188
15398 23378 1238
15400 23382 1174
15291 23303 1418
15386 23356 1061
15395 23376 1049
15399 23263 884
15359 23293 1116
15396 23375 1105
15261 23241 1176
15352 23357 1120
15382 23373 1266
15374 23327 1107
15303 23162 1129
15371 23323 1108
15419 23391 1220
15180 23119 1216
15251 23216 1062
15374 23321 1299
15361 23287 1140
15392 23368 1341
15493 23488 916
15264 23242 1233
15317 23237 1246
15259 23192 1183
15463 23426 1234
15373 23341 1257
15448 23395 1240
15394 23367 1240
15408 23388 1208
15394 23363 1278
15363 23301 1117
15404 23346 1300
15221 23210 3749
15324 23240 1174
15318 23240 1160
15395 23323 1151
15457 23438 1149
15311 23278 813
15315 23233 846
15364 23297 788
15458 23329 1212
15289 23315 1136
15295 23144 1079
15297 23299 1101
15262 23242 1083
15445 23491 1168
15412 23389 755
15376 23328 782
15186 23109 733
15387 23389 1057
15327 23268 1087
15378 23340 1074
15421 23348 1140
15327 23258 1111
15388 23368 866
15386 23355 1195
15381 23332 1237
15249 23227 1133
15332 23272 893
15384 23346 1230
15429 23431 847
15399 23383 1568
15385 23339 1319
15397 23393 837
15374 23345 1069
15422 23422 1129
15442 23418 996
15392 23357 741
15094 22910 1130
15467 23370 875
15361 23305 855
15391 23380 1148
15436 23484 1189
15493 23493 1113
15299 23167 1171
15381 23329 772
15396 23368 808
15313 23232 824
15294 23300 951
15316 23247 3610
