51821 71553 2533
47777 65633 3267
51305 70633 7450
51352 70664 3935
50980 69976 3456
51443 70973 2355
51508 70933 2752
51134 70369 2325
50851 70039 2363
50773 69807 2339
51608 71067 3659
51326 70675 4150
51194 70566 3478
51748 71426 3495
51349 70752 3001
51534 70889 3353
51641 71136 3407
51372 70571 3509
52022 71891 3613
52159 72107 3624
51026 70074 2616
50988 70078 3112
51978 71597 2566
52000 71981 2499
51695 71232 3887
51756 71251 3477
51702 71430 3596
51552 71040 4941
50763 69472 4497
51637 71187 3692
52050 71865 6184
51775 71522 3947
50653 69822 3866
52132 71889 3456
50898 69805 5326
51193 70390 2448
51252 70345 3021
51714 71443 3739
47706 65422 4308
50508 69350 3694
51326 70972 3588
51254 70713 3695
48149 66157 2694
50971 69996 3417
51471 70709 3137
51496 71067 3474
51028 70117 2946
50831 70049 3463
51684 71187 4186
51864 71575 3816
50228 68931 4367
51102 70332 2494
51281 70487 2491
50538 69392 3534
51557 70899 3590
50723 69586 3860
51095 70335 3473
50747 69679 3760
52080 71793 2174
51460 70793 3188
51011 70042 4126
51365 70630 3773
51511 71035 5137
50703 69599 3490
50995 70136 3755
51627 71288 5562
51281 70679 3616
50736 69650 3561
51264 70529 4327
52031 71715 3730
51408 70809 3462
51303 70711 3365
51404 70663 3820
51411 70731 3275
50575 69338 3808
51630 71312 6522
51463 70817 6721
51222 70454 3788
51850 71556 3785
51318 70785 2496
51485 70985 3735
51261 70603 7751
50535 69114 3922
48322 66326 5950
51126 70155 2481
52281 72106 3874
52228 72004 3947
51918 71622 3342
51385 70609 3554
49671 68292 3169
51781 71491 3720
51811 71253 3727
50344 69184 2449
51295 70764 3689
51765 71207 4700
51248 70365 2346
50296 68997 3750
50907 70091 2441
48801 67211 3906
48622 66737 3524
