12159 25657 1166
11876 24953 1135
12097 25438 1236
12096 25431 1085
12144 25579 1065
12128 25546 1196
11740 24548 1110
12318 25920 1035
11831 24828 768
12093 25428 827
12109 25478 958
12100 25433 1022
12276 25775 1135
11923 24980 583
11878 24944 966
12217 25685 1260
12261 25773 1182
12223 25760 1242
12115 25449 1185
12246 25794 1382
11883 24933 1219
12151 25600 689
12060 25366 1048
12136 25565 824
12106 25466 1169
12050 25306 1201
12201 25695 791
12239 25722 771
12127 25549 829
11906 24940 745
12119 25609 802
12092 25354 885
12143 25542 1091
12261 25630 789
12100 25477 1115
12121 25504 797
11838 24856 1103
11805 24792 743
12044 25301 769
11951 25246 1122
12099 25453 1148
12114 25497 1072
12037 25254 1101
12168 25541 802
12087 25428 1044
12077 25400 1192
12123 25396 756
12096 25499 1175
12257 25813 1137
11954 25140 1057
12049 25304 903
12174 25663 1162
11908 24997 1126
12096 25431 1200
11917 25063 1057
11880 24981 921
12261 25879 989
12113 25493 785
12389 26127 1156
12077 25401 843
12195 25577 1081
11956 25153 672
12133 25504 654
12286 25831 1089
11898 24978 617
11905 24991 988
11913 24941 729
11767 24602 993
11962 25112 1058
12190 25572 1059
12074 25397 1101
12048 25380 1084
11855 24849 1090
11818 24841 1032
11742 24539 1094
11843 24870 1132
12109 25485 1096
12116 25509 1133
12050 25377 1149
12202 25598 1205
12120 25504 1027
11840 24839 1110
11773 24611 1032
12073 25359 1072
12212 25630 1089
12115 25538 1115
12147 25543 1202
12042 25274 1062
12284 25783 1135
11942 25139 1038
12089 25475 722
12077 25407 1104
12057 25307 1103
11840 24814 1166
12173 25680 1248
12144 25558 1267
12122 25523 1197
11849 24897 1118
12054 25333 1162
12178 25675 1192
