7844 12274 499
8458 13574 428
8241 13195 694
8157 13091 727
8109 12945 677
8087 12855 700
8241 13192 670
7250 11342 535
8113 12961 472
8122 12820 442
7903 12502 611
8051 12795 674
8128 12906 690
8339 13276 2526
8117 12841 700
7950 12655 615
7973 12553 631
7997 12784 649
8034 12873 513
8047 12789 509
7294 11450 600
8288 13219 690
7387 11777 612
8282 13336 676
7920 12529 632
7617 12006 723
8100 12846 691
8028 12783 704
7978 12602 452
7912 12405 456
7380 11680 464
8388 13419 719
8143 13027 647
8045 12770 682
8111 12965 603
8033 12897 698
7722 12338 477
7529 11935 458
8033 12806 711
8339 13349 492
8071 12868 678
7911 12551 614
8426 13522 668
8363 13401 659
8245 13124 659
8296 13220 675
7982 12591 560
8108 12947 663
8047 12795 681
8132 12976 699
7982 12690 684
7924 12555 567
7983 12734 497
7997 12613 634
8332 13230 581
8315 13289 691
7982 12749 662
8122 12856 742
7986 12651 421
8300 13230 440
8059 12879 588
8165 12935 476
8338 13308 705
8060 12761 692
7902 12469 680
8481 13534 653
8138 12951 1056
7980 12708 627
8110 12943 678
8289 13176 657
8173 12999 605
8391 13478 708
7900 12516 656
8129 12976 671
7602 12089 627
8372 13404 666
8128 12833 644
7584 12124 678
7970 12616 627
8227 13169 712
7943 12559 492
8183 13070 1158
8460 13569 733
7806 12277 775
8319 13300 677
8018 12731 632
7785 12452 618
8077 12978 650
8063 12819 446
7147 11275 477
8137 12967 672
8068 12875 667
7639 12164 654
8086 12937 602
8030 12774 689
8312 13252 908
8141 12939 624
8253 13250 672
7993 12682 630
8133 12915 731
