66365 102648 10009
65855 101596 5428
65801 101809 5800
65929 102098 4048
66186 102335 5372
66372 102685 5454
65808 102024 3636
67070 103804 5508
67118 104000 8333
66925 103782 5122
66218 102326 5233
65764 101195 4653
65592 101440 5412
65815 101747 5262
65669 101562 5432
66405 103024 5247
66591 103253 4862
64916 100175 5508
64223 99046 5400
65871 101940 5637
66600 103108 5484
67084 104050 4989
66334 102619 4078
67144 104385 7998
66458 102971 3319
65946 101953 5421
66444 102673 5458
64874 100416 6001
66968 103793 4773
66252 102508 5376
60154 92814 4847
65679 101438 3357
65149 100482 5381
65136 100715 5229
66334 102504 5298
65962 101790 3854
65697 101567 3949
66647 103252 3599
66761 103585 5631
64817 100312 7259
66128 102398 5378
60389 93568 4572
66343 102798 5097
66038 101876 6553
66503 103331 3365
65836 102084 3587
65344 100954 5634
66118 102341 3500
65719 101551 5518
66583 102940 5683
65800 101696 5380
66044 101789 4981
65615 101314 5735
65939 102167 8744
65274 100724 12295
66628 103093 5753
66578 102935 5620
66074 102340 3531
65429 101277 5289
65477 100954 5205
65651 101502 3454
66199 102540 5868
66083 102296 3568
65310 100948 4125
66295 102553 6203
65816 102104 5018
59906 92191 4864
65532 101253 5451
66301 102619 5509
66862 103640 5865
66429 102817 5333
67337 104530 5897
66011 102031 3484
58782 90284 4410
65753 101681 4764
66623 103104 4868
65747 101746 5041
66154 102304 4141
65860 101857 5167
65193 100748 5411
66137 102347 6036
66439 102856 5729
64598 99529 6827
65658 101884 3456
66300 102728 5375
65140 100800 3767
66885 103915 4851
66216 102564 5389
66196 102574 3565
66156 102147 4455
65789 101689 3788
66262 102703 4373
66265 102714 5114
65746 101560 7489
66227 102584 5446
65631 101507 5393
65911 101809 3755
66431 102695 5520
65896 101772 5584
65842 101569 5080
