36917 53265 2450
36703 52988 1799
36544 52756 1704
36698 52973 2565
36920 53252 2621
36725 53005 2849
36709 52967 1747
36736 52982 2088
36780 53020 2371
36741 53014 2360
36918 53249 1818
36567 52798 2529
36885 53206 2769
36516 52741 2404
36552 52747 2210
36761 53040 2617
36739 52990 2819
36732 52997 2644
36734 53013 2567
36907 53252 2736
36664 52867 3160
36767 52999 2210
36919 53250 1667
36718 52972 2666
36801 53068 6554
36864 53182 2700
36938 53266 1733
36797 53007 2784
36702 52973 2435
36764 53045 2625
36584 52793 2721
36875 53203 2632
36763 53003 2691
36687 52937 5853
36667 52871 2767
36707 52971 2511
36864 53190 2499
36662 52900 1709
36911 53257 1845
36671 52875 2607
36511 52716 2695
36766 53045 2514
36661 52865 4455
36923 53255 2480
36515 52746 1776
36518 52747 2285
36557 52768 2688
36720 52970 2729
36929 53190 3362
36783 53099 2535
36518 52752 2564
36720 52970 2718
36727 53030 1986
36731 53021 3039
36662 52866 2726
36760 53041 2779
36722 53001 2837
36898 53219 2436
36838 53112 15745
36657 52861 2650
36569 52855 2404
36815 53047 2685
36759 53040 3319
36750 52950 2577
36744 53016 2825
36558 52754 2750
36724 52999 2698
36520 52746 2806
36860 53176 1853
36709 52976 2674
36883 53207 2710
36605 52923 2810
36516 52711 1627
36815 53069 4420
36870 53190 2535
36894 53218 2467
36554 52800 2592
36481 52712 2885
36689 52956 2887
36862 53164 2438
36832 53083 1823
36711 52964 1792
36666 52870 1707
36539 52737 1673
36898 53237 2749
36449 52665 2535
36932 53257 2876
36673 52878 1784
36535 52732 2452
36559 52753 1827
36731 52988 1746
36714 52990 2686
36834 53122 2741
36567 52773 2773
36715 52964 2518
36717 52978 2742
36577 52818 3097
36915 53248 2921
36759 53040 1932
36740 53037 2566
