17288 35878 1679
16610 33970 1715
17790 36771 1611
17454 36171 1115
16562 34163 1117
17025 35245 1780
17578 36214 1696
17338 35899 1071
17666 36676 1307
17201 35619 1479
16692 34332 1415
17616 36657 1210
16928 34931 1220
17447 35995 1646
14249 28976 1448
17282 35766 1785
16929 34876 1615
16515 33899 1657
16777 34621 1685
17524 36417 1744
13986 28557 1384
16596 34383 1261
17461 36116 1741
17235 35662 1185
16946 34926 1697
14458 29567 1475
16913 34923 1807
16889 34793 1854
17126 35235 1146
16997 34869 1433
17268 35825 1280
17658 36723 1687
17620 36445 1751
17075 35411 1816
16687 34312 6635
15040 30939 1487
14878 30297 1511
17242 35706 1715
17539 36212 1804
16784 34571 1250
16238 33335 1122
14689 30125 1514
17067 35097 1673
17329 35764 1872
14747 30300 1519
16988 35025 1740
17581 36354 1802
16546 34010 1698
16900 34779 3482
17450 36170 1668
16763 34764 1651
17504 36244 1778
13855 28337 1253
17010 35073 1663
17178 35569 1445
17081 35177 1124
17426 36116 1814
17407 36244 1295
17749 36872 1760
16975 34949 1217
16726 34485 1675
17784 37215 1798
16877 34978 1157
17336 35803 1577
17181 35395 1088
16245 33203 1588
14311 29336 1425
17187 35501 1249
14506 29756 1526
16880 34813 1829
17125 35334 1892
16922 34836 1768
17493 36304 1935
16865 34826 1789
16770 34464 1728
17719 36742 1764
17334 35804 1714
16994 34915 1618
17375 35843 1161
17199 35505 1561
17483 36080 1546
17205 35779 1619
17223 35445 1019
16469 33963 1591
17060 35291 1606
17487 36227 1474
17679 36493 1861
17395 36060 1673
16875 34836 1956
17363 35909 1654
17600 36455 6557
17237 35553 1807
14551 29894 1487
17144 35202 1851
17242 35754 1737
17297 35761 1233
17152 35528 1756
16853 34752 1620
17154 35200 1756
17115 35324 1823
