21617 29874 1625
21883 30293 1710
21849 30343 1843
19762 27053 1531
20392 28175 1578
21630 30064 1591
21844 30242 1580
21270 29423 1595
21765 30196 1084
21648 29894 1573
21995 30518 1982
21421 29615 1173
21248 29337 1638
21506 29744 1706
21622 29817 1733
22030 30692 1138
21824 30284 1665
21911 30279 1656
21634 29930 1836
21491 29716 990
21637 29878 1561
21791 30175 1627
21702 30097 1590
21996 30616 1552
21950 30485 1795
21851 30263 1623
21627 29921 1596
20179 27846 1578
22005 30535 1228
21651 29969 2971
21602 29792 1688
21278 29298 1433
21619 29926 1700
21630 29955 1093
21414 29543 1602
21814 30235 1732
22004 30581 6590
21365 29632 1596
21649 30040 1722
22035 30648 1660
21653 29936 1597
21794 30261 1081
22086 30731 1683
19960 27486 1388
21736 30139 1079
22085 30640 1597
21503 29804 1430
21769 30098 1616
22020 30588 1820
21741 30071 1436
21835 30259 1019
21242 29303 1586
21841 30304 1626
21588 29878 1478
21980 30519 1621
22129 30787 1139
21903 30378 1547
22058 30561 1742
21827 30207 1605
21887 30361 1814
21697 30270 1669
21278 29547 1614
21969 30449 2980
21815 30275 1838
20541 28450 1503
21234 29285 1565
21649 29915 1054
21875 30309 1489
21438 29675 1711
21952 30241 1550
21277 29367 1128
21506 29904 1626
21795 30237 1529
21343 29552 1034
21933 30366 944
21214 29233 2911
21681 30091 1170
22151 30783 1630
21424 29572 1535
21898 30415 1597
21835 30344 1558
21627 29847 1446
21474 29637 1441
21878 30265 1518
21923 30419 1464
21836 30290 1511
21558 29827 1724
21913 30455 1643
21847 30307 1644
21447 29681 1780
22210 30934 1166
21506 29688 1551
21843 30445 1626
21549 29874 1558
20204 27849 1498
21915 30439 1614
21564 29851 1107
21954 30388 1718
21590 29885 5621
21489 29719 1564
