86626 121214 5789
85953 120329 6881
85919 120352 6236
85909 120318 5095
86644 121178 5861
86222 120896 5956
86022 120459 7512
85912 120317 8277
85931 120322 25364
85920 120295 5774
86836 121481 6390
86721 121305 16121
86703 121249 54035
86064 120508 25311
85986 120466 5659
85920 120252 6605
85879 120273 10793
86647 121230 6856
86078 120583 7320
86091 120608 5426
85889 120264 5653
85906 120296 7459
86056 120552 15790
85938 120364 7220
86180 120781 5648
86221 120821 5712
86074 120543 6176
85903 120293 10077
86672 121160 6487
86166 120681 5233
86125 120641 5248
86695 121217 5788
86808 121417 4866
85921 120358 5179
85899 120272 9039
86072 120540 5810
87132 121739 4970
85875 120223 5702
86486 121295 6357
86874 121551 60719
86739 121309 6051
86267 120949 4323
86086 120500 16572
85941 120264 5666
86686 121277 6370
86730 121329 4911
86895 121601 5613
86873 121436 6966
86228 120882 5909
86685 121210 5714
86016 120402 9854
86654 121217 6146
85943 120347 11328
85868 120232 6600
86648 121182 8119
86105 120660 5719
85940 120349 6089
87354 122067 5955
86116 120634 12094
85972 120412 5957
85879 120284 6187
86714 121204 7076
86248 120836 6041
86224 120835 3974
87385 122067 5586
85906 120374 5922
86111 120507 5640
86059 120526 5627
87350 122038 12974
85862 120156 5643
86070 120561 5689
86758 121290 5325
86002 120489 5287
86144 120672 9944
85897 120249 9059
85872 120228 8526
85893 120255 5470
86760 121401 5632
86712 121342 12563
85892 120273 7194
85927 120344 5777
86722 121398 5101
85913 120310 9342
86185 120714 7642
86595 121132 12988
85876 120203 5648
85910 120314 5241
85912 120291 6997
86727 121314 6128
87402 122015 5433
85911 120334 10560
86184 120865 4847
86254 120812 6026
85968 120472 6356
86006 120477 4944
87382 122053 4260
87278 121921 7008
85976 120387 11530
86659 121249 50963
87375 122051 8646
