36012 51426 2829
36196 51558 3995
36256 51613 2507
36624 52376 2726
35964 51265 1948
36812 52527 2629
36825 52526 2535
36212 51570 4348
35891 51130 2511
35981 51235 10149
36206 51552 2363
36203 51566 2497
36809 52490 3021
36220 51591 2437
35973 51260 2823
35905 51138 2537
36158 51507 2590
36167 51451 2748
35893 51113 1704
36871 52613 2611
36254 51600 4842
35977 51215 2765
36751 52440 1569
36478 51928 3005
36815 52532 2588
36216 51572 2403
35894 51164 2595
36207 51560 2677
36208 51553 2593
36042 51333 1945
36547 52291 1782
36204 51553 2563
35976 51211 2754
36880 52622 1954
36202 51548 2472
36178 51463 2391
36179 51463 2502
36207 51552 2510
35959 51287 2582
36236 51638 2409
36197 51554 2518
36577 52272 2666
36227 51566 2418
35876 51112 2515
36237 51641 1691
36204 51558 2456
36800 52481 2576
36789 52486 2659
35898 51129 2421
35989 51239 2511
35966 51205 1704
36242 51586 2474
36177 51462 2340
36202 51547 2607
36184 51474 2467
35892 51121 2093
36145 51495 1762
35975 51207 2091
36249 51750 2760
35962 51250 1653
36810 52524 2233
35988 51229 1618
36196 51535 2685
35995 51236 2460
36199 51545 2582
35977 51305 1577
36211 51577 2457
36288 51708 2390
36053 51342 1528
36066 51364 2840
35979 51216 1654
36834 52557 2277
35932 51240 1680
36315 51733 1629
36170 51453 2871
36940 52702 2645
36821 52519 2410
36214 51565 2525
35903 51110 2559
36157 51510 4430
36246 51594 1639
36187 51475 2642
36219 51570 1738
36198 51544 2266
35892 51164 2450
36207 51553 2619
35906 51135 2673
36818 52515 4080
36034 51371 2509
36179 51467 2671
36580 52329 5189
36786 52475 2574
36466 52137 1749
35973 51215 2507
36210 51575 2512
36854 52628 5567
36946 52709 2392
36270 51721 2388
36181 51467 1641
36236 51579 1964
