32705 42839 2126
32948 43241 2023
32751 42972 5746
32663 42828 5375
32843 43092 2103
32972 43253 2277
32931 43181 2050
32959 43215 2290
32771 43020 2774
32723 42943 2103
32969 43275 2146
32663 42850 2228
32785 43073 2241
32959 43189 2117
33241 43689 2172
32960 43236 2450
32869 43103 1956
32932 43182 2175
32740 42889 2135
32883 43161 2360
32939 43186 2614
32964 43239 2155
32970 43228 2056
32850 43083 2359
32853 43080 2219
32927 43151 1391
33170 43584 2384
32833 43061 2067
32883 43160 2398
32755 43009 2322
32888 43168 2084
32939 43215 2287
32945 43200 2351
32852 43078 4422
32968 43218 2082
33034 43433 2164
32952 43231 2054
32924 43161 1307
32875 43151 1362
32992 43300 2007
32863 43066 6479
32952 43264 2130
32922 43200 1939
32759 42987 2036
32925 43139 2174
32846 43074 2218
32972 43252 2070
32962 43243 2096
32966 43219 2098
33021 43330 1394
32871 43087 1580
32723 42878 1684
32733 42888 4375
32928 43180 2133
32898 43184 1966
32921 43218 1995
32883 43109 1426
32869 43108 2752
33025 43294 5161
33220 43664 2077
32855 43092 2172
32935 43256 2036
32877 43157 2156
32919 43158 1903
32907 43149 2082
32767 43031 2310
32953 43205 2353
32971 43277 2236
32899 43164 2163
32972 43236 2065
32938 43224 1976
33025 43290 2037
32701 42956 1360
32907 43127 2010
32995 43371 2702
32908 43163 2069
32908 43191 2281
32776 43011 2115
32817 43036 2029
32934 43185 2218
32966 43241 1905
32931 43197 2206
32799 43040 2198
32889 43184 1353
32991 43378 1456
33032 43397 2125
32970 43274 2256
32811 43090 2532
32922 43155 7156
32941 43191 2132
32663 42837 2097
32937 43188 2052
32758 43011 2256
32780 42953 3629
32942 43229 2079
32839 43053 3024
32854 43062 2317
33040 43442 4641
32849 43136 3288
32763 43008 5627
