34985 45958 2208
35069 45998 2484
35057 46065 2263
35045 45948 2246
35075 46041 2399
35071 46042 2470
35042 46001 2287
35074 46010 5176
34912 45785 1433
35028 45860 2542
35057 46006 3484
34881 45732 2221
35042 45940 2118
35034 45966 2146
35020 45921 2282
34914 45802 2150
34976 45806 2214
34991 45867 2249
35046 45931 3480
35061 45978 1550
34981 45870 2496
34988 45867 2249
35014 45934 3897
35069 46009 2359
34955 45870 1551
34963 45829 2088
35047 45979 1571
35078 46044 5997
34896 45693 2284
34969 45825 2442
35015 45965 2420
35017 45901 2317
34930 45846 2538
35065 46029 2066
35097 46043 2447
34959 45802 2414
34930 45771 2424
35055 45939 2320
35052 45956 3223
35058 45984 3002
35054 45978 2228
35065 46014 2386
35083 45998 1451
34989 45920 2247
34890 45695 2122
34919 45814 1492
34985 45851 3765
35018 45877 2352
34962 45841 2170
34970 45781 1429
35053 45970 2395
35047 45978 2413
35074 46027 2270
35060 45979 2259
35010 45930 2171
35064 45967 2127
35019 45943 2159
35042 45956 1432
35010 45889 2028
34992 45858 2223
35087 46063 2389
34935 45795 1983
35031 45909 1623
35046 45939 2052
34982 45884 2229
35057 46020 2379
34979 45866 1428
34908 45747 2211
35058 45974 2381
35043 45949 2299
35015 45940 2110
34974 45871 4160
34992 45903 2186
35069 45998 2302
34921 45770 1493
35059 45952 2208
35100 46096 2230
35022 45952 2227
35010 45906 2158
34925 45805 2194
34984 45874 2204
34902 45815 1555
35057 45929 2149
35051 45968 1473
35032 45924 2445
35013 45936 2348
35134 46040 2968
35050 45912 1965
35079 46025 2181
34923 45765 1589
35004 45927 1434
35043 46004 2169
35067 46003 2022
35077 46026 3049
35077 45991 1432
34902 45822 1516
34979 45835 1527
34957 45777 2325
35084 46071 1508
35065 45998 2258
