45897 63373 3109
45531 62611 3502
45829 63182 5238
45731 62901 2971
45429 62336 2802
45697 62832 3312
45221 62194 2242
45513 62919 2909
45361 62392 2257
46216 63827 2260
45826 63046 3448
42963 59258 3087
44442 61003 2998
44785 61629 2427
45831 63062 3217
45425 62391 2289
45376 62359 3371
46009 63546 3462
46081 63517 4462
45520 62649 6188
46442 64413 6603
45215 61958 4627
44807 61393 2116
45236 62064 3080
46513 64533 3366
46098 63755 3123
46231 63518 4660
45858 63214 3042
45339 62562 5768
45697 62935 3488
45307 62352 3021
45712 62982 4446
45995 63505 2307
45190 62158 3572
45734 62862 3288
46508 64245 3070
44955 61773 2691
45908 63236 3343
45919 63415 3283
45504 62673 3427
45403 62595 3424
45916 63109 2507
45279 62167 2166
45916 63421 3107
46126 63759 2024
45548 62698 2157
45852 63247 3229
45778 63049 2189
46007 63434 3137
45696 63033 3631
45179 62104 3374
44945 61836 3233
45951 63290 3280
46020 63343 3704
46130 63634 3210
45441 62671 3289
42530 58241 2935
45786 63193 3665
45335 62337 3227
45731 63002 6289
45811 63330 2180
45214 62332 2920
45470 62586 3444
46230 63840 1977
45645 62725 3045
45171 61956 3166
46230 64067 3777
44913 61553 3575
45726 63059 3105
46055 63768 3243
45886 63289 2263
45199 61979 3734
45492 62742 14548
44667 61016 3795
45293 62197 3862
45290 62353 3403
46116 63541 4965
45494 62648 6117
46550 64452 3259
45600 63007 2084
45117 62057 7508
46195 63483 2635
42610 58646 2840
45967 63544 3090
45346 62278 3149
45570 62651 4265
45971 63394 2968
44934 61790 4467
45385 62671 7062
45104 61894 3255
45647 63069 7073
45599 63064 3008
42724 58752 3275
45310 62353 2827
45449 62488 3563
45720 62973 2460
45753 63063 3113
45288 62289 3648
45388 62370 3424
45623 63115 2528
