12239 18691 1012
12256 18745 1030
12023 18384 960
12295 18799 1133
12261 18753 752
11912 18141 871
12249 18695 947
12294 18786 969
12288 18817 725
12299 18804 642
12056 18400 5031
12286 18803 944
12163 18547 1009
12134 18528 1001
12091 18483 881
12270 18748 611
12261 18744 979
12241 18740 1006
12271 18782 861
12001 18316 781
11999 18302 622
12170 18549 886
12061 18419 863
12133 18513 935
12204 18599 956
12064 18408 780
12287 18808 969
12259 18743 821
12264 18753 1065
12023 18345 675
12260 18747 946
12260 18752 2536
12302 18810 920
12174 18560 933
12038 18353 915
12257 18741 900
12184 18599 937
12182 18571 924
12294 18824 1011
12065 18418 902
12168 18548 994
12129 18519 930
12243 18744 824
12144 18531 928
12297 18809 881
12033 18415 881
12154 18542 876
12239 18739 976
12055 18390 916
12263 18752 873
11974 18228 950
12171 18568 925
12260 18768 932
12095 18451 911
12288 18818 958
12286 18741 1058
12143 18530 957
12060 18414 953
12301 18806 900
12010 18329 936
12313 18825 1040
12079 18427 895
12201 18602 982
12267 18787 3164
11910 18139 1017
12235 18699 917
12026 18377 882
12305 18845 986
12168 18548 931
11998 18301 984
11925 18146 885
12060 18425 631
12265 18758 768
12253 18739 865
12076 18456 910
12285 18777 931
12311 18822 897
12193 18583 625
12262 18710 654
12059 18431 655
12254 18745 970
12102 18472 899
12261 18725 911
12237 18700 973
12301 18802 779
12264 18772 913
12005 18321 610
12244 18708 1016
12168 18592 585
12169 18549 937
12173 18570 768
12261 18765 679
12238 18722 852
12330 18825 934
12162 18558 750
12343 18869 880
12208 18627 849
12253 18746 651
12245 18746 963
12258 18755 834
