50011 75033 3539
50033 75140 3182
49986 75056 3896
50149 75296 3847
50211 75421 3398
50055 75172 3469
50021 75142 5592
50151 75279 3817
49843 74769 3777
50052 75177 3813
49859 74902 3680
49986 75053 2474
49801 74766 2441
50073 75136 2327
50067 75198 3640
49988 75058 5418
50103 75248 3725
50078 75143 6763
50126 75362 6349
49892 74937 2415
50033 75158 2332
50111 75282 3128
50095 75267 3655
50025 75036 3696
50068 75200 3681
49991 75058 3554
50045 75160 2509
49896 74975 3319
50014 75138 5875
50009 75103 3775
50023 75115 3413
50076 75230 6978
49988 75056 3901
49988 75051 3714
50035 75142 3838
50021 75149 3770
50006 75110 4062
49909 75002 3923
50095 75240 2692
50015 75107 2430
49922 75018 3790
49796 74819 2447
49856 74908 2372
49870 74928 3584
49973 75038 6632
49657 74617 5993
50044 75199 3412
50022 75131 5456
50118 75332 3643
50016 75105 3495
49986 75056 3768
49845 74904 3655
49999 75088 4057
50052 75154 3907
50015 75145 6992
50108 75313 2441
50083 75151 3565
50022 75139 3747
50128 75270 3531
49978 75092 3468
50082 75151 3625
49982 75048 3865
50048 75173 3738
49918 74998 3646
50039 75145 3757
50112 75319 5498
50075 75199 3554
50057 75157 3774
50073 75195 3952
49755 74703 3620
50018 75102 5436
50088 75247 4207
50148 75273 13267
49884 74948 3762
49989 75056 3575
50070 75134 3679
50133 75266 5891
50035 75132 3775
50154 75337 4228
50055 75210 2571
49982 75048 2324
50156 75281 2938
50058 75189 2395
50129 75306 3926
50011 75137 3672
50174 75323 2375
50029 75158 2424
50035 75123 2288
50033 75159 2493
50232 75463 4074
50001 75069 4976
50160 75342 5854
49999 75086 3870
50038 75135 3798
50183 75363 3620
50062 75205 11031
49905 74985 2379
50094 75229 6527
50075 75218 6071
49986 75054 3495
