29028 59970 3031
28936 59817 2709
28935 59777 2566
27272 56011 2203
28950 59836 4605
28940 59770 1786
30442 62811 2506
27284 56012 4039
28829 59571 2925
28863 59582 2363
28948 59869 1866
28968 59900 2442
28927 59759 2601
28889 59666 2627
28904 59673 2849
28927 59752 2669
27293 56029 3105
30609 63104 1959
28965 59871 2624
28826 59430 2547
27177 55721 1756
28803 59423 2862
27408 56407 2638
28913 59700 6149
29032 59966 2505
28942 59800 2028
28954 59837 4564
28885 59701 2671
28902 59679 2863
28961 59861 2561
28941 59802 2629
27266 55972 2407
28921 59742 2757
27276 55956 2772
28824 59443 1918
29946 61631 1903
28829 59515 2702
28927 59636 5125
28989 59970 2890
28902 59581 2365
28805 59446 2073
28809 59515 6316
30447 62784 2890
27315 56079 2692
28967 59831 1664
27261 55997 2319
29988 61930 4108
27405 56390 5010
28859 59571 2513
28843 59525 2340
28819 59583 1984
28888 59663 2846
28960 59731 4441
28868 59575 2700
28961 59918 2587
28920 59736 1788
28854 59591 3109
29956 61662 2759
28834 59555 1700
30749 63562 5464
28841 59442 1872
28819 59466 2732
28900 59703 2684
27346 56189 2470
28966 59855 2673
28915 59659 5691
27176 55691 1857
28768 59314 2759
28860 59591 3137
30688 63370 3080
28852 59546 1939
29934 61784 3092
26725 54776 2729
28970 59806 3195
27352 56193 2772
30095 62059 5381
30033 62101 3112
28869 59614 2959
28966 59845 1582
28926 59725 3078
28929 59793 2826
28898 59653 1785
28959 59741 2510
28887 59630 1539
27259 55902 2379
29947 61665 2704
27380 56435 2542
30453 62837 6213
28974 59819 2854
27416 56400 2792
28837 59436 2841
28950 59721 1859
28849 59552 1791
28937 59825 1839
27282 56034 2533
28896 59566 1738
27183 55740 1617
28925 59768 3048
29945 61626 2841
29232 60264 2674
