48150 97339 3721
50101 101153 5418
51052 103653 5505
50995 103416 4283
50423 102232 4701
50621 102862 4752
48280 97816 3131
50144 101463 4703
51051 103164 4502
51222 104123 3751
51482 104480 4750
51126 103909 4504
49922 100953 4593
51808 105354 4730
50935 102833 3106
50000 101012 3732
50848 103006 3023
51151 103670 3358
50419 102437 3465
50303 102091 4716
51124 103983 5186
51492 104666 8365
48914 98738 5028
48986 99342 4615
50845 102974 4567
50821 102824 4549
50337 102225 4121
51589 104822 5871
51103 103402 4818
49522 99986 4071
51762 105449 3495
49739 100507 4986
49131 99293 4505
50453 101904 3633
51381 104132 4525
51430 104301 3797
47150 95223 3067
48357 97741 4494
50691 102754 4925
49195 99551 5259
50274 101954 4385
50875 103080 5076
50564 102495 4528
50435 102451 4555
51571 104988 5257
50081 101456 7257
51082 103722 5381
50811 102816 7521
48877 98895 3050
51397 104396 4727
51165 103621 7937
51233 104364 4746
49541 100030 5991
51254 103993 4695
51270 104119 5500
49533 100098 4744
51004 103314 5137
50316 102242 5069
51074 103740 4936
51385 104545 4987
50491 102110 4696
51383 104187 5050
50655 102625 7475
51026 103521 5928
49602 100242 5236
50498 102483 4759
48636 98280 4702
50433 101905 4656
50942 103615 5348
51408 104723 4606
50775 102975 4725
50058 101217 5027
52483 106823 5545
51848 105480 4139
43424 87730 4566
50942 103301 4920
51508 105029 5099
50093 101933 4655
50002 101316 3036
49733 100877 4364
50831 103068 4384
50329 101990 4477
50157 101564 5465
49911 100936 7669
50425 101775 7323
49666 100194 3976
50653 102747 6511
49350 99705 4445
50446 101929 4669
51271 104220 3119
50527 102084 4788
50646 102509 4895
50775 102650 4588
50826 102862 6593
49555 100181 4641
50187 101549 4428
48747 98297 4658
46438 94012 4315
50171 102017 4696
51289 104059 4823
