19916 31594 1529
19777 31280 4237
19849 31461 1441
19907 31531 1715
19978 31703 1532
20442 32502 1471
19823 31353 1512
19771 31269 1581
19766 31300 1337
19883 31564 1092
19770 31274 1516
20476 32558 1578
19780 31325 1562
20012 31807 1622
19761 31273 1669
19782 31299 1471
19829 31439 1593
19815 31395 1469
19908 31583 1410
19858 31480 1573
19755 31244 1539
20470 32558 1086
19779 31302 1569
19934 31602 1012
19771 31281 1407
19758 31273 4842
19972 31704 1373
20466 32527 1646
19976 31719 1563
20472 32587 985
19754 31269 885
20461 32502 1150
19949 31621 1080
20471 32555 970
19811 31363 1031
19793 31316 1613
19765 31272 1613
19840 31459 1015
19830 31386 1581
20441 32540 1522
20075 31938 1542
19758 31267 1539
19757 31271 1485
19845 31472 1075
19769 31277 1442
19985 31731 1401
20502 32589 1562
19985 31764 1446
20196 31994 1727
19851 31449 1597
19884 31559 1866
20376 32352 1813
20473 32570 1721
19769 31290 1554
20474 32547 1695
20449 32500 1668
20014 31806 1604
20456 32533 1711
19845 31417 1681
19766 31288 1600
19992 31747 1574
20547 32675 1696
20077 31874 1690
19997 31710 1467
20452 32517 1060
19807 31376 1647
19914 31578 1390
19852 31463 1065
19789 31299 1510
19772 31302 1402
19755 31250 1536
19790 31353 1464
19762 31282 1558
19834 31436 1578
19769 31262 1528
19892 31573 1609
19764 31296 1400
19810 31378 1588
19818 31414 5380
20542 32675 1667
19972 31694 1527
20247 32125 1022
19774 31277 1652
19830 31414 1546
19762 31263 1614
19770 31314 1568
20486 32573 1709
19905 31550 1705
19863 31501 1581
20377 32343 1710
19829 31390 1578
19826 31385 1640
19973 31659 1672
19767 31304 1398
19780 31311 1657
19762 31264 1604
19786 31320 1710
19839 31417 1387
19828 31413 1580
19908 31527 1361
