59793 90578 4613
59554 90238 5236
59352 89796 17657
59138 89794 4583
59828 90716 5221
59945 90838 4622
59065 89381 3421
59469 89960 4191
59576 90236 3657
59196 89856 6094
59695 90532 4415
59102 89721 4545
59332 89920 6648
59568 90207 4625
59815 90613 4927
59578 90310 3454
59900 90695 4308
58512 88740 3871
59813 90587 15444
58419 88498 5641
59124 89826 14429
59849 90788 5566
59593 90267 9551
58509 88737 4828
59765 90591 4234
59119 89748 5450
59055 89570 4825
59394 90030 5430
59594 90236 11414
59746 90555 12425
59787 90552 4539
59813 90603 4167
59802 90622 4544
59596 90227 4264
59825 90613 31808
58962 89256 6632
59928 90778 4666
59566 90197 4752
59674 90349 4860
59123 89759 4506
59821 90619 4731
59810 90613 5086
59263 89940 4204
59809 90581 2964
59118 89909 4332
59030 89588 4498
59740 90493 4058
59569 90177 4566
59592 90240 4560
59844 90684 4493
59605 90224 4663
59946 90852 5035
59821 90623 4463
59556 90126 5114
59798 90555 7084
59410 90049 4514
59732 90482 6142
59544 90127 5127
59064 89382 3928
58999 89817 8501
59324 89760 4750
59066 89381 4235
59807 90579 4703
59065 89381 7292
59233 89663 4190
59542 90154 5755
59727 90516 2956
59843 90700 4307
59613 90248 4680
59181 89970 4617
59717 90531 3927
59650 90444 4799
59166 89825 4272
59932 90823 14474
59061 89377 14524
59302 89730 6550
59666 90298 11344
58989 89344 4627
59289 89732 4336
59408 89892 11959
59270 89696 4628
59522 90197 4136
59583 90235 4341
59815 90587 4661
59064 89373 5440
59209 89640 41003
59962 90883 4622
59118 89731 4760
59823 90613 8743
59955 90841 3715
59967 90908 3056
59436 89895 4200
59167 89817 21958
59942 90884 2710
58558 88834 9881
58537 89023 4748
59810 90586 3210
59859 90787 5004
59599 90222 8455
59205 89891 16346
