12866 19797 1081
12931 19954 1022
12874 19798 732
12889 19829 725
13031 20005 1072
12902 19818 1064
12909 19873 1061
13020 19984 918
12848 19739 959
12875 19806 749
12854 19741 919
12880 19804 892
12905 19842 1001
12892 19819 1022
12918 19884 962
12858 19746 1083
12875 19791 1009
12870 19784 704
12919 19860 632
12924 19896 1018
12865 19791 989
12852 19742 743
12899 19865 1053
12852 19741 578
12912 19885 1010
12907 19826 1057
12856 19757 1071
12929 19927 653
12860 19762 1084
12878 19800 654
12923 19899 974
12867 19783 795
12920 19899 1067
12860 19750 715
12858 19782 654
12864 19768 2397
12821 19680 921
12865 19786 967
12855 19741 961
12907 19843 1049
12987 19945 1066
12865 19782 966
12908 19838 966
12860 19760 853
12890 19851 1015
12863 19769 914
12904 19844 1055
12880 19821 954
12912 19873 1291
12857 19763 1018
12849 19735 1672
12864 19778 1015
12857 19762 632
12852 19758 975
12932 19924 971
12866 19777 868
12855 19742 992
12862 19765 970
12865 19775 2595
12907 19849 1060
12871 19784 947
12856 19744 1062
12911 19837 883
12855 19746 950
12839 19749 1007
12869 19782 1040
12850 19768 895
12952 19906 1056
12860 19751 882
12921 19895 1018
12888 19856 1058
12858 19747 961
12871 19796 1011
12900 19853 954
12866 19779 1043
13083 20051 1108
12923 19925 1038
12937 19942 5091
12851 19761 1012
12972 19988 952
12867 19785 1046
12854 19742 1099
12906 19889 1024
12852 19740 966
12866 19779 955
12859 19764 853
12906 19862 968
12873 19786 900
12854 19748 725
12900 19838 968
12857 19758 971
12853 19741 899
12917 19858 985
12901 19838 749
12807 19689 1000
12868 19784 1004
12862 19760 691
12896 19826 998
12859 19746 900
12855 19788 936
