8973 14238 723
9037 14295 728
8990 14212 833
8907 14130 732
9148 14405 744
8940 14160 726
8863 14011 694
9156 14616 680
8982 14293 722
8909 14014 506
8543 13537 528
8852 13999 748
9059 14446 512
8687 13577 799
9075 14395 581
8751 13869 763
8900 14133 687
8924 14053 550
8892 14055 616
9063 14384 698
9053 14410 552
9238 14765 795
8028 12559 693
8804 14027 727
8006 12546 611
8851 14047 652
8660 13641 724
8984 14336 516
9089 14393 749
8895 14040 760
9315 14939 567
8821 13932 470
8024 12566 584
8999 14288 426
8877 14032 704
8856 13970 711
8800 13893 688
8781 13907 677
8867 14116 5735
9049 14361 734
9064 14414 3077
8877 14033 729
9010 14283 714
9138 14479 882
8961 14255 686
9103 14502 802
8808 13937 768
8970 14253 719
8817 13885 659
8895 14039 484
8895 14174 750
9187 14653 786
8865 14097 753
7958 12590 667
8134 12794 669
9287 14780 800
9099 14589 699
8935 14119 699
9075 14491 724
9027 14385 739
8900 14023 659
9036 14524 490
8810 13905 637
9173 14691 710
9093 14342 511
8859 14062 541
8893 14169 542
8024 12624 703
8898 14114 636
8221 12935 674
9067 14350 799
9151 14600 830
8967 14354 807
8823 14070 796
8854 14074 789
9087 14525 759
9134 14452 493
8931 14091 716
8935 14110 806
8813 13983 725
9268 14816 818
8891 14085 755
8884 14060 447
8034 12623 421
8919 14168 722
8060 12628 835
8788 13940 471
8802 13931 676
8144 12803 668
8928 14159 499
8907 14202 843
9188 14595 790
8893 14108 581
8820 13905 633
8907 14158 486
8723 13851 709
8782 13930 842
8479 13415 710
8873 13978 749
8770 13931 729
