74325 101879 5416
74651 102276 5059
74857 102910 4302
73591 100937 5642
74315 102268 5362
73994 101596 3534
73863 101407 4160
74444 102368 8455
72958 99841 5404
73785 101254 5165
74042 101415 5483
73535 100658 6196
74139 101623 8939
74860 102720 5293
73292 100171 3481
73558 100847 5386
73610 101027 5362
72999 99942 5039
73395 100599 3467
73218 100638 4324
75049 103249 5060
74663 102446 7422
73979 101377 4885
73792 101188 6738
73978 101858 5406
73682 101184 5518
73164 100383 7760
73852 101221 3771
73877 101444 7982
73363 100537 5202
73810 100986 4985
73852 101324 5489
73954 101434 4412
73791 101242 11723
72253 98652 3469
74094 101573 3800
72565 99382 6982
74114 101625 5361
73616 100909 6384
74080 101728 5485
73398 100512 4945
73911 101327 5511
72943 99880 5054
74084 101585 6558
74728 102669 7391
73765 101177 5530
72999 100037 4979
74065 101636 7993
74111 101699 5618
74160 101952 6061
73867 101576 6552
74012 101591 3549
74022 101574 5214
75029 103057 5882
74690 102828 3664
74221 101790 3705
73896 101707 5453
73340 100486 5428
74089 101739 5824
73966 101507 5632
73990 101453 5465
73905 101534 5431
73504 100729 4828
73896 101286 5317
73808 101143 3705
73022 100000 5056
74497 102416 3726
74310 102089 6210
73677 101203 5470
74482 102456 6251
73905 101667 5192
73584 101015 7452
74043 101542 5505
73416 100333 5248
73508 100935 5778
73503 101047 5289
74628 102447 5689
74486 102281 8605
74069 101950 4234
73610 100949 5620
73407 100680 5703
73999 101525 5091
74506 102437 5574
73912 101327 3717
72704 99487 5619
74362 102178 3510
73268 100383 4426
72458 99126 4444
69174 94751 3589
73940 101459 5261
68767 94227 9042
73530 100598 6369
72538 99250 3716
74929 103129 5598
73645 100919 5197
75156 103483 5847
74446 102205 5532
73757 101024 5457
73932 101486 6694
74739 102918 4824
