6303 9906 332
6727 10812 647
6430 10287 372
6695 10783 459
6597 10567 389
6297 9919 390
6711 10741 577
6535 10436 534
6646 10577 554
6790 10828 589
6589 10401 655
6487 10341 535
6631 10547 363
6422 10284 486
7063 11419 605
6562 10370 562
6738 10781 591
6868 11097 585
6554 10365 562
6596 10458 508
6611 10455 648
6638 10544 609
6578 10504 574
5704 8977 457
6850 10990 548
6891 11122 523
6718 10732 586
6746 10794 584
6699 10672 559
6679 10711 526
6513 10349 338
6625 10630 531
6455 10260 554
6657 10691 600
6611 10581 586
6476 10210 592
6952 11154 450
6432 10167 605
6584 10354 477
6549 10354 564
6177 9736 530
6178 9748 497
6633 10470 566
6859 10974 641
6502 10309 497
6678 10736 571
6515 10398 524
6340 9949 347
6673 10559 571
6631 10537 593
6241 9910 523
6671 10611 561
6651 10669 731
6548 10489 569
6665 10638 585
6812 10897 589
6438 10188 514
6002 9501 401
6685 10741 488
6112 9666 466
6579 10567 369
6711 10646 340
6788 10905 598
6766 10748 609
6724 10758 608
6509 10313 628
6603 10525 601
6845 10977 872
6711 10741 560
6542 10305 384
6577 10401 554
6616 10554 430
6311 9866 454
6867 11010 584
6055 9623 348
6828 10901 610
6043 9490 496
6577 10479 555
6520 10310 544
6404 10132 512
6694 10744 559
6139 9769 372
6735 10791 523
6512 10261 558
6040 9494 432
6346 10001 574
6291 10034 522
6661 10561 840
6681 10661 512
6547 10401 468
6501 10261 342
6673 10645 354
6818 11011 545
6588 10487 552
6530 10371 488
6706 10697 588
6185 9825 526
6464 10299 526
6053 9507 422
6713 10759 579
