29903 39381 3164
29966 39358 1386
29907 39176 1959
30013 39404 4287
29897 39395 1890
30142 39581 1740
29971 39326 1870
30067 39476 2682
30337 39784 1893
29918 39318 1857
29882 39121 1965
29969 39363 4046
30047 39477 1976
30146 39666 1903
29692 39074 1999
30100 39551 6226
29666 39023 1848
29874 39335 1725
30020 39423 1706
30126 39600 2174
29871 39279 1773
29590 39015 2024
30025 39414 2057
30045 39394 1962
30277 39711 1989
30352 39763 3599
30273 39695 1958
29991 39442 1898
29862 39298 1837
29948 39357 2081
29950 39324 2108
30180 39611 2156
30016 39464 1946
29988 39366 1951
30027 39406 3742
29935 39261 1463
30296 39724 2376
30176 39600 1246
29945 39275 1801
29952 39332 1294
29926 39266 1902
29952 39348 1932
30098 39534 2483
30266 39677 2047
29990 39350 2037
30300 39686 1331
29925 39279 1411
29843 39305 1570
29999 39352 1267
30021 39412 3864
30086 39467 1705
29982 39373 2093
30014 39384 2038
29944 39327 1882
30017 39396 2021
29978 39394 1865
29933 39277 2049
29991 39381 3467
30276 39692 1814
29926 39259 4790
30069 39522 1716
30331 39755 1320
30038 39441 2252
30015 39440 1922
29995 39400 1876
30019 39372 2460
29814 39281 1883
29941 39290 1839
29820 39183 6234
29931 39280 1294
30025 39471 2131
29935 39274 1891
29988 39366 2046
30042 39434 5406
29975 39396 1940
29959 39302 1882
29985 39343 1989
30203 39641 2095
30016 39428 2056
30026 39407 1487
29890 39295 1990
30138 39458 1880
30070 39506 2044
29980 39373 2027
29910 39370 3463
29907 39409 2097
30083 39423 1940
29939 39283 2062
30139 39643 2084
30094 39562 1358
29556 38940 2099
30113 39572 2079
30280 39683 4440
29965 39347 2120
29602 39069 2070
29940 39306 1994
30023 39394 1255
30004 39393 1140
29988 39371 1232
29940 39295 1940
