26738 44869 2228
26707 44851 2350
26756 44931 2413
26751 44924 2256
26779 45016 2209
26844 45177 2194
26796 45047 2167
26725 44866 2164
26744 44895 2140
27051 45452 2209
26907 45169 2257
26754 44931 2179
26770 44941 2285
26822 45038 1434
26786 44994 1512
26805 45127 5059
26731 44881 2286
26732 44864 2062
26796 44983 2559
26748 44986 2530
26915 45104 2445
26771 44991 2174
26774 44970 1445
26846 45016 2443
26765 44954 2283
26688 44796 2139
26767 44932 1942
26748 44910 1998
26739 44907 2297
26916 45137 2270
26808 45006 2226
26761 44918 2216
26719 44882 1703
26738 44878 4071
26761 44993 2177
26878 45089 2200
26875 45125 3245
26744 44918 4002
26764 44954 2095
26882 45135 2346
26911 45112 2402
26684 44790 2201
26751 44927 1498
26587 44727 2094
26764 44914 1655
26704 44826 1408
26742 44876 1493
26781 45002 1330
26883 45137 1481
26790 45028 1510
26845 45046 2277
26730 44905 2297
26784 44975 1841
26796 45029 2050
26759 44924 2321
26586 44732 5021
26733 44893 2216
26775 44935 2485
26667 44745 4465
26603 44702 2027
26778 44944 2258
26719 44863 2307
26754 44927 2216
26743 44918 2239
26753 44930 2125
26837 44973 2164
26749 44951 1881
26754 44921 2816
26769 44924 2101
26697 44788 2010
26763 44952 1439
26726 44860 1611
26703 44835 2140
26712 44803 2052
26733 44895 2146
26900 45194 4345
26713 44881 1728
26731 44885 1639
26871 45105 2748
26677 44876 2116
26722 44816 1753
26874 45137 1504
26820 45144 1575
26724 44885 2356
26670 44777 2296
26760 44939 1760
26729 44857 2073
26739 44898 3948
26967 45305 2284
26758 44943 2306
26729 44899 2093
26756 44934 2021
26759 44946 2197
26962 45294 2100
26788 45054 1691
26695 44815 2562
26749 44931 1739
26717 44877 2159
26654 44809 4017
26747 44911 3417
