74496 115527 5486
74572 115340 4886
73465 113436 3977
74051 114333 6602
73158 112731 3858
73913 114191 5470
74313 114850 3964
73507 113410 6766
74090 114666 6252
73967 114604 4354
74161 114539 6159
74934 116551 4005
74386 115369 4229
74063 114336 5513
74331 114686 12249
74448 115010 5715
74546 115538 6195
74670 115385 3865
75342 117121 6649
75124 116374 8426
74064 114658 5943
74368 115341 10054
74547 115479 5933
75387 117096 6061
74286 114824 6126
72514 111678 9196
73566 113422 7856
67549 104292 5620
74496 115520 9667
74248 115149 7141
74314 114813 4632
74309 114742 4348
74865 116145 15450
74527 115257 7060
67727 104763 5238
74066 114686 5907
74305 115062 5521
74747 115836 4057
74135 114616 4217
74140 114781 6088
73847 113986 6006
73752 114221 7517
73865 114265 6661
74232 114793 5535
74080 114267 6056
73366 113486 4710
67177 103588 5715
74625 115463 5911
74456 115260 4638
73691 114347 7122
72122 111057 5740
73547 113337 6074
73711 114095 5935
73538 113862 5879
74025 114687 5665
73541 113775 5877
68149 105627 6053
74019 114559 6292
73256 113257 6015
74947 116097 5777
74668 115777 5768
74102 114815 4614
74034 114408 6350
74146 114489 6374
74576 115494 6695
74219 114957 6278
74207 114909 8926
73964 114351 6262
74133 114687 6027
74229 114753 8905
73800 114189 12536
75539 117420 5964
74443 115349 4103
72270 111486 5754
74580 115494 3902
74234 114702 11532
73879 114152 4902
74337 115165 5336
74148 114982 3865
74405 114878 5831
73268 113210 6330
74084 114547 9162
74449 115406 5249
73971 114594 6293
73534 113582 5890
74206 114669 9193
73589 113556 3771
73253 113171 6207
74398 115050 6172
72329 111272 7698
74133 114498 7022
73933 114210 8576
73963 114345 6343
72959 112968 5994
74772 115495 6140
73963 114613 3687
73838 114064 6301
74263 114684 8743
73965 114276 5036
74041 114489 7843
