22313 46422 2427
22311 46194 1720
22547 46718 1955
22404 46502 2659
22544 46787 2073
22568 46879 2251
22372 46560 2783
22485 46797 2099
22303 46302 2097
22330 46265 2046
22302 46215 2294
22223 46014 2373
22583 46747 2163
24259 50545 2051
22551 46840 2216
22320 46258 2305
22300 46169 2092
22327 46274 2119
22440 46606 2642
22648 47022 2127
22321 46435 1863
22406 46536 1367
22247 46097 1352
22444 46644 1512
22328 46268 1268
22554 46967 2200
22677 47218 2002
22309 46238 1491
22286 46133 1963
22210 45938 1357
22306 46245 2000
22311 46261 2137
23723 49416 2086
22315 46222 2261
22300 46193 1321
22285 46134 1407
22585 46839 2744
22385 46386 1649
22240 46184 2061
22315 46232 2254
22297 46174 2125
22436 46650 2181
22393 46484 1314
22436 46666 2139
22302 46199 1976
22616 46961 2121
22313 46192 2130
22341 46304 2030
22269 46085 1898
22315 46227 2183
20394 42290 1805
22830 47571 1940
22560 46866 2288
22342 46338 2032
22318 46229 2052
22331 46307 1991
22640 47012 2707
21886 45236 2053
22667 46985 2007
22307 46194 1380
24075 50258 2392
22281 46131 1458
22302 46351 2129
21870 45189 3130
22412 46556 2213
22294 46374 1412
22309 46214 2426
22230 46025 2332
22430 46566 1462
22253 46037 2145
22609 46996 2379
22304 46350 4003
22425 46764 2223
22220 46003 3110
22555 46886 2175
22454 46641 1394
22720 47229 1317
22185 45832 2174
22406 46564 2036
22461 46821 2252
22302 46195 2367
22494 46823 2445
22305 46178 2248
22399 46700 2246
22454 46628 2192
22341 46511 2152
22422 46533 2177
22560 46822 1918
22303 46173 1977
22526 46769 1875
22259 46124 1253
22301 46167 1877
22609 46954 1108
22303 46176 2003
22319 46247 2230
22409 46481 2001
22501 46726 2084
22300 46366 1937
22288 46129 2224
22301 46367 1772
