4632 6715 240
4528 6527 336
4610 6672 361
4529 6526 253
4612 6710 287
4528 6539 296
4523 6522 416
4494 6510 353
4490 6492 434
4538 6545 412
4532 6534 351
4612 6674 349
4529 6526 225
4633 6715 343
4524 6523 319
4535 6550 258
4607 6672 330
4610 6679 356
4529 6529 352
4619 6681 317
4649 6741 376
4627 6710 352
4532 6533 414
4530 6530 325
4529 6527 306
4529 6528 354
4633 6718 360
4643 6727 363
4604 6677 384
4512 6539 503
4607 6667 368
4642 6733 361
4537 6554 425
4526 6522 273
4530 6530 353
4634 6717 320
4615 6690 357
4529 6526 350
4495 6511 295
4630 6706 228
4630 6694 362
4529 6538 313
4536 6539 320
4552 6588 330
4624 6720 317
4624 6692 332
4608 6698 327
4622 6684 333
4625 6700 355
4487 6489 327
4646 6739 329
4534 6539 408
4487 6488 335
4530 6530 323
4605 6678 331
4529 6530 241
4512 6536 369
4524 6525 324
4494 6500 323
4524 6522 353
4527 6524 339
4499 6518 350
4601 6662 343
4568 6627 295
4630 6708 360
4534 6537 304
4537 6542 303
4536 6560 383
4529 6540 303
4527 6525 367
4627 6703 377
4504 6521 218
4532 6533 269
4601 6661 334
4626 6690 302
4537 6557 335
4530 6534 318
4626 6715 341
4604 6664 348
4539 6566 344
4567 6624 243
4525 6524 235
4626 6690 337
4614 6690 392
4528 6528 302
4631 6721 340
4490 6491 354
4627 6700 373
4525 6524 327
4625 6701 368
4600 6661 317
4610 6686 380
4670 6786 374
4600 6661 370
4528 6529 324
4534 6537 340
4612 6676 249
4627 6721 297
4529 6528 344
4489 6489 386
