31381 49997 2350
31042 49421 5560
31120 49523 2488
30995 49246 2618
31403 50026 2501
31068 49476 1959
30899 49188 1995
30980 49204 2177
30985 49215 1737
31169 49642 2316
31096 49453 2400
30831 49113 2409
31053 49352 2015
30866 49190 2532
31392 50035 5264
30888 49030 2471
31357 50075 2378
31090 49477 1903
30996 49293 1801
30992 49292 1932
31044 49394 1887
31190 49594 2414
31043 49456 1513
31096 49560 2337
31370 49952 2422
31492 50085 2410
30689 48809 2754
31017 49433 1624
30998 49252 2471
31443 50041 2534
31054 49458 2396
30925 49285 2265
31061 49487 2467
31085 49531 2125
31403 50047 2443
31012 49342 2179
31379 49969 2535
31110 49492 2192
31052 49454 1565
31230 49610 2769
30885 49163 2264
31001 49318 2705
31174 49589 2793
30843 49090 2509
31347 49993 2689
31159 49582 1768
31493 50090 2429
30993 49297 2388
31129 49495 2281
30997 49271 2049
31103 49438 2347
31384 49962 1993
31039 49458 2440
31032 49415 2302
30959 49198 2618
31383 50108 2552
30852 49127 2482
30900 49033 2184
31342 50006 2540
31090 49439 2297
30951 49202 2458
31444 50103 2847
31054 49429 2500
31010 49330 2599
30872 49153 2433
30965 49221 1648
31137 49512 5801
30857 48945 2006
31022 49405 2678
31376 49926 1696
30848 49115 1715
31404 50091 1677
31130 49554 2479
30998 49277 2300
30885 49176 2354
31368 49937 2680
31414 49965 1671
31388 49917 2483
31413 50018 1730
31000 49410 5660
31048 49300 2188
31381 49937 2098
31438 50135 2573
31105 49556 5670
31128 49530 2122
30980 49194 1624
31042 49462 2468
31030 49454 5026
31037 49355 1604
31373 49867 1636
31004 49289 1687
31356 50033 2540
31430 49994 2420
30912 49122 2392
31072 49487 2629
30707 48852 2625
31155 49519 2532
31056 49377 1699
31262 49781 2305
30973 49221 2929
