17689 27809 1487
18083 28649 1417
17319 27160 1407
17277 27126 1352
16005 24986 1208
15751 24475 1261
17471 27448 1356
17443 27390 1558
17602 27707 1369
17346 27253 1255
17545 27347 1018
17746 27839 1471
17632 27697 1435
16960 26692 1451
17708 27970 1430
17559 27675 1551
17525 27482 1586
17911 28245 1913
18532 29499 1625
17176 27008 1473
17696 27862 2692
17656 27826 1627
17301 27040 1570
17487 27419 1529
17618 27881 1530
17689 27839 1675
17816 28136 1690
17479 27520 968
17660 27774 965
15785 24752 1038
17294 26999 1297
17234 26898 1362
17244 27004 1274
17774 27997 923
17493 27465 1566
17535 27597 1546
17212 26885 1597
17521 27551 1264
17473 27335 1460
17268 27123 1248
17789 28016 1228
17948 28318 1405
17545 27590 1436
18075 28544 1010
17736 27871 3800
17245 27049 1422
17508 27449 1419
17621 27709 1371
17628 27580 1297
17756 28050 874
17472 27576 1371
17247 26976 1269
17333 27149 1483
16716 26307 901
16090 25135 1238
17245 27029 1438
17840 28144 1426
17562 27621 1490
17486 27422 4417
16154 25410 1256
17483 27550 1371
17265 27126 1506
17266 27094 1469
17319 27148 1088
17477 27381 1752
17517 27507 1415
17299 27074 1360
15818 24629 1510
17855 28119 1441
17611 27578 1442
17274 27071 994
17371 27250 1062
17440 27369 1637
17547 27695 1266
17594 27603 1400
17474 27525 1395
17194 26985 1370
18184 28656 1424
17717 27781 1003
17680 27838 1428
17576 27478 1454
17245 26973 1418
17604 27545 1473
17216 27052 1028
17726 27794 1547
17424 27263 1348
17470 27499 1557
16907 26450 1496
17916 28247 1754
17592 27728 1631
17647 27877 1606
17161 26886 1503
17475 27284 2569
16451 25641 1154
17483 27481 3549
17771 28039 1006
16987 26694 1183
17313 27142 1544
17782 28073 1276
16874 26368 1628
