75449 116752 6909
75095 116172 7259
75128 116379 6007
74139 114718 6530
74451 115301 6075
74676 115413 4166
74152 114386 6575
66926 103310 7642
74594 115497 8759
76130 118245 6381
73923 114125 5812
75254 116333 5808
74269 114493 5875
66848 102955 4619
75287 116578 3901
75346 117014 3969
74480 114995 5653
74645 115400 5762
75076 116274 5534
74740 115716 5940
75542 116891 4005
75154 116212 5662
74889 115878 5954
74400 114960 5819
74927 115858 4581
74491 115049 4448
74436 114835 4922
75059 115986 6077
75386 116682 4685
74770 115668 5921
75357 116924 4103
74731 115327 5211
75456 116763 6146
74109 114192 5941
74729 115447 4171
74505 115051 5998
75138 116518 4129
74324 114764 3989
74359 114927 5622
75011 116163 6089
74170 114332 3959
75000 116224 7109
74373 114885 4005
74698 115675 5813
75737 117561 6294
75589 117156 6039
74830 115643 5889
74774 115627 6900
74883 115710 7829
74686 115571 7658
74822 115528 6661
74435 114969 5837
75631 117339 5842
74444 115171 4140
74334 115008 5502
74789 115594 5985
75486 116825 4076
74626 115098 5672
74087 114352 5359
75147 116892 5740
74792 115958 5424
74910 115701 6298
68098 105441 5111
74531 115160 4021
74747 115516 6625
74430 114783 5823
75224 116463 3891
75789 117555 4095
74985 116197 6042
74858 115685 3900
74896 115957 6198
75126 116184 5883
75280 116678 4690
74587 115298 6122
75402 116834 4152
75922 117744 6738
74423 115074 4097
75666 117350 4221
75893 117609 4300
74881 115763 6509
75003 115798 5932
74310 114889 4046
74518 114912 5825
74640 115035 7198
75296 116352 4935
74624 115443 4815
74558 115082 5285
75980 117718 3986
73450 113107 7563
74608 115152 3815
75277 116699 6156
73491 113355 6505
74099 114529 4209
73823 113886 5224
75844 117039 3886
73671 113745 5835
75152 116197 5561
75067 116314 5442
74779 115720 5492
74752 115655 5580
