22187 32066 3297
22308 32193 2124
22095 31821 3175
22091 31856 4918
22137 31957 1716
22057 31797 1851
22054 31768 1585
22236 32035 1515
22011 31735 1677
22297 32161 1583
22062 31792 997
22012 31734 3240
22064 31798 1560
22098 31899 1533
22287 32180 1996
22248 32133 1816
22099 31863 3615
22072 31822 1131
22019 31726 1468
22090 31862 1657
22052 31755 2120
22033 31767 1218
22332 32220 1319
22099 31881 3878
22017 31767 2017
22040 31765 1668
22111 31905 1713
21997 31675 1577
21771 31382 1669
22018 31724 1571
21995 31675 1705
21973 31697 1035
22024 31730 1345
22009 31727 1619
21773 31384 1699
21996 31676 1620
22085 31930 1733
22140 31969 1286
22014 31690 1213
21995 31674 1638
22067 31829 1803
21996 31675 1613
22044 31762 1664
22070 31814 1599
22076 31840 1718
22024 31754 1750
21996 31670 1793
22055 31758 1727
22634 32721 1569
22046 31785 1651
21996 31675 1656
22219 32035 1497
22237 32097 1797
22044 31751 1728
22052 31779 1413
22272 32120 1592
21998 31676 7418
22218 32088 1715
22553 32584 1796
22099 31866 1166
22324 32189 1481
22087 31843 1709
22163 32008 1592
22045 31768 1430
22049 31785 1479
22120 31938 1717
21998 31678 1587
22175 31978 1285
22239 32143 1800
22270 32113 1514
22054 31771 1594
22055 31770 1685
22118 31908 1648
22093 31860 1606
22319 32186 1131
22088 31859 1409
22062 31779 1543
22280 32127 1876
22096 31824 1374
22056 31782 1055
21996 31759 1015
22070 31822 1061
21995 31674 1677
21825 31453 1616
22036 31770 1670
22288 32167 1776
21994 31667 2796
22010 31699 5404
22046 31765 1699
22104 31840 1611
21998 31678 1869
21997 31677 1638
21993 31698 1627
22180 32045 1681
21995 31713 1504
21997 31677 1703
21998 31716 1681
22053 31756 1510
21837 31507 1508
22097 31867 1665
