15245 20033 1021
15231 20061 713
15255 20093 946
15250 20082 970
15236 20040 745
15145 19934 850
15238 20058 671
15254 20088 947
15159 19896 907
15247 20067 857
15145 19893 862
15243 20067 662
15241 20036 888
15258 20057 659
15223 20056 629
15181 19958 682
15261 20107 659
15235 20011 679
15253 20083 692
15247 20074 721
15175 19972 1018
15168 19939 1116
15251 20079 660
15244 20035 938
15233 20059 894
15239 20064 875
15218 20005 834
15090 19811 893
15240 20052 594
15195 19961 639
15238 20064 852
15256 20078 876
15248 20032 763
15239 20050 620
15236 20061 910
15250 20088 616
15249 20094 955
15252 20079 1065
15172 19967 934
15242 20069 957
15236 20021 932
15256 20059 906
15239 20056 665
15222 20009 589
15182 20023 925
15165 19900 996
15245 20059 949
15263 20104 911
15171 19940 890
15125 19821 621
15240 20077 672
15169 19912 606
15172 19963 665
15195 19972 664
15222 19979 648
15258 20075 951
15228 20037 1034
15139 19899 887
15151 19897 928
15140 19894 1033
15194 20005 966
15241 20036 1024
15222 20039 696
15228 20035 940
15262 20098 632
15103 19848 882
15192 20015 913
15225 19989 976
15247 20042 1023
15243 20064 945
15195 19958 948
15249 20091 656
15206 19969 952
15236 20033 932
15206 19997 952
15117 19903 889
15209 19977 594
15245 20080 965
15123 19983 934
15188 19929 977
15166 19961 952
15235 20069 716
15249 20079 681
15210 20028 689
15198 19959 676
15239 20070 681
15221 20015 680
15241 20081 691
15225 20038 651
15154 19921 691
15234 20031 685
15165 19950 694
15238 20035 682
15242 20073 638
15214 19997 708
15105 19875 679
15275 20143 680
15083 19814 629
15251 20088 672
15240 20065 701
