40889 58911 2963
41082 59247 1830
40659 58622 4629
40721 58613 2872
40793 58793 2817
40874 58880 2788
40881 58917 2868
40635 58547 1852
40805 58802 2705
40936 59058 1782
40918 59079 3052
40900 59027 2905
40901 58976 2845
40779 58738 3293
40827 58866 2225
40859 58852 3030
40909 59024 3158
40767 58758 3024
40915 59001 3197
40917 59004 3581
40775 58773 2801
40900 58973 2070
40937 59055 2162
40876 58881 2602
40897 58993 2745
40874 58924 2821
40813 58824 2706
40805 58824 2916
40623 58498 3014
40856 58876 2828
40831 58858 2038
40805 58812 2952
40753 58748 2786
40776 58841 2720
40794 58747 2703
40758 58845 2702
40881 58917 2623
40878 58977 2353
40821 58851 2397
40797 58831 3018
40792 58838 2956
40703 58743 1864
40895 58968 3202
40907 58924 3006
40905 59007 4571
40994 59119 2257
40912 58998 2128
40891 58963 3172
40726 58786 3181
41015 59100 1942
40894 58989 1936
40814 58824 2961
40888 58979 3001
40630 58494 2757
40872 58878 2077
40876 58924 1911
40893 58944 2024
40879 58967 5770
40871 58890 3050
40845 58874 2891
40898 58997 3060
40597 58572 1986
40758 58790 2855
40896 58995 2970
40728 58762 2895
40777 58770 2514
40750 58878 2980
40606 58531 3016
40921 58970 2630
40899 58992 2813
40900 59017 3117
40638 58612 3022
40894 59002 3351
40773 58792 2900
40752 58747 2881
40715 58761 2805
40891 59003 2426
40728 58789 3760
40894 58997 2022
40799 58879 2851
40928 59057 2969
40726 58795 2946
40785 58749 2819
40766 58830 3134
40803 58825 2271
40901 58952 3955
40897 59012 3431
40813 58827 3034
40918 59033 2405
40875 58919 2771
40922 59051 2409
40888 58990 1890
40807 58873 2682
40879 58927 2433
40723 58634 2315
40915 58937 2746
40801 58823 2779
40762 58741 2818
40890 58991 2938
40836 58833 2175
