49146 101689 4361
50963 105951 5001
49459 102748 3895
49066 101712 4384
49076 101747 7159
48453 100316 4607
48983 101499 2822
49335 102267 4317
49294 102202 4216
49411 102580 4408
49017 101607 4328
49390 102496 4711
48974 101479 8544
49004 101419 4606
49327 102394 4690
49390 102443 4372
48574 100602 4782
48367 100132 4595
48665 100707 2937
48535 100486 4008
49289 102225 4633
49019 101626 3994
49314 102236 4014
49375 102553 4594
50915 105889 7330
49369 102348 5121
49087 101662 4068
49000 101541 5128
49011 101540 10617
51044 106037 4143
49023 101599 4803
49278 102271 4100
49006 101565 5831
48918 101312 4306
50406 104552 3138
49039 101717 21806
49053 101845 4149
49439 102672 5282
48995 101520 4876
49244 102159 6483
49461 102626 8655
49259 102135 4942
48911 101303 5111
48818 100986 3752
49215 101838 4655
49299 102255 6231
48994 101530 4527
49311 102187 4259
49391 102550 4589
49948 103559 4807
49103 101688 5031
49398 102622 3465
49333 102452 4306
49399 102576 4232
49368 102587 5124
49009 101529 4734
48702 100861 4463
48983 101458 4366
48602 100756 3909
49326 102344 4406
48872 101150 4350
49120 101879 3570
49002 101520 4993
49299 102248 4079
49005 101592 4466
49443 102693 4644
48985 101582 4454
49425 102430 3279
49606 102798 4618
49306 102233 4694
48989 101582 4591
49046 101682 4667
49354 102269 5130
49045 101637 4112
48978 101272 4754
49342 102341 4542
49324 102289 9030
49145 101795 3826
49238 102093 3312
49087 101879 3904
51091 106081 4520
49108 101740 4575
49158 102036 4446
48999 101515 5515
48986 101562 4672
49330 102377 4849
49302 102250 4493
49136 101728 4266
49060 101786 2864
49060 101792 4299
49060 101685 4450
49380 102531 3560
48555 100505 4882
48997 101492 2872
49129 101680 4646
48463 100275 3144
49403 102558 6704
49121 101693 4604
49313 102275 4633
48375 100087 2961
