87004 113490 4975
86805 113225 4486
86705 113124 8885
86813 113329 3676
86598 112836 3552
86805 113185 5621
86764 113272 5748
86899 113261 4421
87061 113571 5825
86968 113445 5773
86638 112897 4685
87013 113489 6610
86711 113196 5958
86503 113032 5381
87039 113546 5374
86811 113207 4368
86628 112906 5353
86658 112969 3524
86615 112872 5605
86971 113429 4771
86904 113383 5674
86793 113181 5550
86625 112989 5996
86869 113274 6027
86867 113274 6240
86969 113471 4023
86980 113481 6826
86631 112974 5913
86917 113383 5687
86910 113426 4614
86665 112881 6289
86860 113351 6192
86904 113379 5379
86669 112951 3806
86997 113457 6225
86653 112925 3583
87108 113689 6877
86806 113276 5795
86739 113195 6526
86735 113008 5393
86910 113422 6126
86461 112910 3413
86930 113448 7569
86886 113379 5457
86882 113393 5691
87153 113705 3570
86628 112913 4994
86668 112931 3726
86910 113282 29562
86802 113234 6517
86621 112882 6853
86840 113484 8552
86897 113341 5580
86648 112916 5850
86631 112923 3563
86865 113251 4923
86915 113457 4177
86800 113218 5554
86835 113340 3893
86664 113092 5409
86761 113248 5307
86845 113332 6077
86830 113180 5358
86836 113212 5644
87047 113534 5487
86814 113218 6227
87216 113745 5539
86628 112873 5382
86731 113181 3554
86984 113509 5467
86689 113173 5013
86900 113346 6041
87151 113602 4321
86658 112935 6199
87111 113554 4737
86624 112873 5965
86590 112835 3999
86608 112917 7172
87127 113578 6763
86813 113215 6277
87108 113759 7937
86782 113137 6715
86787 113418 5814
86615 112870 5947
86974 113437 5741
86634 112932 4342
86633 112951 6576
86818 113242 8755
86877 113313 6292
86691 113119 8164
86888 113344 5521
86813 113180 3901
86846 113227 3995
87100 113546 7109
86655 112905 11066
86857 113275 5350
86615 112906 3562
86870 113289 4457
87008 113493 4273
86615 112834 5185
