2587 3741 195
2588 3743 177
2603 3777 195
2571 3790 191
2592 3771 179
2574 3753 177
2581 3741 177
2561 3767 167
2599 3784 215
2568 3746 186
2588 3739 186
2592 3777 184
2584 3771 181
2586 3755 205
2587 3769 163
2602 3776 173
2589 3801 205
2557 3716 154
2576 3743 189
2583 3756 189
2585 3766 177
2586 3748 209
2580 3753 186
2601 3817 178
2586 3744 206
2605 3806 215
2551 3698 191
2599 3769 137
2591 3765 187
2578 3741 178
2580 3727 210
2595 3759 193
2588 3764 181
2559 3716 208
2584 3739 183
2586 3787 190
2556 3699 122
2582 3755 137
2564 3710 188
2574 3770 114
2556 3708 189
2554 3697 196
2580 3736 183
2588 3750 184
2561 3714 214
2546 3688 174
2577 3757 191
2574 3761 190
2589 3798 164
2539 3683 175
2582 3739 181
2583 3757 121
2587 3748 175
2587 3747 178
2546 3688 203
2582 3759 188
2593 3769 166
2581 3733 180
2602 3833 161
2582 3772 117
2583 3752 163
2577 3721 186
2548 3684 176
2587 3744 175
2574 3743 177
2582 3746 171
2595 3762 164
2584 3734 171
2558 3707 188
2600 3782 167
2597 3771 172
2584 3738 176
2595 3772 175
2544 3693 179
2604 3823 203
2597 3765 179
2587 3741 183
2591 3771 130
2577 3729 166
2579 3761 172
2578 3735 173
2585 3775 185
2595 3758 177
2600 3772 128
2591 3781 215
2592 3764 194
2586 3746 178
2581 3748 253
2597 3770 197
2554 3697 183
2581 3748 194
2577 3772 191
2603 3799 187
2605 3809 214
2553 3707 166
2551 3733 161
2613 3814 198
2606 3788 228
2602 3773 165
2598 3763 216
