13682 19407 972
13698 19446 1006
13710 19494 1016
13688 19422 1035
13694 19425 932
13695 19423 1000
13688 19416 920
13739 19491 908
13695 19430 942
13717 19443 969
13666 19407 1097
13676 19413 612
13718 19460 873
13623 19218 950
13604 19291 933
13689 19405 914
13455 19013 739
13682 19389 633
13729 19431 817
13574 19142 881
13683 19411 884
13698 19447 998
13531 19206 925
13763 19546 944
13692 19435 648
13748 19498 991
13712 19438 931
13693 19423 1001
13608 19210 949
13715 19472 579
13684 19389 919
13612 19219 543
13668 19381 541
13666 19367 901
13678 19392 883
13699 19478 905
13639 19335 986
13710 19405 848
13697 19455 473
13616 19288 556
13680 19433 786
13694 19409 704
13717 19487 878
13673 19412 676
13597 19270 606
13703 19461 1032
13692 19412 952
13606 19317 907
13713 19423 895
13704 19460 917
13604 19194 981
13708 19460 917
13706 19438 940
13742 19519 870
13738 19490 928
13679 19399 958
13736 19473 967
13720 19461 966
13648 19361 899
13678 19428 876
13751 19544 932
13691 19452 923
13702 19436 778
13737 19463 637
13647 19346 916
13579 19144 913
13657 19377 826
13689 19443 847
13617 19226 581
13636 19344 622
13664 19378 944
13642 19277 958
13727 19482 702
13638 19269 923
13633 19268 923
13695 19438 897
13700 19446 928
13633 19256 892
13734 19470 890
13647 19391 887
13691 19411 871
13691 19381 829
13713 19422 905
13698 19425 883
13689 19447 874
13608 19187 841
13733 19473 584
13551 19263 517
13702 19507 624
13773 19572 622
13680 19395 844
13727 19465 904
13717 19438 1029
13687 19419 962
13691 19444 960
13742 19486 1039
13604 19318 888
13636 19243 901
13673 19386 923
13410 18922 856
