1987
4567
7411
10365
13407
16580
19756
23085
26326
29837
33108
36617
40262
43547
47408
50921
54575
58264
62002
65579
69408
72962
76882
80518
84247
88141
91930
95737
99681
103583
107724
111482
115279
119164
122991
126989
130959
135054
139085
143297
147621
151485
155248
159030
163030
167292
171298
175314
179379
183552
187878
191773
195838
199878
204148
208533
212664
216655
220974
225204
229457
233936
237847
241972
246031
250098
254873
258716
262707
266918
272024
275738
280256
284164
288522
293082
297464
301567
305868
310321
315123
319585
323651
327518
332036
336241
340545
344556
349294
353564
357659
362532
366428
370566
375144
379131
384358
388220
392734
397174
