7564 2115
17912 34932
17293 32790
14765 21831
21466 45276
12416 18408
8429 5772
12587 16656
12375 18228
14935 25449
10002 11088
23680 50130
10969 14133
10372 12069
8614 7086
6957 1566
10129 11343
13251 20313
11726 16152
6819 1575
15650 28212
6908 1359
15952 29001
6819 1584
9357 8547
14908 25974
10928 13836
9561 9840
8037 5064
7889 4878
10961 14055
11601 16047
12419 18411
15147 26046
10501 12729
16503 30717
18534 36822
12714 19062
11501 15567
14775 25494
10404 9531
15335 27189
6850 1743
19155 37836
14667 25242
8437 6234
6759 957
7686 4020
9263 7602
8305 5955
19907 39609
18398 36207
12016 17244
7825 4338
25214 56073
10951 13743
9922 10434
10277 12069
17844 33771
7571 3279
16617 30906
24691 54531
15829 28581
9346 9291
14091 23379
8357 5967
7875 3354
12059 17262
10356 10653
9244 8556
7338 3099
11135 14229
12579 18948
17683 34302
9225 8487
23810 51420
13629 21672
10113 11493
6832 1611
12009 17187
15488 27345
15213 26595
14118 23637
7522 2271
21180 44685
14611 21297
12112 17232
7164 2472
10101 11565
16869 31680
14247 23994
11572 14502
10626 12990
26252 59580
8653 7008
11902 16302
7218 2832
7239 2772
14547 24075
13063 16182
