13680 14103
14047 15240
18903 29808
14367 16209
29784 62427
19447 31440
12334 10083
14796 17496
20025 33147
26943 53940
17925 26859
15441 19386
21979 39027
24116 45468
18951 29937
24207 45741
27095 54405
9222 723
23922 44931
16807 23505
14619 16995
38357 88233
15252 18873
11908 8808
15076 18273
14668 17088
17350 25152
31224 66783
12788 11427
15973 21027
21683 38148
13433 13335
26217 51777
10140 3537
16170 21603
18679 29127
21301 37002
15172 18564
19686 32103
20135 33495
18373 28191
18046 27192
22846 41628
11596 7851
19617 31932
12817 11508
20073 33282
13283 12915
18733 29262
14164 15582
17378 25215
12114 9414
22984 41997
9917 2805
14768 17397
12146 9519
14378 16200
19425 31341
18547 28713
18145 27537
19638 32022
10446 4410
22181 39645
19526 31680
29896 62778
9904 2766
12879 11727
28356 58143
13437 13431
17553 25713
21624 37953
14144 15525
19039 30210
12346 10146
12486 10539
16208 21717
21518 37653
9940 2868
27491 55653
23302 42972
26025 51168
20641 35034
21361 37185
19974 32997
29437 61383
12622 10959
27779 56454
19947 32898
10758 5358
13295 12960
15498 19578
17501 25602
10688 5166
11137 6495
9614 1908
18856 29643
14836 17616
14995 18087
17678 26115
20429 34389
