11944 18444
10747 14694
8940 9891
18110 33177
18533 38631
14081 24678
20129 43302
11705 17829
18835 39219
11911 18288
12904 21405
11713 18108
9107 10227
7633 5889
8486 8244
14134 25374
17127 34416
8529 8436
8026 6996
14091 23628
12401 19650
8040 6918
5924 786
7361 5034
12937 21744
19206 39513
7991 6867
14732 26724
10275 13749
9041 9204
10037 13014
11501 17415
13338 22914
16307 31881
6847 3183
10689 15015
9860 11928
18774 39420
17587 35463
13132 22437
10634 14475
6610 2781
14962 27678
12180 19485
7699 6138
10485 14409
8273 7674
13861 24180
7774 6000
7276 4308
8280 7758
13467 21729
14515 26460
11119 16125
8771 8727
14533 25974
8294 7797
12685 20688
17299 34926
6336 1938
7280 4836
8944 9483
8206 7599
6920 3570
8510 8529
11732 18009
5849 423
20894 45591
7240 4401
12711 21090
7758 5949
22766 51051
20335 43608
19042 40170
10143 13125
24189 55605
17560 35520
14862 26886
11833 18270
11056 12699
7882 6282
15459 29019
17380 35199
9519 11343
13288 22581
11106 16350
10490 14358
16635 32538
11464 16740
10449 14118
11480 17331
17189 34506
6812 3297
12252 19518
15907 30636
13661 23340
10437 13974
17956 36270
10228 13599
20780 44511
