27001 52713
16795 21735
19942 31479
19722 30711
15577 18252
10539 3117
22995 40434
12415 4713
21393 35853
13664 11580
14456 14583
20636 33129
13833 12999
18143 25656
10061 1761
18633 27510
24391 44751
23200 37083
24731 43245
25572 48102
17243 22683
38319 86535
33139 70650
20712 33330
10986 3486
10231 2022
16188 20142
23558 41820
23819 42393
29701 60720
11292 5187
10311 2472
18144 25884
19797 30654
18910 28284
25305 47577
13298 9489
13967 13269
28937 58398
11369 5643
26594 50682
19216 28929
23904 43011
19973 31500
17904 25359
12038 6519
16703 21771
26421 50934
20164 31938
25409 47529
22502 38955
19308 28461
26801 51759
20147 32130
10710 2196
19816 29001
18386 26508
19834 30762
14245 13722
24030 42504
15029 16749
20892 34293
10777 3741
11252 4551
27643 53211
14014 13599
19753 30603
13273 10644
9914 1395
11595 6399
19672 30627
21818 36891
24354 44562
10292 2487
33032 70521
9983 1569
10342 2412
16926 22239
12479 8982
18176 26007
39116 88710
10275 2427
28402 56739
12013 7599
17087 22809
21430 35787
28240 54849
24157 44052
19762 30915
11797 6942
29088 58716
12984 10278
18681 27579
17501 23868
21017 33543
19683 29550
36204 80139
14411 14733
21592 35841
18365 26727
