15645 25833
11105 12177
24990 53838
9943 8682
13151 18141
9393 6933
17895 32043
9797 8007
13182 17889
26159 56820
11155 12189
8265 3546
11188 12348
7724 1527
12355 15537
21909 44415
8270 3591
15199 23346
12902 17127
17248 29718
14595 22200
8934 4779
20032 38268
9478 6915
8852 3687
10949 11649
17602 9975
16694 28797
12052 15021
22776 46656
35057 83907
7974 2394
12261 13674
15036 17367
23693 49815
13901 20508
9852 7650
14284 19545
24680 52014
18282 32892
9867 8481
15491 25338
11975 14688
12318 15381
10426 9849
12051 15042
10710 9714
12590 16509
7855 2427
13865 20226
19735 37776
19293 36288
19502 37203
16014 26166
16450 26187
11897 14280
10404 9849
14820 23358
9844 8052
8585 4599
8133 3252
18443 34206
8297 3549
13154 18315
10958 11520
16160 27003
12989 17625
10457 10020
12927 17490
26220 57060
13527 18009
16480 28152
9815 7362
10427 9888
11395 12024
11108 11919
13717 19917
14455 21891
15911 26412
18017 32934
10051 8418
26198 57210
21710 43908
8312 3495
12462 8919
7661 1392
17064 29913
12670 16296
15586 25605
18680 34839
10894 11376
23166 48324
10612 10614
12992 17742
9212 6303
7568 1512
13469 18858
7588 933
8162 3306
25059 53499
