21154 34122
23285 28374
18955 27315
17557 23082
29122 57348
24196 42837
16940 21495
20648 32121
27200 51975
14040 12369
18028 23406
18154 24687
26176 49260
19150 27051
21065 33576
17334 19290
12193 6054
11328 3564
26017 48819
21233 27975
34137 72966
13206 10293
14529 12462
14895 15177
23351 40161
11457 5073
14224 13458
16460 19437
31845 65805
17810 24033
18721 26967
13715 11838
27529 52695
27659 52713
11834 2973
18027 24615
15625 17781
23411 40689
14992 15357
18073 24153
10636 2166
10767 2658
30948 61221
10444 1584
24768 44949
25142 44370
19699 29946
16912 21000
12725 6141
15504 15882
14648 13065
22430 37854
23775 41727
29717 59739
11624 5682
23694 40998
28684 27807
28484 55800
30547 61860
11906 6381
30148 60639
18728 25779
35013 58455
15303 16329
17181 21504
17497 22362
19200 28452
16714 20586
16400 17601
19522 29427
33295 70548
17109 21885
15451 16965
29482 54951
15143 15750
22180 36834
39502 87654
29300 58527
11052 3831
31143 63225
11071 3741
14042 12849
11561 4905
22268 36840
22632 38364
12762 9078
25940 48600
14654 11484
24583 40362
12581 8367
30645 62328
32207 63786
43691 78948
10755 2250
19254 27900
11743 5415
14166 13368
20700 32757
17208 21942
10532 2400
