23976 50085
11787 13611
15782 19506
10760 9981
16603 27027
16006 26010
10418 9453
17470 30051
24715 51021
11178 11454
11058 7713
13808 18681
26209 55335
13955 19899
13039 16908
17784 29136
10533 7389
9532 6222
13293 17715
15964 25368
18444 33654
19408 36039
18842 34092
19398 36516
8592 3804
16554 26040
17294 29214
16252 26844
14248 18801
15327 24252
22879 46242
13610 19050
19760 37176
14835 22719
15389 22365
9419 6081
22704 46299
14087 19830
18279 32013
17419 30585
15729 1656
14155 20706
13752 19281
31563 72255
15122 20871
12453 15444
12272 14373
8361 2664
11830 13806
18544 33324
11213 11778
10018 8136
16903 25938
13960 20166
12113 13941
8335 2862
10418 9465
12385 15156
17341 29961
20371 36867
23687 49296
17427 29910
11599 12843
20623 39030
12201 14364
26847 58407
13842 19215
12378 14466
19720 33399
16388 27381
16867 28092
10402 8964
11542 12819
21130 40839
12613 15888
15141 23058
20166 38925
8618 3786
12593 15594
22825 44859
11917 12780
22179 23145
19588 36006
12305 13410
10832 10404
12412 15504
18287 32049
14198 18783
12955 16917
21696 42303
20357 38967
16766 27981
13816 19212
9301 3633
9542 4116
9052 5508
9571 4656
14259 20529
20057 38334
10260 8898
