6534 11325
6378 11682
7521 14787
9047 11232
5007 5643
6499 9084
4157 4104
3455 2718
3351 2451
5118 7980
4362 5517
6031 9753
4789 7185
5658 8145
4203 4122
3615 2373
7965 16134
6123 10500
3859 3552
7285 11946
6767 11094
5070 7908
3668 1992
2922 1026
3301 2454
4738 6729
9632 21084
7352 14022
5149 7539
5381 8430
7637 15123
2744 756
5287 8289
5515 8532
4716 5049
2797 924
4085 4755
3561 2937
8448 13704
6250 11052
3574 3348
5008 7383
3601 2514
10037 16293
8295 9822
5067 7302
9611 18903
5441 8388
3200 2058
5902 6147
2830 987
5844 7038
6280 11226
6939 6153
5099 6990
4484 5361
5485 7860
4329 5250
3833 4038
4659 6792
4163 3321
5115 7506
5057 7632
7168 6468
9076 13881
4564 6519
6816 12090
5190 7104
3918 2661
6943 12648
4902 7443
4236 4443
4013 4662
3404 2247
5049 5106
9968 21774
7595 14751
5034 7191
4834 7254
6140 9453
7010 13584
3288 1527
6964 13176
4082 4644
4473 5967
3197 2022
3266 2124
3141 1881
5125 8058
3786 3798
5135 6327
7279 12864
6456 3843
6714 11754
3078 1656
4080 4716
4093 4086
6449 8304
5803 9234
6839 10908
