5719 7653
4644 4212
10541 12855
6155 6339
5976 8241
11249 23019
5474 6822
9712 17802
4792 4551
4405 2799
4419 2901
8927 15396
5162 4392
7330 8817
3867 1893
4389 3705
7289 7362
6886 10599
5423 6330
5086 5691
8673 16644
7119 11829
6229 8943
10777 22260
6449 8811
7456 12486
7860 14325
10306 18492
5070 5691
11474 22902
6896 10056
5184 5832
7193 9699
5673 7386
6197 8469
7757 13293
5874 8025
8411 15843
7784 13482
5278 3828
6695 9513
7515 12447
7377 12516
7921 14346
6189 8874
11180 14430
6440 9483
10344 16449
14509 25002
4291 3210
5118 4632
3882 2262
9966 20454
6703 9966
7960 10989
3611 972
7763 13560
6111 7887
4754 4320
7882 12390
12550 24081
7155 11586
16472 33603
7846 13938
6517 9108
6886 9555
5738 6957
9087 11274
6693 10170
10812 13278
6515 9747
5220 5607
5278 5991
8550 16209
10159 15378
4789 4440
5044 5262
6667 9519
5537 6306
4130 2277
9245 15369
6055 7821
8946 17169
7892 12870
5028 5217
4944 5064
14997 24567
13225 28113
9487 15051
6880 10167
7584 13200
4301 3462
12718 28269
6687 9696
5864 8319
5073 4314
12843 28680
7696 11490
4749 4689
4926 5310
