19996 40575
8372 5670
18676 35958
6675 675
7417 2577
7098 1863
17350 31428
13369 20742
7866 4266
12080 16845
23114 49842
28353 65514
15555 27336
10317 11439
13023 19386
9618 9462
15475 23994
13566 21015
13342 20658
8864 6624
7840 4152
9356 8511
9516 9183
7706 3177
18977 37053
9490 8937
19361 37083
8898 7053
9254 8316
10150 11121
7402 2382
12287 17196
7065 1854
10457 11208
14265 23154
18980 37374
9240 8334
16154 19293
6662 438
19929 39585
12921 19089
9995 10029
12258 17115
9505 8991
16967 31455
12204 17244
10347 11472
8983 7185
7225 2037
8055 4566
10578 12336
10969 13266
28417 65682
19746 39954
10870 13209
10897 12993
14025 22059
13415 20760
17466 32955
8585 5790
7633 3132
7338 2655
13062 19746
8342 5418
11022 13569
7064 1167
19979 40512
16975 31443
15440 26394
11796 15534
12922 19281
23992 52458
15110 25917
10206 11028
6776 651
12106 16533
7152 2037
13080 19875
20254 41070
19687 39666
9195 7869
11909 15930
8582 3291
11917 16413
26078 58674
8227 5064
11319 12774
7168 1236
17215 31953
22324 47688
8486 5841
17291 32430
7951 4215
7709 3633
6993 1344
15603 26241
14025 22635
14689 24510
15279 25929
10197 11118
