3401 7602
1792 2751
1043 474
1951 3210
1771 2667
1748 2574
939 144
1057 510
1329 1353
1115 711
2393 4560
1141 762
1286 1215
1491 1812
1306 1293
1536 1980
1976 3303
1962 3261
1036 465
2067 3576
1022 414
1156 825
1568 2070
948 174
2106 3690
1362 1458
2008 3387
1007 375
1624 2226
2097 3666
1815 2811
1228 1041
2047 3480
2279 4209
1694 2454
1462 1761
2093 3660
2139 3771
1956 3213
1185 921
2672 5382
1574 2076
1783 2685
1770 2664
1280 1188
2670 5376
1447 1677
946 192
3674 8433
1604 2193
1818 2829
1719 2547
969 228
1875 2973
2310 4314
2017 3414
1543 1992
2253 4107
1731 2547
1125 732
1158 804
1022 432
1010 366
1627 2262
1613 2196
1588 2121
1669 2388
1584 2124
2276 4209
2642 5310
1781 2700
1801 2769
2096 3681
1873 2982
1805 2790
1213 1002
1278 1182
1103 666
2916 6132
1708 2472
1187 909
2323 4335
2749 5649
1109 693
1497 1890
902 36
1808 2772
948 192
1454 1707
3047 6489
2360 4437
1620 2241
1369 1464
1153 795
1964 3255
1721 2547
1818 2829
2529 4980
1634 2268
2037 3504
