11103 15396
15656 29175
13069 22296
10114 13656
16090 30702
11128 16608
11569 17343
5688 633
15545 30333
6016 1164
8351 8475
11830 18606
7184 3999
9637 12423
10631 15561
10301 13911
17153 18783
10223 14436
10001 13557
8670 9246
8572 9204
13774 24876
5869 939
7480 5106
9855 13179
17382 35814
11183 16776
18694 36321
12779 21897
7169 3978
9156 9438
15837 30978
8357 8625
8480 8196
6983 4515
15299 26262
9938 9615
13139 22044
18861 38439
6604 2649
7226 5061
7592 4305
15399 13875
17689 36591
10444 14751
8767 9357
13019 21522
12244 20544
13504 23208
6913 3816
15998 24855
16585 28833
11473 17856
20677 41958
18789 34317
12919 22080
15200 28122
12252 19530
9198 10809
6976 4005
13250 23247
7820 5892
13595 23967
21764 47571
14007 25344
15627 30372
17304 35094
10186 13740
9584 11760
12234 19878
7284 5235
8023 6021
10272 14211
6454 2091
19392 41559
9836 12114
8041 7254
9640 12609
7835 6711
11093 16290
6690 2502
12992 20634
15396 29415
16792 18435
8632 9342
13378 23100
12406 19938
15424 13257
7316 4668
8696 6861
11056 16605
8144 7611
8597 8994
6871 3870
18130 32172
13545 21180
12268 20037
10214 14340
14907 8934
6483 2952
