12156 8040
24974 46524
19090 28824
16250 20331
22330 38580
16066 19773
24806 46011
10110 1878
27748 54837
31999 67599
19397 29748
12780 9921
9838 1062
11954 7410
19344 29589
17867 25176
11901 7302
16748 21846
24150 44049
10687 3618
12155 8028
11992 7569
20250 32313
29718 60744
11153 5007
10658 3537
10165 2049
14161 14037
18903 28245
9977 1560
30831 64122
20570 33303
18900 28266
15733 18774
19308 29508
14058 13719
11979 7482
21052 34740
18811 28032
18057 25734
10405 2781
13001 10605
10223 2205
14210 14223
14387 14700
9651 489
26902 52317
14258 14346
23074 40815
27652 54522
13451 11919
21443 35901
10468 2952
28199 56217
16750 21816
14536 15174
30142 62025
13790 12954
9840 1065
17499 24117
28894 58344
10167 2040
10420 2844
19001 28593
14754 15837
14359 14697
23526 42168
20515 33162
10453 2943
19786 30966
18923 28380
13543 12228
21115 34944
13257 11328
27761 54900
14703 15675
17924 25308
17330 23553
15868 19197
11129 4953
12274 8388
14835 16095
9706 645
22747 39834
33720 72750
26867 52182
11439 5883
19328 29523
13595 12351
19133 28974
34574 75324
21467 36018
21388 35748
33549 72255
13427 11865
26968 52476
24607 45429
21069 34791
26472 51033
12981 10500
