4050 7161
3142 3936
4900 9531
7436 12879
4852 6882
5908 9831
2027 1275
2547 2643
1844 870
2437 2208
4218 5166
2593 2445
3113 4572
3300 3819
2882 4134
5649 11577
3248 3786
3150 4311
6053 5688
7054 16395
2571 2808
2656 2838
6337 9975
3850 6135
2295 1494
2838 2613
4347 7530
4892 9909
2702 3204
3859 6465
3445 5574
3198 4836
4039 6207
3859 6132
7073 11574
3694 1629
2903 2580
3531 4017
2481 2088
2331 1353
3926 6252
2250 1788
1993 1116
4571 7650
2596 2934
5055 9783
4066 7344
4332 7617
4501 4128
2489 2844
5108 7221
2712 2400
3638 1407
2334 2061
3956 6633
1969 675
4104 7131
1749 588
3320 3336
4835 9750
3006 4014
4035 7314
2963 2562
2224 1659
7626 7341
3921 6972
3937 6162
1868 930
3165 4548
2086 1641
5020 9213
4177 7275
4386 7005
2370 2421
6804 12786
4255 7332
4044 6543
6229 12792
5120 5778
4100 7743
6507 9174
2247 1860
5062 5814
4299 8247
2994 4044
1849 732
3112 3768
4622 8991
3079 3897
3182 3183
3130 3852
2497 2781
2822 3444
4789 8508
2393 2649
3760 5532
5675 10635
2647 2361
2891 2499
3332 5037
