5344 6534
4905 6750
3611 2427
5224 7713
3060 1047
7667 14496
5884 8850
6025 9297
4843 6408
7344 12450
4003 2709
5712 8952
7238 12114
7879 7875
12159 17259
9457 19950
6438 10545
6384 11322
5573 4971
8106 12936
3897 3699
8821 10737
7082 12708
3688 2553
3968 3111
4843 4737
7383 13824
4182 3627
7089 12717
6162 10596
9962 21558
6320 10374
6177 9903
3025 699
9535 10776
4496 4653
6884 12027
8190 16164
5818 9645
9071 18669
8112 15903
4616 5775
3729 2634
4472 4398
7596 13821
5373 4596
4699 5913
3037 828
8010 11391
5414 7947
3304 1749
3238 1170
4531 4407
5919 8775
3386 1923
2975 804
3621 2058
5854 9240
5853 7245
5342 7791
4036 3840
6111 9078
4777 5982
6215 2190
3370 1962
2867 699
3840 2535
5766 8787
5793 9117
5377 6651
4552 4347
6989 7188
6447 11025
6590 11619
7043 12813
9613 20730
3678 2715
3459 2199
5413 5892
8126 16212
9812 20931
7365 9309
4046 4311
7822 15153
4139 4389
6813 11577
10247 22704
5380 6840
5146 7338
3098 1518
5818 8070
3673 2241
4228 3948
4298 4647
7396 13632
4893 6588
6104 10005
3310 1728
8730 10428
10373 22977
