3657 5787
2514 1962
4966 9867
4416 7998
2603 2055
4113 7230
4207 7629
1990 894
3923 6339
4401 8046
2938 3678
3675 5019
3428 5076
2512 2397
5784 10893
3098 4032
4376 7899
2553 2583
3816 5844
4930 9744
2512 2616
3260 4641
4490 7698
2510 1734
2389 2055
3060 4185
3793 5790
3462 5190
2880 3453
4018 7023
2621 2502
5733 10749
5084 9480
4992 9819
3333 4899
3713 6057
3039 4044
3320 4824
4761 9195
5186 10428
3339 5007
5150 10407
3209 4374
4816 9417
2626 1785
4968 9906
2253 1266
5204 10482
1840 462
5706 7596
2585 2394
3070 3951
5194 8427
4341 3060
5393 8502
3214 4572
3155 4215
2876 3504
2599 2148
1886 525
3495 5037
3303 4950
2452 2190
1812 369
4993 10059
5258 10623
2780 3294
2742 3237
3352 5055
3699 6081
2617 2712
2433 1737
3842 6519
1841 414
2461 2427
2588 2529
3175 4458
2513 2388
3827 6552
5248 10470
2717 3123
3403 5181
2551 2547
4642 8925
4066 6972
4102 7242
3951 6432
4924 9693
4428 7716
2311 1842
3079 4290
4720 9018
5200 9942
5283 10773
4005 7059
3461 5382
4293 7785
3408 5154
3698 6156
2148 1488
