4788 3975
8759 14595
10775 14127
7234 11448
6064 5601
8880 16263
8554 15120
3846 1410
14093 25359
8966 15678
8380 14472
8316 13191
8351 14895
5407 5616
8212 14370
6105 8166
7991 11811
12828 22035
8073 14166
4767 3972
5231 5673
5797 6291
3692 942
7939 13791
7568 12234
11998 24807
10359 20775
4922 4482
7754 11901
8907 16845
5012 3798
10541 20127
8856 16086
4865 4083
8199 14127
5485 5871
7762 12894
6792 9981
12156 25821
11147 22332
4947 3522
10687 18687
6281 7914
4171 2499
4927 4287
7793 13071
8673 14157
9896 19455
5258 3936
11047 22647
9943 18291
3832 1368
4424 3285
6016 7944
5473 6129
5762 7110
11389 13824
4399 2787
6079 6843
6719 9354
6608 9357
7200 10767
5517 6402
5992 7890
6588 8313
6741 10026
7720 12762
6998 10788
5021 4677
4448 2622
11106 22344
5144 5202
8006 12480
7007 8820
3846 1614
14035 31680
11058 23139
9493 18528
8709 14880
6362 9006
7953 13416
7776 10908
7663 12711
5638 6066
6078 7989
7377 11523
8473 5487
7566 1995
12816 25263
4921 3366
6503 7638
9214 17769
8988 15000
4994 4551
10200 18273
13185 29361
6935 6771
6267 8529
7370 11985
14625 33702
