2699 3726
3505 5154
4864 11259
2853 3471
2391 2895
4662 7425
2911 5283
2803 4452
2249 3093
4143 8271
3719 7254
1437 804
2536 3705
1668 1125
3522 6888
2999 4104
2782 3198
2240 3333
2302 2697
3080 5604
2528 3861
2441 3975
1771 1404
2105 2982
3649 7293
2991 4569
2557 4203
4595 8448
3841 8193
2609 3069
2167 2406
2578 4242
2238 3027
3192 5592
3553 5901
3119 5790
1893 2064
5174 9414
1562 903
3922 5037
2664 4512
1977 2538
3122 5790
2616 4344
1677 1182
6290 8709
1349 603
2129 2829
4811 6726
4201 9147
3229 5055
3573 5280
6256 11364
3052 4818
2171 2286
2732 4767
5146 11139
3218 4218
4051 7119
2332 2199
4372 9078
2371 3369
2829 4824
2746 4344
2405 2247
4263 7488
4105 8916
2519 3681
1660 954
1590 1269
1836 1815
2535 3720
2243 2832
3024 4752
2423 2313
5833 10344
3904 8019
4955 8382
2259 3003
3203 2361
2619 3771
2644 783
3071 4521
3392 6387
3180 2916
2002 2442
2035 1896
7157 15819
4074 6318
2912 3687
4868 7290
2616 4032
2134 1905
3378 2985
2776 4335
3159 5001
1820 1902
2586 3846
1445 735
2958 4794
