2483 2460
3381 4962
4720 9210
3894 6519
5358 8919
4354 8064
4741 8988
3224 4359
4672 8088
4661 6957
2620 2412
4386 6729
4150 6339
4276 7854
2445 1896
2707 2799
3402 5073
3199 4425
4859 7239
4363 4539
6341 12492
5043 8958
3178 2535
4115 6729
3463 3249
3430 5181
3441 5148
4302 7866
5051 9537
4889 8043
4339 4782
4836 7392
3767 5589
3662 726
3797 3390
4963 9087
7083 15261
5158 9822
2521 2319
1824 594
6414 12072
6032 12489
4309 7962
3064 3780
2736 2271
2856 2697
5449 10932
4899 9261
2373 1527
7634 13929
3444 4860
3877 6705
4481 8244
4139 5829
5234 6018
2673 3021
4070 7107
3276 4740
3103 4281
3221 4146
3127 4368
6324 13446
3642 942
4571 7587
4194 6117
4460 7335
3559 5244
4636 7716
3358 5049
4058 5319
8485 15789
6250 10329
3983 6834
4651 8994
3980 1920
2114 1542
4022 5853
6336 13533
3757 4926
4037 4416
2510 2751
5076 9399
4461 2931
4101 2115
6551 9876
2717 3276
3290 5064
2764 2106
3220 4515
2694 2892
3281 4713
3282 4740
2976 2535
2646 2118
4992 9723
3695 4122
3526 4977
2724 2487
2909 3258
8363 11103
