9136 9528
9525 10668
9668 11106
9874 11688
10092 12360
13383 22239
10383 13224
9821 11547
15130 27474
15653 29097
9115 9417
9083 9315
7983 6060
9682 11112
20575 43818
22279 48963
19683 41157
16826 32562
20102 42399
8717 8214
14041 24171
9367 10158
15260 27873
13801 23514
9500 10566
8024 6126
10319 13011
8558 7740
13562 22788
10810 14523
10932 14871
11418 16365
15418 28347
15912 29838
15902 29772
11270 15939
6876 2685
8244 6795
6036 165
10037 12174
20931 44892
9196 9654
6762 2367
17126 33459
9687 11136
11263 15846
7015 3102
16527 31665
7536 4683
13780 23439
20626 43989
10840 14595
11614 16935
9703 11193
9170 9645
5999 6
17583 34830
9776 11439
9040 9204
8750 8307
13760 23400
7570 4800
12648 20016
7884 5700
12113 18402
16038 30216
13949 23958
19253 39861
16220 30804
12373 19218
12460 19497
12353 19134
6356 1134
6715 2202
14149 24510
18246 36822
11314 16035
9853 11679
12064 18255
10037 12174
14976 27027
21660 47136
13684 23145
18367 37194
7693 5133
8644 8022
20062 42303
14655 26073
8337 7104
11307 15978
10912 14790
8839 8574
23659 53088
6392 1215
11795 17523
8604 7869
6302 960
7396 4269
13782 23394
15481 28527
