7169 6675
8646 10896
7325 5904
12986 24741
5824 2589
9621 14571
11329 15828
7170 7464
6217 2874
11534 20211
8273 10521
14186 26823
8191 9441
16699 20205
9483 13518
8438 10068
15914 32040
5292 1608
6695 3597
11174 16782
12113 22395
12605 22851
16530 26052
6560 4959
13775 25440
15414 32013
18537 37461
7302 7830
7696 8664
14281 28467
18087 40092
7756 6711
14993 30576
7355 6528
11158 19428
6648 5826
9914 15771
8862 12270
10715 17967
5169 1662
6843 6648
12238 19665
13767 17478
11367 19179
8262 9801
5519 2736
9809 14391
8497 9252
8208 10374
5956 3501
12273 22503
9039 13017
11364 18177
17549 38721
10849 17595
5028 1005
9146 13236
7557 8394
10193 16203
9938 15453
14311 28260
7314 7248
6814 4548
8968 12315
9245 11136
8956 12738
10952 17355
8892 11673
12534 21615
7668 6834
11034 18696
11831 19776
13937 16182
10345 17145
5565 2259
10309 16410
11099 18279
14509 14871
4915 732
12082 21231
14891 23094
11013 18060
19198 39171
7241 7230
8019 10116
8572 10758
7059 5658
6337 4977
11703 19494
14127 27651
5949 3960
7863 9615
14308 28941
13349 24858
13160 11118
13849 26793
7577 8604
12095 21096
6059 4206
13249 24813
