13755 10737
18199 24471
10976 3237
24715 44364
23484 40365
15175 13638
16866 19503
36158 78828
14983 14673
14842 14577
22649 37986
22255 30492
12688 7884
13405 10122
31006 62325
37230 81285
15953 18075
14500 12618
30960 62055
17654 22335
41605 95121
30279 60816
21297 33615
19574 28974
27445 51792
22130 36231
17042 21222
11889 5286
27423 52122
26272 48204
39214 87906
24676 44019
14510 12987
14806 13893
10720 1794
17992 23679
14215 12444
16875 20307
30453 61386
13378 9291
45473 76557
47503 99873
15398 16143
11166 3744
15546 16665
14640 13323
13614 10866
10324 774
18845 26325
25060 44976
15718 16704
37345 80361
13980 11880
20607 31215
31187 63042
17494 21591
11893 5310
12939 7971
12167 6369
21636 31914
37520 82644
31477 64413
15444 16368
30625 60288
27045 51132
24744 38079
17118 21186
22059 36228
12947 8034
26425 48981
29705 58989
12684 5598
17639 17757
18699 24663
12051 5760
30648 61677
15211 15792
13548 10626
10833 2142
14072 9471
36410 79131
15337 14835
20156 30474
19673 28644
23792 39837
16984 17628
15196 15468
27867 36981
26913 50550
20722 32172
27328 50307
14229 12852
18709 25404
20644 31113
23922 40875
12214 6741
25507 45813
20670 29097
18591 25197
31198 63114
