7155 6291
10957 17487
15631 31506
6839 4428
16344 32661
8725 10752
10070 14871
9663 13593
6895 5496
5417 927
10968 17637
14099 26550
12231 21480
11582 19392
17063 35973
18078 39036
10610 16488
7463 6930
5801 2148
9885 14223
9089 11946
9702 13572
6267 3540
11333 18168
14685 26640
7452 6246
15795 32121
15263 30381
10934 17490
11884 20163
5767 2163
6438 3387
16498 33303
12638 22527
8784 11106
6260 3297
6526 4275
7205 6177
9050 11472
12526 22359
6831 4251
8880 10356
13614 25470
14330 27747
7594 7257
8654 10050
15685 31335
7412 6993
11586 18786
11938 20448
8341 9669
10214 15096
8663 10707
12008 20388
15273 30075
7705 7914
6370 3774
9209 12249
9399 12726
14586 28179
13964 26670
5689 1596
5660 1716
6688 4557
6500 3993
14995 29670
9971 14637
10685 16605
10959 17184
6590 4272
17426 37116
11676 19500
10831 17268
7521 7404
9089 12120
5571 1209
13539 24903
15622 29976
9915 13077
8121 9150
8342 9738
16382 33666
14849 28992
5140 258
12755 22845
9737 12072
17553 31908
7383 6789
10083 14649
13159 24348
7261 5919
6719 4698
8843 10416
10999 17817
5909 2250
8843 11286
7115 6075
15341 30459
12002 18183
7292 6660
