7368 5958
7484 6324
14267 26700
13993 25878
11258 17676
13364 24039
5669 855
10309 14802
5952 1728
6112 2202
6960 4761
17638 36816
14023 25944
7391 6036
10767 16164
14824 28374
12291 20739
9210 11493
9404 12096
10097 14166
6349 2928
10567 15549
8453 9198
5745 1101
18549 39573
8217 8535
14579 27666
10770 16176
7633 6783
8657 9873
9205 11487
8073 8076
9274 11688
9079 11163
8021 7920
7821 7329
15363 29988
11046 17049
18652 39882
7085 5130
16429 33198
10956 16752
5535 453
10421 15126
10815 16356
14698 27969
6777 4188
8636 9798
12323 20862
14734 28101
6492 3348
12177 20421
9862 13452
6024 1938
17164 35376
11276 17739
5760 1152
8212 8538
6387 3018
8040 7977
7401 6057
8751 10119
20227 44538
11413 18120
14763 28182
8317 8805
12608 21705
19389 42078
14894 28566
13744 25149
7613 6750
7203 5529
9103 11166
14409 27111
7299 5781
9955 13746
6328 2850
9817 13353
10643 15774
7146 5301
11499 18381
17056 35079
6517 3423
16859 34485
10361 14949
8672 9882
12733 22143
7717 7005
12318 20880
13066 23064
7806 7293
5602 687
7954 7743
5778 1179
7882 7527
12285 20748
15257 29709
7137 5310
18048 38064
8445 9225
