11974 16779
12572 18624
11103 14190
12375 17997
6982 1794
13047 20004
14242 23607
9110 8211
9057 8100
15613 27732
11820 16335
8824 7365
10022 10941
7958 4746
10489 12333
10477 12297
7878 4491
11469 15291
13345 20910
7537 3468
14804 25302
15807 28401
8558 6573
7477 3315
7478 3327
22275 47718
10491 12339
11198 14451
10391 12075
9959 10767
17379 33039
12797 19284
8223 5550
24771 55221
18818 37365
9659 9858
9313 8793
6623 735
14971 25806
9978 10842
13720 22023
13371 21003
17943 34731
14504 24375
12777 19251
10631 12750
9126 8298
9628 9765
9171 8376
13266 20652
13690 21945
6409 66
17246 32628
7107 2184
16049 29046
8558 6513
13345 20892
6988 1830
18402 36150
15007 25941
18983 37860
16194 29454
9077 8115
9316 8823
12362 17985
15722 28038
14704 25032
10461 12273
10172 11397
18142 35334
15384 27045
8540 6519
13579 21621
19526 39489
17438 33216
8685 6948
22299 47769
14362 23961
7299 2763
10034 11004
8345 5892
14465 24270
18218 35574
12444 18186
19695 40002
10284 11724
8071 5106
12027 16956
10479 12303
11838 16377
7146 2301
20964 43830
8015 4899
12266 17700
11872 16506
16270 29712
6519 414
8113 5178
8170 5382
12265 17679
