19239 33819
24127 48483
15345 22143
29990 66060
8940 2892
22160 42600
13725 17286
21966 41961
8211 690
11933 11892
30352 67164
18078 30315
8147 522
10373 7194
18191 30657
13070 15291
17647 29043
16371 25194
14863 20652
11079 9348
9913 5823
16019 24159
11198 9678
8601 1860
15022 21150
24006 48129
9978 6018
11179 9648
16754 26400
9662 5049
9434 4359
8170 558
21182 39657
9504 4605
8436 1392
27751 59364
9646 4983
19797 35475
8645 1992
10918 8844
15563 22773
22107 42396
10888 8739
16734 26331
8784 2433
10578 7809
21673 41100
19451 34425
8105 372
22622 43950
12240 12813
14745 20343
17521 28626
22012 42144
26989 57048
26107 54468
12015 12144
15795 23457
9613 4875
17621 28938
12119 12432
12949 14895
27397 58281
24861 50700
8634 1941
16768 26370
19582 34848
18195 30657
15863 23700
16113 24402
16104 24405
27912 59829
13010 15129
30820 68607
16260 24888
10764 8376
17473 28509
23555 46758
11805 11517
20625 37929
16890 26781
26405 55287
29584 64824
12526 13662
37389 88260
17868 29712
15385 22254
10974 9033
19103 33390
16699 26145
14488 19521
18622 31992
16725 26268
8647 2016
20031 36186
14362 19158
18259 30867
10417 7299
10443 7386
11387 10227
