794 684
1293 2100
985 828
2277 4518
855 783
1763 3333
1246 1650
1476 2694
1268 1911
1697 2898
1301 1755
1073 774
1117 1422
1452 2478
1416 2223
1404 2259
857 627
959 1218
1324 1920
2066 3717
1110 1539
1054 1419
1054 675
1866 3915
1580 1983
1253 1530
948 990
1597 3066
1259 1902
1425 669
822 405
1246 1887
599 123
1743 3048
1161 1812
723 498
871 795
1933 1623
1116 1608
2385 5475
1304 1782
1721 3063
1529 2952
1186 1104
1448 2460
1553 2721
988 987
1104 1578
1704 3201
1434 987
709 363
1013 1362
1272 1464
1571 2766
1751 2145
2358 4656
1047 1044
967 666
1355 2292
1738 2919
915 981
1006 1332
1145 1374
1534 2781
1359 2307
1428 2562
1077 1326
1421 2445
1116 1509
1466 1083
921 1113
777 414
1353 2385
1498 2232
1018 1074
1794 3630
1683 2946
1837 3438
890 744
1200 1209
2359 5355
912 804
2104 4059
3189 6240
1412 2391
2259 5127
880 456
1942 3072
774 495
879 813
1615 2919
926 1038
1952 2949
1360 2355
1976 3363
1464 2154
1706 3195
1263 1401
657 306
2604 5904
