2589 2760
2476 2358
1982 900
4085 7254
3638 5907
3767 6258
4035 7107
3971 6888
4076 7194
3585 5745
3983 6924
2019 987
3088 4203
4236 7680
3825 6468
2342 1974
4167 7476
3025 4020
4781 9297
4241 7689
3237 4686
3899 6678
4758 9237
5319 10932
6048 13143
2106 1284
3357 5064
1907 675
1786 315
4235 7722
3597 5757
3915 6699
3979 6912
3607 5796
5286 10869
4126 7362
5332 11016
5717 12144
1932 759
3414 5232
2745 3189
3622 5838
2519 2559
6096 13281
3401 5157
1710 48
3374 5115
3857 6600
2978 3861
3307 4869
3828 6477
2057 1116
2660 2964
3502 5442
2375 2082
5574 11688
2289 1851
3387 5133
1700 21
3321 4920
2773 3300
6226 13668
2410 2187
3650 5931
2720 3198
2216 1596
4140 7410
3732 6150
5134 10383
5184 10536
3465 5349
5194 10590
1853 507
2288 1821
3580 5721
2473 2364
2115 1326
4632 8886
1825 411
3113 4338
4125 7368
6659 14997
4594 8772
6909 15735
2792 3330
4802 9414
2923 3753
2965 3852
4770 9291
2899 3678
2481 2409
1890 618
3389 5094
3065 4122
2100 1248
2471 2361
2617 2808
3666 5946
3761 6246
3210 4620
