14311 25224
8228 5904
16597 32115
8205 6642
15534 29025
18900 37326
7885 5892
15957 30102
7105 2145
7410 4734
11981 17505
17347 34092
9871 11511
23542 53271
14887 24756
7789 5685
12492 19677
7951 5736
6228 981
14135 22854
12375 15726
10203 12846
15944 28119
8588 6423
12819 20862
13015 20784
16524 30960
6756 2877
11312 14481
7325 3894
8927 9189
10763 13908
13236 20682
14131 24915
12169 18456
6374 1065
23546 33675
13084 20163
16125 30957
10817 14946
17374 17043
6925 2721
14870 26352
10175 10368
9811 11670
13931 23460
24376 44163
17773 18540
12631 18291
8888 7236
7142 3843
7679 4995
8564 7623
10505 13815
7060 3780
10720 14778
22582 49833
11089 14727
23523 49926
14683 26376
10389 12663
12072 18033
13512 22677
12229 18672
13478 21426
7673 5268
10184 10752
11238 15114
14309 25380
6948 2787
19520 40689
17839 28128
17251 16539
9437 10824
12784 20550
18103 36147
19030 35562
28589 67281
11790 17532
10244 12588
13553 22683
23712 53742
15522 29058
6539 2145
9166 9378
8233 5961
8184 3819
6930 2859
15372 25887
18839 34263
20258 39834
10031 9843
10524 12822
9146 9282
14242 24015
18180 36654
17302 33015
9238 9627
9598 10893
11567 17076
