33505 80541
11462 14358
10196 10578
14504 23478
16072 28179
20132 40377
7523 2553
12942 18846
20104 40293
15637 26868
8815 6438
10613 11814
18444 35304
16391 29139
12898 18693
11637 14868
16874 30603
8690 6051
16365 29070
24380 53148
14976 24885
28140 64428
6963 825
8309 4926
6904 642
10012 10047
7817 3396
22598 47766
19854 39555
9969 9897
13802 21435
10103 10293
16385 29148
8639 5889
8765 6261
8133 4371
15218 25629
10961 12828
10777 12303
10016 10056
7866 3591
22129 46386
10185 10521
13205 19581
9594 8736
17120 31359
9821 9465
13305 19935
8029 4023
9378 8109
11604 14787
11918 15744
17871 33603
11957 15843
21451 44346
22802 48417
25243 55731
21469 44397
16665 29997
26985 60939
10692 12057
19999 39987
10886 12612
10279 10809
14820 24441
11352 14019
13301 19860
9132 7362
8063 4119
9729 9168
21842 45528
12034 16113
16315 28920
12286 16833
16678 30042
18766 36273
15138 25404
12724 18183
11151 13473
20998 42960
15128 25368
13389 20124
10303 10929
19708 39108
12742 18291
8313 4920
17181 31518
12889 18651
15275 25806
19583 38739
6801 342
13080 19251
8050 4152
18346 35040
8940 6786
15799 27387
10352 10983
10878 12591
16474 29424
13171 19467
