13030 19617
11528 16299
13034 19896
10944 14847
9677 10770
8560 6357
6732 2190
13311 22260
11714 17337
16332 29067
6250 1050
13522 22713
7234 3462
10953 15012
13068 21198
8464 5394
8943 7233
6721 2223
13696 14673
11227 15873
11339 15285
15822 23979
15223 25761
13642 22419
15666 28071
10059 11697
8169 6006
13802 23409
8417 6003
18133 36195
10500 13500
11470 16320
14300 7410
14819 25581
19405 40440
20870 44328
20797 43134
9865 11841
13357 21846
23188 42021
16000 26832
14449 25599
13137 18549
11138 14424
15622 6435
19637 40530
15617 27492
10910 13959
9188 6735
23097 49806
8271 6930
12087 18237
7319 3912
12462 16512
16383 31137
24959 55851
11855 17775
20386 41397
17585 34713
18495 37341
10120 12195
10749 13962
9836 11706
11244 14595
8896 5832
10180 10587
8971 8439
15989 30054
15948 10656
15572 28467
11380 16353
9627 11190
18860 37368
18755 36945
17596 34881
15505 25275
9835 6642
13809 22506
8165 5748
15547 28869
7000 2940
14739 21060
8150 5823
11607 16011
15788 29553
8953 8031
6711 1860
11474 15777
9206 8355
6836 2397
16909 32478
9029 7923
16053 30390
11414 14853
23816 47397
13038 19956
11848 17208
21775 45636
12133 17931
17015 31512
