5658 10668
5938 10446
6028 12192
3921 5835
6805 13005
5562 8397
4479 5430
2974 2955
3375 2589
6746 14085
7249 11841
3960 480
4175 5568
6317 12348
3518 3504
2585 1467
5961 11541
8187 18144
4569 7668
4588 1974
6240 9285
5187 4221
3180 3168
5900 11286
2266 837
4225 978
2646 1674
6463 12660
7985 12111
5785 5904
3863 5571
5146 9153
5167 8724
2688 1539
6547 7539
4728 8256
6877 7662
4112 660
6700 13254
2219 858
3906 5811
5033 8895
5786 11265
2874 1977
3219 3426
4366 7266
4384 6873
5802 8724
6905 13953
4302 7014
9187 21174
3592 4902
4367 4815
4008 5985
5742 10299
4531 6768
5698 11283
4412 7275
3238 4032
2197 714
6267 12516
5225 9888
6852 14655
4922 8697
5009 7950
5863 11517
4055 504
3327 3330
5428 9372
3328 3417
4001 5928
4127 6042
3996 5937
4944 6252
2167 615
4887 8064
2723 2127
5279 9840
6379 12726
4024 6303
3744 4776
5607 7746
7739 17175
4778 8241
4739 8550
7987 13956
3300 3684
4136 6522
2502 1656
4213 6156
3138 2541
4869 2865
6932 11952
4789 8520
2354 879
5452 9654
5060 7878
11078 22389
2283 735
3213 3507
