3072 2088
2445 165
3939 4692
7979 16809
4849 7422
3173 2376
6237 11601
6025 10977
5228 8577
8290 17763
4305 5826
4351 5889
2554 507
2444 171
4956 7722
3260 2616
3521 3429
7767 16221
3195 2466
2920 1590
3258 2640
4843 7392
7146 14301
4739 7119
3376 2964
3918 4665
3123 2235
3945 4689
5938 10716
2627 738
2457 201
4138 5289
3801 4278
5356 8943
4115 5193
2750 1104
6799 13278
2615 702
4170 5400
6064 11064
3137 2310
6177 11415
4451 6246
4932 7716
5879 10527
4706 7017
2716 1020
3847 4413
3761 4128
4023 4941
3268 2658
6624 12765
7702 15996
5669 9864
5185 8403
3569 3555
6741 13140
5676 9918
3466 3291
4189 5403
10516 24420
3887 4527
3262 2643
3971 4770
5730 10071
4601 6669
2949 1740
6654 12846
3077 2103
4894 7572
4821 7326
3428 3141
9257 20688
4057 5046
4171 5370
3280 2706
6546 12522
5436 9201
5109 8199
2757 1128
2499 324
5202 8469
4840 7404
2831 1332
6366 11973
3804 4278
2624 720
4193 5445
2997 1857
6249 11637
3477 3270
2751 1110
7412 15156
7364 14994
3547 3531
2711 990
4612 6738
3859 4422
7297 14775
4125 5214
