13810 23940
16358 28554
9835 12180
13592 23220
12605 19488
6654 2658
10025 12213
15729 28899
15936 30009
11447 16047
9767 11106
12064 18621
12856 20709
9238 8769
12261 19290
6437 1881
13661 23334
10768 14883
11476 11277
23462 50907
15357 27282
11220 16413
6227 1374
13325 18198
8741 8652
15366 28347
19920 37488
15294 28641
19086 39531
8026 6897
10388 13770
16654 24039
13894 24552
8729 8103
11725 17724
9825 10146
8797 8724
12193 19020
7947 6186
11897 16941
9656 11538
7123 3888
13648 23427
16459 32139
11466 16875
22157 49194
9966 12279
13032 21237
13866 23673
18709 38616
14608 25629
10913 14487
11103 16155
10059 11310
16562 31929
6023 648
13609 6183
12588 20088
8394 7629
12672 20925
12909 21480
15592 28926
7775 6243
10884 14472
16419 32079
23165 51831
7005 3570
19875 38061
14010 24387
9514 10041
9626 11178
13792 24006
7402 4989
15054 22317
6212 1191
12984 21060
19175 39489
13351 20970
13027 15810
6109 1188
8915 9342
11532 14622
7669 5700
10320 11472
6338 1428
14646 23937
14808 27369
13760 20571
11331 16512
14243 25551
8415 7710
8675 7785
11203 15333
14359 25551
9067 9795
9249 9432
12323 18681
6739 2520
24775 53115
10644 11196
