1382 2430
1707 3006
995 1338
1841 3687
1933 2379
1362 2247
966 984
1276 2034
1925 3492
1137 1440
1382 2214
2304 5148
952 924
1590 3006
979 1128
1254 1833
887 834
1460 2658
1812 3474
1886 3888
1142 1518
1224 1902
1599 2859
1493 2541
2335 3504
1300 2121
797 720
1964 4107
1113 1476
1821 2976
844 555
1833 3777
709 330
1512 2259
827 417
1650 3018
784 672
1650 2277
2599 4632
1515 1614
1115 1377
835 726
1557 2667
643 264
1342 2028
899 951
861 801
1853 2238
1512 1710
1871 3711
986 1179
743 426
1376 2442
862 759
1448 2376
2142 4347
1014 1053
960 780
1663 3219
2405 3771
1147 1617
1099 1074
1093 1467
1696 3231
1961 4128
1112 1464
707 393
1521 1236
2014 4341
1328 2220
1236 1707
1134 1689
1542 2664
1954 3549
1474 2517
1213 1929
1207 1833
1017 816
1066 1539
824 786
2245 5022
1401 1974
2562 4029
2760 6303
1376 2031
1222 1845
1497 2697
2420 4200
1349 2286
1129 1188
1141 1626
1058 1017
1122 1509
685 354
962 897
853 702
1289 2199
2269 5178
1962 3915
947 1170
