10716 15267
12692 20982
9898 12930
5927 777
12833 21165
12856 20172
12603 20652
12115 18405
9345 10866
18857 39267
14457 26043
21065 35241
9308 10497
10390 14394
10117 11571
14588 24609
7987 5700
14803 27555
12079 18687
7573 4605
15851 27561
7996 4254
8997 9792
7158 2202
8236 7209
12259 18873
6234 1452
16402 31482
13121 21048
12055 18513
7490 3654
7590 5136
10777 15525
9998 12399
11986 18027
20072 42555
15267 28899
11382 16824
11525 17268
9817 11577
11063 15663
8032 4602
12751 20808
16303 31275
8095 7038
6366 1818
22416 43149
14118 25242
10872 15537
10841 13908
9376 10743
8829 9189
6152 903
14591 26436
11321 16044
14862 27636
20916 45090
9845 12033
14047 13083
6847 2406
17892 30429
10233 12756
9491 11349
14072 25467
11517 16596
7800 5931
12552 20151
10724 11175
15615 28626
11659 17868
8283 7491
6763 2781
16652 33174
17965 35325
6183 1608
9626 11496
15995 30819
10479 14256
11746 18324
10228 13614
13203 22698
12628 20793
12098 18954
20628 43011
11388 16707
9979 12915
10666 13467
12125 19101
13547 21261
14968 26214
13250 21933
13107 22401
18081 19065
9076 9684
7602 5466
14608 23424
8624 4896
17233 34533
9503 10698
7664 5952
