5792 10791
6081 7371
2853 1797
3080 1848
3817 3387
5351 8844
8667 19359
6628 12645
5445 6372
6499 12135
4795 7458
5519 7299
2845 1785
5007 7965
12002 21210
3941 4311
6756 12519
8196 17982
4162 5931
4082 4962
2910 1329
5293 8487
3393 2775
5083 7440
7420 8364
6952 11781
5010 7797
4959 7155
4329 6378
5115 8268
5044 7716
3663 3093
5551 10080
6290 12303
6231 11328
3972 4566
3321 2811
2823 1269
3886 4479
4390 6321
4163 3915
2642 1065
4433 6075
5886 10152
4455 5076
5268 6483
2771 1254
6829 13914
4349 6375
8032 15651
2770 1458
7250 14682
5664 8205
7063 14271
5185 8973
7973 17334
4959 7533
10357 20868
5063 8091
5328 9132
5592 9318
6572 12921
5515 8883
4521 6462
4248 5445
8630 18690
4276 5142
6413 11577
3346 2478
3956 4344
4432 6378
2954 1905
6445 12321
6946 7116
5965 10431
7057 14217
8302 17769
3634 3315
6088 6114
5556 6018
8743 19158
9413 14586
8375 17910
5472 8373
4281 3771
5110 7269
4040 5046
4181 5655
3745 3537
3010 1638
4604 7014
4223 5301
5665 9051
7597 12366
4557 6576
4596 6954
4264 5988
5081 8325
3169 2397
7910 11229
