33645 71316
19234 28095
13545 10992
25170 45885
12702 8469
10237 1056
20723 32568
17617 23232
15802 17763
11548 5010
13622 11277
23394 40566
10075 597
19975 30282
13311 10272
14994 15339
13498 10857
24743 44637
11337 4395
17754 23664
12142 6828
22485 37857
37263 82200
16514 19953
14469 13779
16387 19536
18298 25278
34806 74817
27220 52077
34610 74304
16567 20082
29006 57420
12818 8826
10302 1278
20712 32526
29887 60072
23930 42189
37841 83934
21297 34284
26561 50073
14266 13218
11246 4131
23000 39384
10632 2244
41882 96066
33284 70245
10673 2385
14914 15144
47718 113574
20027 30447
13388 10566
17083 21639
12687 8436
15345 16389
15845 17946
25691 47454
23969 42297
22640 38295
42127 96771
21096 33681
16945 21225
12822 8829
25079 45612
25230 46062
25538 46995
24112 42738
33802 71808
12725 8559
24791 44766
12447 7731
20365 31497
22958 39264
26576 50157
16913 21111
17943 24195
40383 91593
20281 31209
16203 19020
31803 65826
13824 11874
20252 31158
32036 66519
13059 9525
10459 1716
17208 22005
24856 44997
17824 23865
13134 9783
36464 79818
22662 38394
33361 70458
11379 4518
24208 43023
12361 7455
15966 18282
20938 33207
21044 33507
25064 45573
44957 105282
26629 50277
