3019 2739
3927 5601
3030 2877
3443 4245
2466 993
5424 10230
2391 1113
6715 12114
6197 6921
5586 10893
2694 2091
2420 1383
3334 4050
2229 627
6304 12981
3511 4401
3037 2448
4711 8178
2962 2724
3463 2712
2305 798
2644 1935
3326 3609
4359 6936
3383 2295
5768 11241
2619 2007
6465 13434
3460 4485
2496 1500
2496 1095
5600 10416
2894 2646
4254 5595
6023 12147
2888 2745
4534 7596
4310 6390
5269 9960
4959 9000
2090 399
4382 6744
3983 5949
2547 1551
5515 10608
4763 7581
6066 12009
2170 483
6670 14136
4139 6459
8198 18702
2841 1875
5219 9702
6205 12375
4491 7098
6531 13764
6053 12222
4814 8079
8545 13581
4684 6822
2586 798
6683 12990
4319 6849
2644 1899
4301 6660
2114 348
5481 10242
6989 14943
3396 4194
2264 699
3088 3318
4440 7329
2164 480
5795 9096
5771 11388
5990 11382
2615 1569
2702 2259
2862 2163
5741 7293
4790 7953
4791 8289
4895 7773
5926 11547
6737 14037
7470 16605
4511 7437
3579 4488
4340 5937
4584 7803
2911 1749
6924 14451
4235 6876
7830 17667
3675 4827
5197 8889
3964 4593
4705 7446
2769 1272
3813 5559
