16643 32286
11399 16617
11305 16323
9461 10746
14463 25782
6308 1242
20977 45357
7576 5121
6371 1461
15646 29310
10764 14682
12359 19449
8692 8448
14787 26763
11876 18027
5900 18
11902 18087
11067 15594
7313 4287
12486 19842
7623 5271
20873 45030
16916 33150
10007 12423
16145 30810
7341 4371
11536 17010
28576 68175
11097 15666
18701 38568
12280 19233
6981 3327
18981 39318
10828 14928
7075 3591
12375 19509
10231 13074
13559 23052
7545 5001
10902 15063
7262 4167
7015 3411
15957 30252
10524 13956
8986 9306
8809 8802
6336 1344
9127 9717
10746 14583
8862 9006
23328 52401
7599 5151
8707 8514
13884 24045
9573 11112
6660 2352
11686 17439
11080 15621
7713 5493
6785 2712
15890 30072
7155 3831
9728 11532
15127 27762
12944 21216
14965 27297
11777 17697
7282 4230
6475 1788
7809 5811
7130 3753
11875 17997
6103 645
8497 7848
16587 32178
23580 53214
8338 7431
9394 10539
14734 26631
31397 76638
11819 17859
13540 23049
8491 7836
16630 32271
10810 14886
9761 11703
14113 24702
8454 7728
15995 30432
11226 16044
9372 10461
8273 7182
10292 13233
11334 16395
10600 14199
10199 12987
9251 10170
20763 44709
17024 33492
9539 11010
