1931 606
2225 1857
3655 5802
4797 9630
5235 10686
2765 3444
2846 3816
2870 3963
4675 9351
2039 1023
3700 6303
2274 2052
6294 10392
3708 6414
2159 1377
1966 1002
2544 2565
2796 2745
3473 5442
2200 1494
5314 11217
5665 11790
5016 10155
4955 9999
1920 732
2944 4080
1982 1116
2488 2601
3975 6945
4895 9915
3342 5016
2590 2877
3008 4170
4282 7608
3403 5337
3448 5406
1835 729
5025 9984
2541 2658
4591 9102
2564 2457
5326 9621
2317 2139
2013 1371
4073 6408
3236 4911
3419 5076
6501 14682
2456 2403
2124 1548
5407 11496
4654 5688
4255 7407
2536 2871
7123 12672
2425 2637
6177 13512
5117 10539
3259 4614
5017 10035
5493 11190
4377 8343
4180 7572
3856 6807
3011 2754
2954 4200
5157 10824
3491 5451
4618 9015
6949 15489
5868 12276
4230 7539
5193 6270
2471 2334
1838 762
2683 2982
2351 1629
3925 7143
3112 4443
3710 6261
4446 8568
3011 4332
2108 1677
5232 7050
2666 3207
3198 4662
3835 6825
3390 5439
3785 5823
2319 2256
2590 2397
3363 5229
2799 3612
2542 2811
3600 6039
3871 5472
3480 5421
2512 2742
4926 6288
3074 3108
