1792 2637
1220 1245
1096 879
1487 1728
2527 5358
1814 3357
1914 1770
1246 1233
2415 3453
1579 720
2743 6189
2113 4140
984 942
1602 804
2486 5190
1687 2109
2547 5394
1123 1326
2574 4995
1153 900
2233 4008
2086 3903
2480 4002
2054 2091
2793 3519
2432 3630
1462 2040
1257 1710
1750 2583
3353 5844
1555 2349
1033 1245
3101 4926
1484 2286
1008 1020
2800 5250
1829 3561
1595 2712
915 738
1666 2334
3223 4410
1093 1215
1952 1797
1497 1401
2370 4152
1048 1038
1828 1485
1656 2949
2208 3132
2510 5253
881 600
2869 3795
1946 3846
2419 4290
2054 2406
2079 2718
2002 3798
1840 3369
1552 2517
1852 3351
1502 2346
1268 1803
1427 1947
2313 2961
2258 3297
2480 4173
1792 3276
3015 6975
3056 7335
2181 786
1047 846
1187 1107
2270 2934
3225 5577
2820 5661
2362 2427
1839 3372
2076 2688
1356 1584
1753 3129
1155 1053
1978 2529
1858 2811
1806 2202
1746 2589
2817 5961
2371 1347
1373 2259
3208 5877
1647 2994
1378 2118
2325 3519
1852 2715
2275 3507
973 756
2142 4374
1716 3147
1402 2046
2223 3063
2815 5640
