12956 10197
15148 16737
29275 59124
19496 29781
15698 18366
15434 17604
19198 28878
27629 54198
25059 46452
12478 8691
10875 3927
10275 2100
17518 23826
30227 61989
17152 22728
24662 45285
27564 53994
14968 16188
10954 4125
23225 40959
15438 17625
30989 64221
18668 27321
31450 65685
15480 17703
12440 8586
23221 40944
17966 25179
18281 26136
13448 11637
12129 7707
21991 37284
21525 35877
19957 31170
24165 43812
21114 34650
19483 29712
32123 67653
9686 306
16687 21351
18770 27612
13847 12822
16262 20067
26735 51495
13857 12882
17135 22677
15088 16554
28373 56421
22284 38133
22760 39561
19015 28356
15504 17832
16692 21330
32086 67620
23112 40611
12719 9411
20930 34101
33498 71814
14888 15954
22376 38439
9957 1128
31998 67356
10619 3129
10974 4176
12299 8151
11205 4872
14612 15135
12680 9357
14516 14832
33490 71763
20389 32460
28349 56349
27213 52938
10372 2382
16789 21675
15525 17868
24598 45114
12754 9555
19984 31260
15710 18429
23845 42780
15056 16434
16371 20379
28006 55353
18183 25830
16370 20385
16475 20697
18362 26352
29707 60402
35537 77940
11573 6030
18452 26676
33908 73080
13628 12195
15800 18711
29276 59118
12101 7578
17407 23478
31541 65943
32825 69786
