13210 18447
12036 14871
10922 11514
8472 4179
9974 8706
13127 18165
11808 14199
10210 9402
8577 4506
18603 34590
8924 5574
15920 26505
21337 42819
7780 2112
12541 16395
15849 26337
21625 43668
16601 28587
14281 21636
7998 2724
20390 39963
18554 34452
11193 12372
13618 19611
17769 32088
8901 5469
16769 29091
14802 23208
10429 10068
31417 73071
19249 36510
17594 31566
19425 37068
24221 51447
15564 25467
10738 10986
13888 20436
9255 6540
21793 44172
7449 1095
11864 14349
9617 7626
9585 7521
21788 44190
18315 33726
10169 9297
9528 7329
16996 29778
8871 5430
13356 18831
13931 20538
16553 28461
21307 42714
16964 29667
14553 22479
8766 5073
8218 3417
32587 76599
19370 36891
10624 10680
22566 46491
18092 33078
14616 22620
12696 16881
10119 9105
18545 34446
9898 8466
12325 15777
23798 50232
18035 32880
9951 8619
7344 807
10998 11787
15323 24744
16493 28308
10086 9003
16751 29070
10557 10461
12024 14889
22064 45063
7744 1977
9418 7044
12294 15657
11472 13218
17892 32484
21469 43218
11906 14493
16764 29118
14865 23361
10862 11379
16038 26877
11331 12756
20694 40893
17541 31416
15665 25788
8196 3378
8144 3213
9365 6876
18536 34389
8694 4836
