24701 47205
15374 19239
11893 8763
16279 21966
19582 31818
12198 9651
9297 945
31797 68535
14256 15849
22806 41493
16005 21090
16352 22164
16247 21843
17739 26301
12584 10827
31896 68859
11258 6867
26666 53106
9472 1443
9284 909
13344 13116
13607 13911
21224 36753
13322 13050
19403 31344
16015 21120
19618 31935
12777 11424
17439 25392
16747 23331
19483 31530
17041 24189
17604 25902
15370 19191
15459 19476
18721 29265
14146 15474
15085 18291
15938 20862
18624 28965
10663 5046
11529 7698
19265 30861
20756 35358
14474 16515
16188 21621
16603 22872
19022 30192
30372 64218
29069 60318
18111 27408
12767 11385
18331 28065
16778 23424
24039 45210
16357 22200
9456 1440
12328 10038
17148 24528
9219 693
17239 24816
18806 29493
15454 19428
20978 36009
9001 24
13303 13029
14919 17865
22425 40395
11682 8112
16206 21717
12857 11643
10619 4923
20817 35532
14397 16272
9715 2208
13321 13044
12595 10866
15522 19632
17060 24261
10535 4653
9537 1683
18309 27972
18562 28797
34257 75879
12149 9486
23685 44172
17537 25701
14967 17958
20015 33099
20071 33330
12435 10350
17883 26733
15011 18135
18457 28479
9410 1257
35264 78912
27010 54111
19401 31296
24064 45339
17256 24861
