5992 6783
7840 9858
5908 6747
4317 1719
9434 17112
5510 4224
11924 22974
11106 21873
6047 6756
9192 16056
4494 2463
8961 15699
8184 13119
8118 13416
5336 3813
8635 13404
3875 531
17501 41577
10696 20460
6498 8157
6507 8544
4982 3978
4269 1590
5350 5043
7450 9972
12343 24663
4745 2817
8469 14016
6758 9321
10995 21432
11872 24588
8508 14235
4563 2106
5602 5448
3837 441
4795 2094
5690 5772
7303 10434
5998 6381
7031 9468
8188 13521
8533 13143
4774 3372
11069 22161
3897 726
6538 8601
3890 504
5093 4227
6259 7662
6612 8805
4352 1908
4898 3489
4457 2259
5782 6390
10631 20673
4591 2748
8619 14316
4534 2610
10147 19443
14927 25584
7988 12567
4819 3258
5847 6567
7813 11988
4772 3225
12000 24627
8336 13800
3773 327
5055 4086
8140 12276
15201 34683
7759 12261
5255 4593
6036 6900
4505 2199
9476 17496
10829 21564
9735 18093
7470 9270
10139 19320
4854 2631
4341 1995
9433 17247
11492 23481
5100 4008
9015 14655
10178 19443
13888 29982
11384 23103
5175 4578
5458 5343
6647 8769
9928 14676
5707 5919
5675 6015
11480 17376
11658 18516
5389 5076
10753 21288
6014 7035
