13967 30591
6737 8868
8254 13437
9490 17154
5827 6126
4801 3066
4694 2766
8177 13260
6326 7671
7270 10467
5055 3828
11637 23604
11553 23388
4404 1905
15164 34239
5630 5589
7604 11475
4381 1809
14352 31749
7719 11841
12037 24801
5100 3954
13778 30033
6543 8268
14004 30732
6146 7101
4459 2022
7907 12405
4561 2349
3807 60
7316 10629
6972 9609
8961 15576
10033 18762
4747 2913
6931 9486
10085 18972
8940 15504
10392 19878
7522 11265
5002 3699
9162 16215
11576 23445
9956 18513
12534 26310
8330 13647
6969 9579
7913 12393
3820 90
6427 7956
8401 13914
5396 4854
4168 1179
5786 6024
5508 5196
7770 12000
8485 14130
8037 12792
4656 2625
4296 1554
8873 15291
11452 23040
6397 7866
7822 12123
9250 16452
8600 14472
8968 15567
11499 23217
6870 9285
5413 4905
6590 8436
6256 7449
4156 1107
9629 17532
5326 4632
6642 8625
9133 16083
10063 18888
11599 23481
8323 13689
5112 3984
7757 11946
10930 21474
10482 20121
4219 1287
11159 22188
12339 25710
5524 5199
10683 20742
5452 5022
4048 780
3842 171
11246 22431
4823 3123
11888 24357
10476 20103
4159 1140
7771 12006
5504 5196
4646 2592
