3297 7590
1018 708
1278 1479
1594 2439
1353 1707
1075 855
1278 1482
1216 1293
858 210
2801 6087
2868 6321
1106 975
1763 2982
2097 3945
997 654
1172 1173
2872 6300
2022 3756
1901 3357
1716 2814
1559 2352
1276 1494
2201 4248
2806 6111
3047 6807
1957 3534
2168 4134
1301 1557
1461 2037
943 486
2375 4782
2079 3900
974 567
1250 1398
1983 3588
2205 4332
2476 5100
919 405
1884 3318
1917 3408
1824 3165
1983 3669
1482 2130
1445 1989
949 495
1192 1224
1300 1584
861 222
1662 2661
1773 3003
2064 3882
2964 6564
1306 1581
2791 6045
1047 777
1137 1059
912 384
1603 2466
1144 1095
1110 978
1982 3621
1352 1704
927 420
2116 4023
2665 5694
3081 6918
1733 2865
1980 3621
2535 5325
986 639
1151 1110
829 105
2109 4017
1939 3507
854 189
2012 3672
1378 1800
1347 1707
822 96
839 147
1705 2790
1003 681
1984 3579
2164 4140
1329 1677
1776 2973
2131 4065
868 252
1842 3189
1705 2772
1654 2625
1300 1575
1196 1254
1334 1674
921 429
1542 2325
1346 1692
1777 3006
2016 3720
1866 3264
