35837 79230
19433 27945
15175 16815
14888 16818
12292 9285
21521 37038
20162 31365
20489 32706
17329 21753
13185 12279
18805 28173
26214 51432
24579 44580
18035 26106
14905 16263
14539 15879
23500 41277
17127 24153
15172 17619
15659 19383
23450 40260
19391 30288
13926 13077
18752 28314
25685 43686
18326 27018
13638 12042
17206 22149
10907 5061
30513 63921
13067 11583
18413 27753
14598 15627
25069 47661
14542 15717
32266 68544
16447 21606
13452 12081
31055 65676
35728 76191
24188 43905
23343 42732
16847 22761
19480 29493
13803 13620
10092 2475
24754 46830
9686 942
11146 5919
26835 45000
18085 24897
13420 12876
16081 16923
10322 2097
21947 29391
30524 62373
18624 28134
30260 63252
14348 15540
19217 29418
16501 21879
11373 6447
19686 31167
10090 2133
12019 6834
18139 26946
22641 40176
9672 1296
28236 56958
43421 58647
27214 54045
10827 4548
10347 2928
15840 19632
18639 26424
14648 16314
15839 19677
23199 11133
11698 7329
24241 45084
18772 27948
14840 16731
27512 54648
22430 39690
36162 80265
19528 21495
15020 14151
28167 57222
31988 68232
12206 8823
14779 16305
24646 45801
28719 58584
19072 29685
13798 11910
11836 7347
10784 4596
14116 14565
16193 20643
16255 20214
