13363 21591
11331 19329
5492 1866
8000 9633
8281 10404
8487 11022
5545 2340
9236 13143
8583 11397
5205 1170
6335 4707
6411 3891
8853 12291
8799 11904
10498 16989
10742 17910
10965 18306
8513 10851
10662 17646
13072 24972
6775 5661
9780 15129
9223 13203
7081 6726
6030 3519
12323 22527
10855 10926
17334 37197
6320 4458
7943 9552
5689 2139
9410 13929
15205 31071
10920 3912
6445 4785
8456 10920
8636 11403
9616 14460
6879 6087
5774 2577
9815 15222
7397 7893
9487 14118
10269 16548
6434 4857
5423 1836
14220 27999
9084 11700
16478 35115
15276 31158
6424 4545
12099 21579
10872 18231
17064 36882
13080 25017
8883 11787
10834 18192
11611 19347
5513 2259
14008 25794
7918 9012
8218 10236
6638 5301
17701 32808
14071 27405
8717 11571
7218 7209
11419 19821
7377 6384
8624 11301
7472 7371
13872 27390
9685 14172
6363 4560
10832 17046
6749 5844
7416 4599
11179 19314
6140 3822
9458 13812
7863 9012
19787 44787
16117 34149
13422 25821
9195 12540
11156 18978
7568 7848
10622 17283
17729 36342
10882 17835
12688 23703
7251 7476
9830 15009
9716 14451
13809 26880
12494 23139
11966 21693
10073 15885
8293 9696
21503 50163
