2452 948
4826 7872
2186 582
4911 6495
4751 7773
2582 1095
8046 17949
8596 19848
3986 5721
6789 14592
3835 5550
2473 1407
4795 8037
4103 6210
6262 12657
7061 14646
5040 8313
7022 9570
8610 15342
4671 5772
4319 6576
7202 14700
6157 11712
2672 1518
5659 11106
2228 783
5902 10020
5665 9138
3408 4395
3316 4029
6889 12930
6871 8994
4049 5379
5154 5382
5585 10896
6111 11643
7045 13797
2940 1662
6380 10053
6188 6582
4632 7194
6908 8790
4793 6168
2895 2700
7000 13827
2674 2331
3854 5292
3948 5988
3009 2706
3603 3411
3078 2472
3465 4647
3875 4860
6722 10656
5978 11418
7549 16809
3125 2883
3486 3633
2545 1269
4487 6282
3079 3423
5730 11208
6069 10725
3684 4827
2227 783
4966 9072
4865 5658
3141 3315
3574 4395
2572 1605
3437 4146
4920 8328
3845 5046
3885 5034
2683 1140
8102 9699
5134 8226
6612 13311
5047 7449
3047 2715
4107 6360
8355 13161
6230 7974
3127 1488
4312 6387
3682 3420
4344 5169
4522 6879
5648 11082
2880 2457
3800 5244
5087 8877
2474 1449
4569 6843
2758 1830
2479 1224
3197 3267
6967 14721
3838 4953
7325 14160
