10857 6552
22236 40710
13562 14667
9597 2748
11937 9801
23121 43356
11168 7503
8933 765
11444 8307
8784 288
12841 12507
13471 14367
23304 43932
10373 5091
18380 29112
19174 31476
21571 38676
9798 3357
14390 17172
17433 26307
9072 1164
15532 20571
18802 30363
22504 41514
10137 4368
27908 57744
17333 26001
21828 39513
20767 36291
9351 2010
30369 65115
18941 30825
9679 3000
19359 32088
21415 38238
25223 49662
8878 606
15136 19356
11889 9621
16026 22041
9846 3504
14314 16905
20517 35526
16438 23304
10577 5730
20409 35193
18577 29703
12341 10995
13614 14835
19316 31938
29224 61674
17989 27960
18221 28647
16559 23685
18439 29307
22509 41529
25610 50832
19172 31518
14009 16008
16618 23844
19296 31854
18033 28089
13306 13917
15538 20580
21225 37659
16515 23556
13440 14256
16305 22917
18428 29277
12749 12267
13710 15102
11831 9477
11558 8637
26169 52488
14611 17799
24448 47346
30212 64617
22515 41547
26123 52341
9193 1551
15439 20301
32296 70923
15039 19047
16269 22773
11983 9903
24836 48510
12296 10851
22967 42918
12011 10026
32875 72690
14706 18090
27104 55338
12678 11997
11279 7794
24917 48726
16841 24513
20984 36963
20840 36519
19694 33081
23280 43839
