4166 4005
3185 1074
5389 7890
4644 4164
3601 2319
6826 12015
7202 12459
7793 14640
9399 19455
4961 6594
5728 8340
3895 3186
8046 12432
4873 6132
4234 4140
3923 3321
6088 9885
6352 9414
5586 8541
5460 7896
3563 2370
4515 3282
5460 6573
5940 9123
3667 2508
5169 6855
2965 600
3471 2037
7956 14619
11252 25407
4515 5097
5802 7821
8340 16713
3256 1236
5510 7869
4957 6390
6714 11754
6926 12357
8864 17505
4233 4098
5823 9003
3689 2589
5144 7005
12040 21771
6208 6690
9809 19815
4165 4173
10863 24180
5867 9195
5152 6243
8872 18090
7114 12273
5631 8193
9513 20136
8805 17982
3801 3156
5705 8835
7271 13173
6984 12045
8685 17718
10267 21900
4883 6378
6843 11634
4994 6372
9709 20667
9245 19386
6017 1149
4511 4995
9732 20628
4979 4686
3737 2787
4152 3408
4462 4755
6224 10425
4881 5844
6239 10503
12843 21873
4789 5823
6506 11082
4151 4008
3620 2625
4492 4950
6816 12210
10558 22314
7285 13539
5322 7350
3871 2514
5036 6720
6833 12096
6045 9750
5776 8961
2958 537
6811 11631
7218 13320
5608 6921
5084 6897
10145 20970
5645 7869
3796 2916
6539 11118
