9069 13956
8980 13851
9327 14058
4986 1836
6041 5007
6532 6489
8981 13785
8535 12240
10329 13152
8432 12084
7499 8631
8624 12498
5184 1413
8344 10812
9991 15657
9520 15447
8490 12276
11407 19389
12098 21894
6995 7236
14751 31122
5942 4593
4933 1536
9228 14310
12317 23850
8719 12813
18355 39330
13639 26898
12096 17850
7319 8886
9283 14580
8727 13020
5590 3567
13378 26454
6498 6018
9872 16338
8333 11844
6102 4872
6941 7650
11019 19767
7790 10338
7212 8484
9434 15201
8660 12531
5392 2667
6587 6237
8333 11913
7967 8601
9792 16038
12217 22944
8010 10779
9242 14685
9234 14631
10183 17343
6461 6219
11890 22545
13406 26814
11202 19983
8592 12642
8171 11343
14347 29526
9406 15117
11511 21378
11053 19752
5880 4323
6047 5076
8882 13209
5460 2754
10675 18765
9051 13971
9224 14472
9336 14637
8334 11658
13291 26652
10578 18402
10578 14805
4865 1533
8438 12210
12920 25143
6166 4077
9382 14940
7447 9057
5602 3141
6693 6555
8800 10974
14447 29796
8857 13194
4821 1023
6341 5691
10681 18726
11001 18780
7282 8643
5215 2031
7690 9801
8559 11394
13645 27798
5777 4221
10425 17472
5016 1707
7418 9057
