8559 17967
8772 18606
6741 12507
4331 5301
9132 19695
5220 7959
6262 11052
8211 16968
6010 10350
4108 4572
4821 6699
4238 5034
2806 681
3028 1323
8871 18894
7102 13623
2599 6
3606 3108
6491 11739
2719 396
6349 11319
8137 16728
6621 12138
3243 1986
4892 6933
3582 3030
6666 12270
9688 21384
3339 2298
6909 12981
3276 2100
5389 8451
4110 4605
6729 12480
8347 17361
3456 2658
4886 6960
4202 4869
5506 8790
3741 3468
5815 9717
9131 19674
4701 6351
5695 9369
11249 26064
5469 8664
9630 21216
7726 15462
3506 2766
4784 6645
6202 10890
3993 4254
9512 20871
5968 10149
5307 8220
3584 3033
6001 10287
3741 3516
5889 9960
2835 759
6623 12150
2996 1245
5108 7581
3930 4038
4817 6732
8267 17148
7308 14196
7349 14364
5341 8298
5888 9972
2667 258
5781 9624
4155 4740
5961 10164
6693 12372
3195 1884
4854 6870
4899 6972
3113 1587
7075 13500
4491 5763
4177 4788
3934 4074
3155 1701
4934 7077
5167 7785
3506 2757
5043 7410
7924 16071
7059 13440
4822 6759
6951 13119
6591 12081
7631 15174
4102 4572
4840 6822
4599 6081
4336 5262
4068 4479
6463 11661
