11111 16296
8910 9696
6303 1875
11679 18039
5760 225
12369 20082
10838 15495
12575 20706
6067 1173
11875 18588
9549 11613
11408 17217
23217 52686
12162 19470
13204 22614
15281 28869
9702 12063
20200 43602
15956 30852
11456 17367
16885 33681
12118 19347
8337 7968
21244 46758
9299 10833
12159 19470
15547 29622
13983 24921
13556 23634
7903 6699
11868 18624
16226 31635
13936 24801
8812 9474
11805 18390
7532 5559
7025 4050
7195 4542
11604 17802
11777 18342
12022 19002
6855 3546
13974 24924
10080 13206
15180 28548
19245 40725
17178 34515
13920 24714
14520 26544
10875 15618
7812 6420
19777 42297
8860 9555
9420 11208
8758 9213
11194 16572
14080 25224
14295 25860
15771 30306
8919 9750
12029 19071
18346 38049
14411 26208
9171 10506
12534 20595
14616 26832
8034 7074
13972 24918
8139 7383
23739 54216
12051 19218
14644 26967
12534 20583
11332 16989
13235 22677
15164 28530
24052 55182
12489 20442
13159 22452
7602 5778
11275 16773
9545 11616
10690 15063
5948 801
6220 1626
9532 11571
6192 1533
7247 4704
9132 10377
10173 13476
7364 5058
13187 22527
14138 25404
12573 20673
7480 5385
13242 22716
12987 21933
10457 14379
8179 7509
8142 7428
