21039 35382
27004 54384
18145 27042
12264 10227
16993 23286
13373 13563
12770 11226
25029 42987
11812 8820
16855 23880
15839 19290
16875 23985
16841 23859
26406 44709
17010 24291
25840 51063
20657 35133
14660 17211
12882 11151
15891 17472
19495 29580
13016 12381
26914 48144
16768 22989
14053 13977
11901 8745
14287 15483
25627 50274
14417 16341
21939 38763
21547 37209
9849 2745
18495 28779
16443 21720
18798 29352
25775 50268
20696 35511
12982 9354
13205 12810
9439 1608
17977 27054
17248 24102
25096 48747
29772 56418
12342 10122
29765 62853
28932 33279
9699 2508
15020 18330
29242 46674
17652 25701
29582 59502
14087 14184
11029 6309
11029 6471
12035 5289
25742 49671
11242 5925
15213 18600
16151 21645
19380 27666
11978 8268
21155 35607
19870 32868
37912 80949
21342 35811
19426 31569
13542 13308
9157 1059
20409 34821
20174 33315
21627 38247
14732 17556
22327 39357
23812 44382
14063 14328
30366 64179
17683 26031
12635 10956
28922 45987
30590 64911
21748 38763
17240 24927
32077 64269
15833 20364
14161 9072
21940 38595
23969 45534
16455 21900
19510 31941
27290 55155
15758 20082
11965 9342
9580 1383
13958 15234
11518 7926
13417 12150
16385 21081
9783 1884
9786 2862
