19497 35757
11561 12309
10632 9393
12286 13722
16951 28371
17938 31335
13610 17988
15016 22719
13464 17550
13816 18525
9694 6054
13069 16833
23594 48264
12074 12012
10341 8604
16865 27756
11430 11016
15227 23052
13162 17157
17978 31470
24218 49923
17042 28785
16733 27870
14698 21240
29942 67200
14056 19830
8202 1275
11927 13452
14084 19902
12373 14307
8390 2736
22698 45627
11253 11187
10428 8124
10546 8160
16765 27891
19125 35016
19705 36756
13055 11571
14582 20463
12960 14607
23044 46647
13952 18876
10444 8850
10649 9207
11401 11865
8616 3147
22595 45027
18989 34338
9160 4836
14992 21741
10064 7200
19299 34143
30490 69093
32185 51864
9410 4071
21786 42738
34126 79971
14517 20961
32195 73890
18801 32817
17292 27888
15004 22377
16342 26193
8581 2754
14359 17013
18535 32484
19829 34683
15181 23157
8156 1737
14228 20052
15169 22923
17803 30822
16941 28197
8576 3336
14652 21492
16631 27240
14030 19323
14568 20784
13871 19005
8299 2277
18247 32358
11434 11301
10168 7170
7943 1404
8249 1866
22529 22554
12796 15960
22608 45393
14011 19545
14217 20238
9229 4032
21874 43068
10301 8457
20069 37014
9468 5526
22938 46326
15024 22779
15667 24426
7998 1194
