1196 741
2826 5052
2988 5838
3025 5682
2559 4431
3960 6345
1156 621
1901 2472
1405 759
1826 2433
1354 1293
3300 6753
1560 1587
2178 2442
3268 6492
3341 6117
4361 8601
2765 4785
1468 1047
3047 5988
1867 2160
4430 9765
3534 4440
1951 2865
6162 13416
1912 2805
3680 6090
2450 2748
3972 8970
1585 2067
2115 2889
2257 3597
1486 1323
1753 2568
1665 1977
3243 6216
2775 5220
2567 4584
1240 810
1739 1620
3971 5952
2541 3510
3363 6951
2818 2451
3173 4581
3472 7497
2326 3747
1513 1314
2644 4434
2057 2949
2947 3909
3354 6240
2253 1200
3298 4887
1327 1137
2899 4956
3108 6474
3603 8073
2297 3870
1929 2682
1435 1161
3302 5304
3108 3198
1712 1920
2022 2742
3608 7884
2524 4182
2722 5433
1634 1797
1585 1371
3954 7155
2053 3153
1857 2880
2352 4281
2810 5487
2076 3225
3521 4644
2307 1488
1524 1803
1422 987
2703 4902
1963 2901
1699 1308
1763 2043
2645 4854
3193 6153
2180 3462
1205 906
2363 3477
2645 4839
1619 2007
2607 4545
2606 4767
2998 5016
1418 1146
2405 4230
2676 4413
2450 4482
1783 2232
3655 7569
