131 141
228 450
167 228
158 213
112 57
177 261
182 282
166 237
196 369
104 39
133 135
102 36
156 195
196 345
330 744
154 219
211 399
245 501
185 285
99 9
170 249
117 96
265 540
264 576
289 648
262 531
165 225
221 420
172 273
190 333
198 360
322 720
117 81
106 39
178 288
269 561
106 57
265 540
201 342
265 540
303 690
182 276
176 273
167 255
212 384
177 270
127 120
163 228
123 108
123 99
215 402
112 66
273 567
179 282
285 612
303 675
157 198
103 36
179 264
239 474
373 894
182 291
155 210
293 642
209 381
224 426
211 372
117 78
135 123
232 450
218 408
151 219
161 246
140 174
155 213
253 516
130 117
160 237
322 723
261 540
118 84
148 174
168 240
163 246
150 189
138 159
248 519
119 93
257 519
182 291
281 615
188 303
240 465
237 486
133 135
203 348
178 279
112 81
127 120
136 171
