9007 12396
12689 23460
10414 16617
5835 2889
9864 14991
9902 15081
11400 19557
8667 11421
10520 16968
8505 10878
4942 156
6182 3909
12053 21540
7008 6372
8316 10350
5342 1365
5990 3327
5973 3264
5044 462
17071 36612
11041 18561
14226 28071
5570 2064
11725 20565
5817 2790
6362 4443
10319 16347
8266 10164
10703 17454
6957 6225
6361 4446
7043 6531
11792 20751
7862 8970
7965 9243
5903 3075
15852 33000
7967 9294
18101 39675
10717 17523
14898 30066
11274 19203
10777 17730
9739 14628
7857 8934
6769 5691
8796 11790
9512 13929
5618 2247
9538 13998
17785 38781
12313 22305
12907 24114
8072 9642
14917 30123
9858 14955
7229 7080
6616 5232
11932 21189
7651 8352
6496 4881
14147 27858
8946 12195
6604 5157
6052 3513
5618 2220
8868 11985
9776 14682
8512 10908
14285 28257
12629 23262
7100 6663
9842 14907
11650 20352
11061 18564
7898 9069
10305 16299
6397 4620
6762 5640
15289 31266
5928 3114
14126 27768
16797 35820
12964 24339
10359 16512
14416 28650
17546 38040
7891 9054
13356 25452
10125 15786
7995 9396
15668 32385
12250 22176
9461 13791
14936 30192
13833 26901
17651 38346
9601 14184
5545 2010
10222 16011
