1053 1683
762 1491
790 1629
461 591
434 570
492 903
654 1221
410 429
428 294
605 939
415 453
656 1119
316 333
656 1101
514 678
575 1209
576 1047
328 273
418 609
668 1041
751 1266
843 1710
634 1236
549 1077
751 981
963 1887
443 723
589 1059
571 744
694 897
465 570
975 2253
746 1158
917 1926
401 510
701 1059
520 747
521 372
713 1026
582 636
842 1767
526 429
442 849
564 1176
352 486
289 402
428 306
465 546
383 633
799 1347
648 1089
249 282
563 1191
968 2133
584 714
633 636
417 780
793 1650
500 828
500 771
348 534
529 756
942 1731
601 324
564 1035
442 330
757 780
393 690
498 1020
474 741
443 873
453 849
397 456
775 1122
437 654
888 2007
487 513
246 261
491 771
426 789
1105 2184
462 870
416 750
506 912
736 1350
649 849
569 1260
571 804
854 1581
659 1389
579 951
519 930
767 1527
652 1080
376 507
441 783
411 777
461 474
573 1197
597 897
