13970 18405
21701 18345
16119 24126
20937 38976
10663 7914
16649 24816
24536 49458
8783 1797
22327 40941
13512 16434
14398 19119
18285 30594
19708 34356
19769 35049
13402 16716
21916 38385
21328 38940
26795 54105
14820 20901
22988 44979
10448 7857
18263 31167
12320 12735
31375 70530
11952 12255
31434 67560
21487 36714
16086 24549
26025 54144
16297 25272
26852 33645
25582 52992
28349 58440
16625 25002
11423 10308
19644 35193
14861 20718
8856 2424
15577 23172
13605 17376
22397 42387
16898 25593
13107 13668
10732 8514
23639 29502
11235 9762
21397 37176
13315 15951
9906 5886
8823 2556
15772 23412
13104 15081
13220 15186
32117 68553
16646 26556
14561 19893
11218 8913
18877 32643
11938 11502
20542 37350
16800 26454
16731 26049
12446 12657
21684 40950
22606 40296
17111 27153
16526 25245
19341 34536
10222 6621
12786 9267
30734 64893
9131 3954
8388 1254
18546 31368
14224 17319
25639 53163
20720 38394
19408 34566
28615 61833
18125 30993
16463 25608
15275 22320
22161 42216
20987 38775
8910 3105
23149 45834
16895 27279
28275 61107
19124 33678
16995 26103
9695 4935
14785 20712
18189 30033
20428 37653
31945 72063
25003 42213
11919 11142
18977 32661
13226 15852
22012 42135
