7340 6948
5967 3003
9909 15267
6428 3444
14918 29652
6152 3072
10322 14976
5013 639
13173 24600
14663 28992
14477 27963
11148 18765
6514 4374
17011 35457
6475 4440
8904 11820
7756 7248
13531 25863
7929 8754
7648 8223
8152 9618
8698 11163
8066 8943
7609 7737
14375 28053
11928 21177
8441 10197
12574 20793
12386 21558
10075 15576
12739 20217
8167 9792
12707 23418
11334 14898
6044 2925
8235 8418
11667 20220
14133 27318
5525 1722
7813 8730
15573 31872
7823 8610
15569 31245
12537 22935
8501 10824
16309 34194
15752 31791
16361 17169
13404 24807
6034 3264
6421 3396
8034 8115
5995 2256
8550 10611
9849 13989
7541 7368
11223 18579
10026 14268
13844 26247
10090 15201
8861 12033
14204 26715
16303 33177
15614 24585
13333 24753
12517 22674
6206 4092
11492 19632
9593 13992
20931 48009
15130 24372
17378 22881
15129 30207
17037 35784
15288 31098
8403 10476
11031 17472
8663 11598
9438 8946
15720 32334
13074 21252
6497 3675
12226 20796
9579 9639
6083 3237
15604 32103
13117 22461
6954 5703
7641 7314
11039 3933
6330 4509
10655 16743
7792 8727
8345 10572
8582 10824
11706 20448
16200 32379
10283 15366
7284 7392
13249 22968
