16596 26118
16001 24537
11544 7347
15768 24087
8870 3186
13048 13341
9734 6429
11158 10149
17704 29775
10545 5484
12238 12690
11611 11358
16639 26685
13407 16608
32159 73383
8710 2337
17197 28155
9935 5562
16897 23436
12872 15741
21267 40557
14854 21120
9735 4272
17510 24498
17770 30138
21271 40659
22009 43053
11686 11151
16756 17763
16953 27531
21236 40413
14324 18519
8274 1707
13626 12174
11658 11535
13034 16329
11551 10875
9849 6495
18594 31986
12456 14529
8586 2538
11542 11619
16356 25959
11483 9948
11329 10710
13030 13605
16816 27135
21004 39507
22185 42390
17339 28368
39356 94458
9786 5250
10284 7377
17413 24603
10799 9228
12171 8898
10919 9768
14676 20370
25139 38643
11544 10728
13112 16053
10844 8391
14384 11754
14291 19155
17649 28773
15583 23589
17473 28344
17172 27708
22318 42531
15327 21432
22161 30687
23339 46764
17562 28119
17477 28965
9725 6177
17354 25845
12282 14013
19458 34557
16351 24693
17479 29328
9473 5109
11363 11169
10363 7650
20681 39129
8716 2160
19125 33489
8415 1950
27817 50871
25531 50946
14013 18981
12105 12381
8221 1656
22689 45075
11506 11217
17079 28227
13220 11499
17074 27651
13068 15678
15244 22458
20915 39531
