9122 4116
16931 26754
21944 43161
10990 10104
7882 1278
13297 17541
26771 57876
19556 35763
24008 49263
22079 43638
13983 18882
19750 34314
13966 19386
11973 12861
17341 29868
11973 13755
15015 21495
11590 12336
11957 13155
9670 5586
17088 28746
13856 18825
11165 7353
15361 22752
15675 24060
27832 61002
9471 5223
19633 35907
16122 23910
16348 26571
24059 49941
16118 24876
19729 36483
9085 4392
17608 29742
20792 39714
17616 29706
14501 21138
12296 13989
23176 45375
24491 48969
16290 26046
9945 7206
19141 35262
11035 9108
15092 22500
28295 61146
18939 34410
27860 61080
8900 2508
13911 18258
13721 18936
17674 26775
9943 7062
16032 23742
11862 12369
20545 37863
12230 13410
17546 29889
9014 4551
23168 46752
10780 9474
11110 10632
23684 47982
29701 66480
14444 20649
11073 11076
18148 30390
13155 14079
17217 29184
13305 17229
15803 25065
14607 21204
26483 56202
8629 3414
15767 24345
16285 26691
12369 12990
13228 17121
23944 49440
15637 24441
11153 10806
15062 16122
9592 6279
21961 43638
12371 14922
14656 21501
11851 12654
15778 24897
22108 43554
10185 8334
22611 42087
14321 18987
22055 43263
12072 13875
13692 18345
8537 3123
28390 50883
16829 27975
12060 12663
