7234 13602
5334 7416
4083 4035
4576 5559
6309 10632
4227 4497
3876 2865
8182 15945
7821 15480
7334 14073
9961 19704
6598 11859
7908 15798
7826 14982
4584 5598
5222 7629
6114 2373
4118 4278
9485 14886
4009 3678
3339 1800
7408 14136
8080 15864
7967 15486
7582 14817
6015 8280
11747 26985
3280 1659
5484 8307
4106 4029
3003 1017
2962 939
8141 16485
3043 1164
5986 9882
9261 19752
4059 3702
3113 1209
4653 3381
7844 15405
5065 7059
7614 14244
6867 12588
13833 33372
6065 10230
4331 5043
7806 15321
6092 10215
6716 11997
8326 16305
9208 16098
9235 19089
5992 9969
5936 9831
5687 9078
6098 9918
2749 255
3883 3396
6291 10869
8371 16623
3178 1158
6666 11874
7221 13476
6515 11157
4267 2958
8025 15519
6604 11865
4182 4503
3852 3483
4070 3921
5345 8001
3124 1107
4197 4557
3496 2313
5067 7110
4253 4482
6820 12492
9393 19800
4110 4173
7978 14688
3603 2181
4357 4713
7600 14568
6531 11391
12589 29832
6595 9465
3135 981
9366 19965
9076 19248
3942 3663
5379 7701
2859 441
5821 9336
7688 6804
4034 3744
11206 17601
5853 9468
6258 10872
4512 5310
5799 9300
