23823 54777
6542 2883
21562 47997
11728 18459
12604 21102
14782 27645
13673 24303
6441 2598
19494 41766
16440 32586
6185 1800
5690 324
9802 12705
10177 13794
16206 31872
11197 16875
6797 3672
16872 33924
7474 5670
13868 24921
9661 12228
5860 825
7322 5232
11904 18993
6054 1410
15042 28401
13864 24858
5810 660
13503 23793
13415 23562
10020 13317
12705 21360
6450 2604
7433 5583
11299 17172
9160 10743
5758 513
7206 4917
8916 10011
12386 20451
12342 20355
12153 19743
12798 21666
10957 16164
6747 3495
15789 30657
9696 12381
7908 7008
9194 10908
9643 12177
7443 5622
12981 22251
10644 15231
9041 10362
10061 13419
13645 24216
7613 6120
10584 15018
8325 8259
11780 18624
12722 21450
7043 4383
8596 9060
12543 20928
10491 14730
8413 8496
7124 4608
7281 5100
6311 2208
10958 16173
11893 18963
12110 19632
17940 37137
6795 3660
17513 35859
8052 7413
9151 10752
18979 40272
10919 16020
12035 19377
6756 3558
16454 32691
11218 16962
11352 17367
14724 27456
6341 2280
7363 5310
6284 2097
6354 2319
11777 18579
9872 12879
9825 12750
9887 12924
11384 17454
10482 14721
11383 17415
18904 40005
12700 21375
8168 7779
6469 2679
