16924 29436
7657 2847
8679 6420
14949 25272
11390 13596
11144 13635
16436 19125
8407 4947
10740 12579
16274 29187
12888 18654
26350 50121
20387 25026
21474 43698
12487 15231
9232 7233
21487 44739
8530 4944
10975 13071
8757 6159
12283 16551
9372 8118
8834 4059
12540 17715
15473 24903
13522 20826
16468 29355
7514 2373
18850 32652
8430 5085
8301 4278
13545 20331
15107 24531
11853 15264
13870 13413
9424 7905
22067 43512
14646 23721
7039 1611
10990 13119
9404 6390
18468 34899
12643 12567
10341 11004
23375 50055
11497 13350
11769 14538
10881 12819
10984 13314
7352 1296
7961 4335
20475 40206
18627 35538
12438 16539
9331 8331
18755 36777
16156 27108
18692 35829
10110 9864
12402 17370
18090 34707
19658 37971
14404 23610
11211 9774
10700 11790
10940 12825
8274 5088
21997 45762
20354 41238
34321 83487
14050 21702
12274 16083
11125 13716
15663 27024
8686 5748
20001 21468
16724 29691
10279 10653
10010 8427
19278 38361
8112 4566
12858 18456
17949 33744
16384 25395
20062 40680
9411 8091
21037 41889
9828 7254
25403 56070
14310 22449
7684 3261
8448 4365
14883 21117
6885 915
11150 13824
17845 13566
8662 3615
14274 23109
19126 36546
7891 3693
