7638 13059
12364 26958
12349 27168
8396 10893
13074 16602
3998 1959
5902 7875
7377 12222
10962 22716
10146 20718
7641 12984
3576 666
5794 7608
10857 21084
4137 2664
9221 17925
12377 25734
4095 1878
3732 1401
5650 7119
11818 18309
3825 1575
5873 7791
5437 5643
3755 1242
7901 13710
7414 10098
7375 12126
6284 8079
4724 4455
5569 6966
7125 10488
6559 7938
6481 9723
6408 9327
3520 522
9529 18546
5053 5226
3383 261
5841 7137
6341 8580
8172 13953
3535 558
9220 17652
6876 5676
7400 10989
5523 6399
7448 11757
4800 4332
8185 12876
6401 9198
6181 8766
5653 6138
9796 19692
8765 16233
4569 3987
5905 7851
10841 22704
4627 3027
8438 15486
5574 6984
3889 1620
8746 16203
3857 1383
6239 8997
7468 12561
6431 9315
4306 3021
7869 13686
4456 3150
4010 2223
8480 15543
3908 1575
3739 1269
9179 17265
7922 13845
6496 9642
7178 11526
8091 13185
8627 16047
8093 13695
8141 14205
4143 2439
4019 1428
3799 1539
5496 6444
5564 6423
5408 5961
4258 2817
6079 8391
9915 19320
5381 6015
3911 1755
3794 1521
4739 3936
4972 5004
6854 10734
9449 18327
12474 27720
8525 15705
