9780 10035
12112 19503
11883 18972
7850 6426
12818 21795
6827 4113
6346 2556
13255 23259
9520 12087
9818 12987
18593 38982
12248 20361
9098 10488
10774 15996
11556 18054
6946 4443
7445 5976
6179 1464
8417 8673
9130 10683
9723 12504
13787 24975
12954 22509
6745 3693
12970 22098
22302 50097
14850 28098
14263 26343
14442 25566
6656 3198
12646 21342
18333 38112
11199 17001
19692 42249
6788 2199
7767 6954
10104 13842
11853 19017
6593 2907
17286 34833
16905 34299
8741 9825
11254 17055
6489 2661
16603 32565
17092 34446
11763 18795
12090 19314
10770 14964
19354 41724
12011 19596
8499 8712
12208 3048
14115 25998
6832 3033
17846 35760
12136 19899
7680 6456
6769 3528
9372 11553
9306 11424
16380 31725
21189 47103
8096 7923
15477 30117
11742 18684
8967 10314
14844 27822
9772 12708
10022 13419
13257 20760
8575 6465
17241 35028
9433 11940
9136 11010
16245 32355
10408 14712
12304 20517
12005 19143
25606 60345
11263 17187
10593 14682
10605 14904
7362 5439
13075 21441
13801 24846
7123 4875
12158 19647
8599 9321
7642 6528
11347 17406
10796 14790
17013 25596
13612 24435
7504 5997
22416 50805
7199 5052
7272 5382
11630 17880
6334 2451
