20979 47886
13389 25170
9884 14520
9342 13155
9272 12687
8305 9819
19375 35757
13289 24618
12564 22863
10222 14301
9474 13086
14299 18159
16051 32871
12919 23532
9236 12090
10638 16944
11264 15183
14923 29838
9341 13104
9637 13953
9625 13668
5337 723
8634 10830
11573 19785
7468 7011
15572 30519
18261 39954
9461 13362
8876 11562
13135 24201
6414 3831
13798 26067
6186 3711
7036 6129
7220 6693
8535 10422
5540 1581
8519 10674
10321 15702
9538 13656
5895 2121
7680 7803
9711 13980
9083 12102
8083 9324
10943 16392
6850 3180
6720 3909
6495 4260
8853 10347
8158 9564
10561 16521
8138 9495
7508 7605
6920 5820
15192 15657
12196 21552
11520 19578
14006 26994
8223 9558
6870 5592
13015 23361
5212 669
8842 11322
8600 10674
6421 4080
10456 10569
7559 7839
8312 8052
7322 6846
6683 4842
16300 33771
9756 14439
5383 789
12135 20427
8213 9630
9996 12126
14109 23616
12160 21381
13298 24456
8365 9798
7923 8529
6061 2916
8347 9939
27275 66018
8092 8784
15001 29925
9988 15024
8936 11460
16675 35013
13154 24630
8118 8895
6270 3870
10997 17952
10816 17088
5546 1710
5951 2982
7581 7809
10466 16317
9732 14331
