4792 1863
8473 13128
12081 23616
8543 12693
13751 28320
6289 6516
7616 10437
13233 26616
11180 18033
10871 18216
9221 15324
4534 1389
8776 13719
7298 6219
7176 8622
16046 24204
9867 17151
8620 13329
4892 2283
6632 6681
5462 4071
4321 897
5747 5127
7172 9495
6837 8214
6806 8022
7168 8484
13463 27636
4551 1629
10773 19830
11206 20838
9914 14610
4797 2250
12232 24345
11044 20802
7965 11733
5581 2781
8086 11565
12175 23427
18468 36243
7269 9105
11944 22656
5784 3951
6219 5844
13838 23874
10709 19884
10793 18729
8991 14682
20653 37935
9525 4623
9165 15279
6990 7410
10608 19203
9197 14700
4694 1569
6387 6846
8407 13206
8272 12183
8191 11928
9308 15405
11552 22476
4777 1803
14070 29949
8253 12222
15220 33021
9717 15639
4884 1296
7193 7587
6511 7452
13354 27213
11545 21822
9889 17562
10763 19425
7795 11061
10168 16728
7727 10527
8920 13953
4425 984
8455 12096
6645 5526
9834 17310
5470 3948
7180 7803
7743 10419
6456 6279
6178 6243
13442 16566
6558 6810
5976 5370
6196 6261
17507 30483
13692 26901
5619 3477
8628 12729
7920 11658
9642 16566
5319 3438
11148 15543
15481 32139
5092 2310
