8903 15393
7850 9003
5323 5217
6865 10110
4279 2073
4055 1974
7487 11355
9285 17052
9898 18621
9497 16935
7473 11835
5521 6288
8673 15243
4823 3696
9139 16671
10464 20280
5280 5544
6237 7008
5515 5493
3634 591
17194 31260
12020 25224
6864 9867
6027 6906
5630 6273
4779 3480
4348 1614
3739 807
9442 14028
6382 8664
6792 9660
8065 13659
8964 16362
13950 23412
5567 5337
8162 13926
8254 14340
5319 5445
8184 13893
8570 14595
7562 11088
6581 9459
5648 6204
10251 14361
5442 5238
5616 4899
7669 12192
6977 8163
7887 13353
6978 10539
9005 13527
12496 27054
13260 28497
7694 11886
5504 3060
10557 21219
10393 19704
10013 15984
12953 27921
5795 7149
15878 36774
10652 19119
4854 3777
9621 18345
4650 3219
8605 5319
8932 16224
4672 3036
10965 21498
6890 9945
4354 2769
13743 30879
7168 10836
4498 2349
10012 17811
11250 17967
12529 26406
6479 8733
8051 12570
5647 6768
8474 4788
6648 9336
4966 3549
8334 4614
7941 13305
6340 7956
10669 21225
7157 10215
3921 777
8336 14499
14480 32925
5201 4446
6364 7380
9545 11478
10594 21141
7676 10431
8086 13605
9223 14943
6373 8424
7016 9684
