9887 16881
4307 57
6005 5208
5616 4023
11750 22431
7031 8295
10069 17406
9181 14688
8239 11880
9334 15186
4377 324
8255 11964
6609 6981
6349 6204
20678 49287
6018 5211
8685 13239
8294 12057
8622 13041
7141 8571
6931 7983
12353 24270
8384 12360
9502 15669
12140 23586
5136 2607
8324 12138
8702 13272
7133 8583
7917 10944
6471 6576
11051 20334
5106 2457
6155 5640
13410 27420
5728 4332
4302 24
14182 29739
6007 5196
6266 5973
6429 6462
7696 10242
4698 1251
8483 12657
6087 5415
9311 15090
7797 10566
10977 20124
10475 18645
5997 5217
5859 4758
16172 35697
5413 3423
8843 13704
5527 3744
8408 12390
5318 3129
5802 4581
8935 14013
5129 2580
7126 8568
10403 18438
12552 24828
7335 9171
9342 15201
10320 18123
8726 13350
6168 5697
8133 11598
10401 18378
9200 14775
14442 30534
6335 6159
9923 16932
4765 1497
13047 26370
4320 90
4712 1293
5938 4998
6723 7341
10706 19302
7335 9222
14526 30762
4978 2073
11897 22863
7975 11118
8309 12108
8538 12822
6583 6906
9836 16701
9296 15063
10753 19461
8371 12279
5578 3879
5099 2490
7527 9762
7134 8550
9963 17109
10853 19725
13124 26592
