15052 15837
26674 50751
34077 72933
11653 5604
10880 3303
11437 5004
18405 25881
15591 17466
11350 4725
30541 62334
22955 39558
12563 8346
35974 78651
34917 75462
15384 16818
14635 14598
21751 35907
10153 1125
16668 20679
13591 11475
20866 33264
11865 6297
15267 16464
18041 24816
32102 67026
21075 33882
10287 1497
18952 27537
23191 40245
13995 12666
19869 30297
31916 66519
9821 102
18445 26025
18216 25305
10303 1563
10559 2322
12404 7896
36459 80079
25881 48327
13043 9840
26902 51453
14448 14019
21714 35790
18072 24954
16578 20451
10743 2886
36115 79047
41260 94491
9959 522
20330 31653
12978 9582
17970 24591
15912 18447
21901 36393
30469 62091
17798 24033
37527 83301
20260 31473
11150 4143
25400 46881
29364 58794
16072 18909
10510 2214
25615 47553
18066 24882
16806 21093
12053 6843
20173 31203
16209 19293
22670 38712
11640 5568
13556 11343
27877 54342
16974 21597
28967 57585
20491 32166
23415 40917
20028 30777
10743 2874
20658 32676
20415 31935
17447 23013
36341 79779
18250 25485
19303 28566
16928 21441
13000 9690
27667 53703
23387 40824
15192 16296
16368 19785
30897 63420
17466 23088
10006 684
21545 35337
20432 32007
21110 34023
9868 261
21770 35991
