17036 23178
18568 27891
15769 19584
14339 14436
17297 23007
24244 28911
18433 25530
26556 50871
20410 33003
29977 59922
19969 30603
20063 32220
11094 5682
13412 6933
12471 9408
10304 3255
12382 8808
13419 11106
13451 12324
18668 28296
29316 60126
12292 8802
17627 24894
32860 69738
23206 39249
21283 19542
28127 48279
17958 25530
17009 23061
14211 13182
17718 24621
22956 40686
26224 49497
28315 56475
12108 7476
26527 50364
27158 51990
20761 34317
13889 13842
30416 51561
17580 23697
25584 48417
14141 13962
11984 7380
11936 7458
17757 25629
15563 18750
45057 103491
15303 15825
27280 54276
19173 29355
13247 10956
15877 19917
19753 31026
23595 42957
39957 92226
18401 25566
15487 18708
18695 28101
25044 42249
14871 14361
14901 16314
20167 32664
24129 44196
18460 25524
32658 67701
20623 33375
26303 23067
24941 41358
20415 21483
12260 8292
30157 61977
13088 10941
19383 30042
19575 30738
12268 8745
22409 35913
19083 29562
23335 40896
31114 65508
19910 31560
11695 6903
11624 5259
13320 11505
26380 50349
25122 47541
14729 16173
21623 36420
11669 6927
10334 3186
17657 23850
34535 75867
24109 40344
13950 12363
18861 28191
32969 71133
23542 42960
21727 37644
24782 45588
20625 32853
