2562 3501
2008 2175
1838 1824
3082 5295
3158 5649
1561 1131
2118 2511
2149 2727
1985 2394
2358 3003
1540 633
1319 309
2302 1809
2968 5466
3380 6699
3644 7449
2215 2472
3430 3372
2704 4644
2008 2466
2924 4443
1656 1326
2048 2616
2730 1257
4740 5022
3269 5985
1820 1962
2842 4272
2061 2484
2246 3159
1707 1482
2771 2613
2929 5328
2421 3525
2886 5061
5468 12840
3716 7710
2400 2727
2139 2976
1617 1380
3191 6090
2853 4995
3472 6795
3027 4545
3480 6840
1497 876
1756 1194
2553 2571
1789 1674
1897 2190
3560 3813
1824 1905
2957 5424
3596 7284
1705 1332
1547 1092
2828 4770
2681 4242
2279 2889
2491 3570
2211 2808
1878 2004
1993 2451
4721 10509
2713 4245
2505 3723
1940 2091
3173 5697
3925 8229
2170 2232
3962 7821
2394 3657
1915 1425
3159 5766
2108 2862
1299 372
2126 2664
2696 4377
3403 6756
2762 4659
2708 4566
1959 2259
1574 1275
4331 9009
1919 2193
2218 3009
4690 10077
2535 3789
2988 5415
1592 1188
1502 885
2050 2556
3063 5703
1801 1911
5496 11286
3464 6585
1968 2439
1395 456
1350 444
2614 2571
