9899 9528
16043 28155
13953 21699
16082 28233
13674 20922
7742 3228
14175 22236
9672 7740
13149 19509
15534 21762
12888 18465
7648 2571
6858 597
23970 51759
12317 16428
7802 2850
9793 9186
22393 47031
7703 3093
13645 20775
14166 22461
11177 11859
8746 6207
19687 38808
15698 27078
11154 13398
7015 957
17109 31374
8794 5649
21188 43554
18585 34644
9079 7125
7456 2262
8474 5424
12663 18027
15960 27369
11326 14019
10770 11046
27389 60573
8655 5766
19598 38616
8379 4857
19444 38127
9570 8745
8536 3513
12429 17346
22428 43119
15045 24696
13524 20262
14774 24123
9770 8178
12446 15690
14308 22863
10547 11445
8601 5811
11298 13827
11537 14253
24193 51855
10615 11880
19596 38781
12373 17217
18056 34248
23756 51036
18543 35562
15176 24957
11250 13731
13969 21420
11405 14028
6994 684
18747 16161
23427 50367
14409 23325
17488 31635
15575 26658
10940 12726
17954 33768
11940 15843
9252 7785
20487 41298
18936 33831
19673 38424
10061 10020
9245 7788
13579 20742
12912 18474
21195 43563
13104 18207
23041 48765
14734 24174
18419 35223
8811 5562
14359 22998
22596 44472
14838 24411
10768 11958
8565 3309
7937 3750
11741 13338
16937 30849
23057 49029
