903 1872
369 264
364 228
650 1116
687 1245
807 1587
927 1953
436 465
494 657
688 1218
513 705
361 231
321 99
562 825
1103 2493
661 1110
710 1293
493 624
765 1479
689 1233
541 771
409 372
504 651
584 882
302 24
351 189
319 75
481 606
785 1494
886 1851
529 777
449 477
679 1173
323 108
691 1239
344 168
568 876
638 1080
1048 2301
582 912
867 1773
782 1503
353 207
402 342
845 1710
352 201
380 303
569 852
345 165
591 912
639 1074
788 1536
688 1245
326 126
1088 2439
544 798
714 1296
312 66
505 651
857 1770
862 1740
489 615
406 393
661 1167
440 468
317 96
467 558
849 1749
585 918
702 1281
606 981
414 408
387 306
836 1683
328 105
321 81
541 780
443 474
701 1239
503 666
519 711
355 219
731 1374
587 918
354 189
878 1818
301 21
601 966
394 339
481 582
470 555
665 1140
780 1521
490 609
360 216
394 330
511 669
556 816
673 1194
1432 3486
