18607 31257
18598 31134
15788 20406
11112 8274
22589 42198
12794 13641
15890 20754
19996 34569
13029 12711
34250 77148
14077 14667
22728 42576
17895 28797
12501 10536
26578 43692
12027 10317
21965 40209
34104 76017
11172 8220
20375 36507
11693 10221
29754 62838
9634 3804
20193 35445
18882 31419
23772 46734
10591 6735
28670 55629
42377 101253
22026 38538
9837 4236
20712 37035
24192 47787
22661 43428
18461 29928
11759 8325
18952 30879
13527 15594
14265 12366
9911 4431
16781 21522
11847 9015
26062 53181
11495 7494
10977 7686
16319 23253
17439 27516
17697 27570
9558 3021
25763 52752
10503 6801
18157 29577
18631 31050
19998 35106
11056 8085
14447 17355
13150 14262
9863 4128
11489 9252
32732 73611
15078 18486
13965 16944
15661 20847
14431 17019
12559 13014
10569 5031
13618 8706
17789 23574
13942 16359
16640 24840
17720 26724
12198 11409
27054 55845
31442 68565
34535 78951
17073 26238
18471 28863
21006 38292
21137 38304
29058 58131
22456 42537
14459 18777
10269 4881
12134 11088
15121 20679
21264 38994
16160 19533
13970 16137
11525 8142
10684 7038
10138 4683
11072 8508
23046 18495
9960 4212
19417 27117
20111 34923
9505 3579
12396 12213
17401 26922
27235 56577
