9186 12078
10247 15666
7168 6006
14447 27744
11022 16158
17431 37218
8707 10023
11213 18297
7029 5835
17521 34632
12936 22761
8259 9333
6676 4986
12649 22629
6681 4308
8082 8925
10968 12699
8987 11112
8078 9525
9952 11589
6491 4545
9972 13914
24467 53886
10034 14241
13858 24336
8683 8793
11227 17958
9870 14112
8243 8256
6536 3351
10274 15699
17283 36624
9870 14409
6519 4410
10541 16845
11282 18297
8143 9042
7949 8784
8045 7332
8222 5862
12896 22305
13114 20400
10916 17916
15566 31269
10618 16488
6156 3105
7509 7728
13631 25710
10942 17799
14181 27072
8490 10038
10371 15522
13034 24291
10031 15060
22924 53844
12204 16626
16119 16800
13866 26361
6615 3456
12197 21936
10769 17589
5973 2394
5790 2139
18944 42186
7838 6870
5260 834
6153 3003
7963 6000
13824 26700
8982 11070
11156 17565
8569 10077
9127 11319
10219 15297
10539 11952
5782 2100
10884 10455
6458 4293
8385 9537
12068 20961
10182 14970
7398 7311
13223 23781
9777 8985
5899 2388
7180 5553
10398 15699
15438 31086
6365 2982
5722 2214
14143 27363
15890 31590
12633 22515
10607 12987
14018 26760
7964 8895
9358 13026
5650 1857
5905 3033
8957 12144
