7261 9657
6900 8646
17653 38760
4616 1806
11664 22695
13498 28443
4263 753
7157 9435
13023 27000
6555 7428
9098 15219
5571 2904
9253 15648
7366 9969
8930 14970
5371 3900
9762 17295
5946 5745
7529 10479
7411 10353
11998 23697
5922 4515
5202 3153
13414 28407
11031 21162
4454 1362
5825 5391
4422 1425
6888 8559
9021 15003
13927 29001
4411 1104
6655 6738
8133 12423
8081 10350
9690 16809
6786 8319
10402 19257
7468 10191
7343 9558
7987 11910
9828 17292
6592 6735
8017 11643
6783 8511
4678 1695
6726 8067
9883 5865
10253 18888
6236 6525
8974 14781
7507 10122
4916 2919
12972 26937
6993 9090
9311 9864
10362 18825
10438 18573
4713 2289
6407 7332
12101 24336
6363 7215
10005 17346
11050 21153
6052 5946
7910 11442
10852 19272
5471 4464
4564 1356
7630 10791
8716 2160
7714 11247
7776 11106
9482 16605
10223 18723
12965 26790
4402 1323
9798 17232
4228 672
5833 5436
6090 6423
7060 8742
5963 5154
7526 10527
9113 15318
8307 13089
17225 39756
13691 17025
8905 14202
4110 327
4693 1464
5409 4191
4853 2664
12058 23886
5542 4671
12952 26457
4913 2847
5863 5751
6493 7566
6425 4806
