534 747
1685 3201
1697 2772
568 585
511 414
726 1422
961 1911
1421 3138
900 1809
461 525
800 1638
1123 1557
816 843
1014 1824
404 360
788 858
834 1146
449 423
729 840
637 876
1037 1905
681 1221
838 831
786 1416
478 462
990 2154
998 2139
1347 2001
1314 3114
858 1686
1188 2787
1097 2202
622 918
1154 2127
421 507
618 1029
627 1125
696 1257
1268 2202
392 291
419 468
500 654
546 831
874 1038
1131 2325
428 414
820 1551
887 1860
1110 2157
1175 2028
925 2037
477 591
996 1929
441 402
1484 2829
814 1485
1293 3054
868 1524
624 1068
586 729
354 297
538 633
373 282
1289 2931
1213 2334
1006 1449
680 1200
959 2139
438 477
728 1260
879 1695
584 696
803 1233
620 1011
805 1359
897 1302
814 1593
1268 2475
910 555
1230 2115
661 1047
422 390
456 411
882 1410
689 1080
550 747
466 513
566 915
753 1356
1083 1962
1610 3384
565 594
750 1341
1242 1686
924 279
419 270
886 1071
1392 2268
651 921
1792 3330
