2333 2853
2341 2895
2593 3678
3306 5790
4114 8208
3276 5673
1782 1245
4352 8928
3288 5754
1569 546
2802 4254
3502 6381
2242 2580
2553 3531
1560 519
2855 4422
2291 2727
2149 2286
1886 1515
2720 4035
2926 4635
3280 5706
3717 7062
2608 3672
1439 156
2379 3003
2407 3078
2204 2520
1695 921
1904 1605
4472 9288
3388 6045
3112 5202
1946 1692
1481 282
2896 4551
1555 501
4970 10848
3042 5010
3580 6603
1791 1239
1941 1698
1641 798
1864 1431
2777 4179
3492 6330
2315 2811
2260 2637
2516 3438
4173 8376
2171 2349
2046 2010
3502 6369
2326 2853
1984 1809
2964 4767
2446 3237
1737 1050
2309 2811
2039 2001
4118 8211
2641 3816
2814 4308
3059 5049
2677 3894
3381 6069
4424 9156
4627 9744
2221 2520
1453 195
3700 6993
1750 1116
3414 6132
1894 1584
2829 4389
2197 2448
3602 6687
2553 3516
1475 252
2517 3414
4203 8508
2486 3333
3460 6237
2200 2445
2798 4278
4129 8253
1478 273
2574 3567
2502 3372
3510 6411
3090 5151
1526 405
2719 4065
2212 2493
2667 3858
3109 5208
2016 1932
1944 1689
1553 513
1448 192
