1435 2802
1245 2070
741 693
1260 2223
957 1455
1246 786
1685 2847
729 759
1265 1389
2036 4746
1440 2058
1483 1788
1095 1482
1089 1920
946 1149
1342 1701
867 756
1051 1431
1226 1722
1085 1344
1800 4101
1763 2496
1461 2442
782 882
1524 3006
729 405
1246 2256
1696 3759
1367 2499
1241 2223
996 1467
1483 2406
1274 897
1274 2475
2015 4650
728 543
724 789
1058 1698
1657 2955
1019 1335
778 981
1300 2265
1092 1866
1372 2553
852 810
732 759
644 495
1873 3996
1667 3450
838 792
1163 1872
2028 4662
1419 2196
1263 2160
1189 1977
1922 3780
872 1230
1506 2979
718 780
1939 3129
795 978
827 1098
1454 1848
957 1089
1661 3357
1941 2925
1259 2058
1229 1779
707 615
2271 5136
1180 2121
1398 2709
662 429
1251 2031
1097 1419
1659 2232
992 1437
1116 1227
1053 1710
781 735
657 555
1187 2187
1681 2613
1419 1368
1365 1350
1485 1740
1435 1299
1193 2214
972 1362
684 570
1144 1968
1551 3114
1394 2262
1527 2658
1776 3918
736 756
837 903
789 873
869 1164
1278 2436
