11406 14625
14663 27324
19911 40584
10009 13407
6233 1944
6820 2820
11205 16959
6109 1449
6210 1362
7580 5775
17072 34464
8286 7929
8647 9285
6544 1983
16420 32418
19058 37701
13202 22947
13791 24633
15292 29106
11677 18054
6455 2451
17132 34692
9790 11856
10739 15213
9944 13083
13308 23208
10823 15315
14435 26535
8292 8148
12926 21681
10966 15873
12580 21024
14256 25200
18655 38925
8456 8538
13713 24399
8095 7272
13381 23460
9768 12312
8128 7512
13722 22773
6694 3330
17489 35844
8366 8361
10655 14118
16903 32991
6850 3765
15359 25068
6916 3822
21166 46440
16094 31305
8314 8256
13465 23391
6335 2136
6356 2289
12687 21324
13227 22839
12731 19236
11746 17751
13712 16584
6841 3039
8902 9465
10561 14841
15122 28752
8890 9918
10247 14055
11806 18477
18733 39120
7974 7191
5679 348
12342 19764
10017 13251
11629 18162
12013 19407
13184 21747
6573 2943
13569 23868
8876 9714
6791 3330
11475 17613
13885 24513
10409 14223
22046 48687
11486 17541
14652 26838
7268 4239
10790 15684
11425 17415
11862 18576
6497 2262
9063 10548
21881 48882
13463 21804
8222 8016
6188 1560
10860 15756
6682 3378
9038 8034
9627 12021
6457 2481
