22731 39507
22810 40290
14976 16182
18821 28248
17005 22899
15026 16782
29880 61440
14558 15537
29994 61059
16987 21066
16278 20436
26565 51393
14733 16002
12543 9519
11216 3954
17257 22989
23967 41088
14196 14541
25455 20115
18062 26139
17771 24813
20214 32400
23922 42990
12304 8661
12662 9948
16842 21906
19236 28473
16671 21567
24186 44364
19779 31137
16215 20079
25323 19794
11211 5385
18846 28308
32618 69744
27904 55551
15292 17142
15468 18318
17476 24324
28837 58485
11481 6414
19811 31299
25279 47421
28480 56634
27292 53664
10025 1872
21560 35760
11918 7560
14007 13665
12648 9594
27198 52356
16462 21126
18103 26115
14910 16602
26581 51654
22607 39444
12356 8505
15099 16230
15486 16767
10729 3783
9928 1161
22809 38076
15762 19290
21513 36333
12565 9306
13126 11226
14421 14745
16294 20403
20186 32043
12506 9324
28081 56034
15857 19389
17110 23139
11520 6432
10697 3738
14142 14298
22293 36735
14057 13914
21687 37068
18275 26388
30158 62064
10835 4209
25177 47409
18042 25968
18693 27624
13636 12852
17237 23271
14639 15810
12030 7869
19315 29646
18714 27972
16147 20325
23577 42453
10735 3642
30284 55092
23563 42237
27087 53013
24769 46134
20561 33498
26741 51987
