1430 2244
1854 3528
1762 3261
2475 5436
1234 1659
1115 1284
846 486
862 522
988 903
1153 1413
974 897
2083 4215
1644 2886
1811 3387
928 705
1723 3159
1206 1572
1247 1707
1532 2532
951 810
801 351
2035 4086
1763 3264
1907 3714
938 768
1000 984
827 408
857 537
1420 2244
2058 4173
1299 1872
1213 1596
704 39
812 393
751 183
1253 1695
953 807
1485 2412
753 204
845 474
1177 1506
1194 1527
1110 1305
2064 4173
1839 3501
1436 2274
1150 1425
1383 2097
1252 1710
2272 4773
1415 2211
972 882
1755 3228
1278 1797
708 51
2017 4044
2104 4296
1791 3318
1469 2409
2808 6435
700 18
1319 1884
1837 3474
2073 4200
1282 1839
2005 3972
1650 2922
1083 1188
770 249
2467 5400
1052 1101
1866 3588
700 21
1081 1191
724 99
699 9
2028 4068
1864 3582
1140 1356
1791 3339
1688 3027
2864 6600
2508 5505
918 708
1742 3174
1080 1185
1314 1941
742 144
1500 2463
1262 1758
1423 2250
1501 2442
1332 1962
1540 2583
1259 1752
988 912
1818 3444
772 261
1330 1947
1130 1356
