11569 19740
11648 19113
11536 18423
7849 8580
6345 2988
8548 10644
7981 6018
5639 1572
7572 6495
7866 4944
5936 2703
8600 10917
11866 20439
15081 30222
7764 8316
14131 12462
6089 2967
8245 9813
11599 19491
9437 13218
8231 9804
11855 19647
8906 11790
14014 27069
16640 31227
10063 15255
14746 29325
7838 8658
12473 22449
8826 11322
18035 39345
10756 12402
6305 3849
10802 9681
18725 40509
11075 17034
6196 3615
13525 25593
6643 5100
11223 18621
11353 19017
7862 8520
14578 26823
9738 14337
7212 6606
8103 9471
8048 8568
9414 13332
13468 25428
12948 20856
10142 15372
11461 19431
8547 9627
6889 5523
18936 41262
17120 36189
10372 16212
7244 6333
8563 9897
7062 5271
17768 38442
19440 31269
11070 15924
15084 30366
8729 11010
14524 28074
11098 18120
12337 20859
22244 48684
10272 15645
11098 18237
8048 8643
5103 333
11364 18939
7815 8508
15989 31944
9701 13998
11147 17742
13042 24042
11560 19845
10460 15003
10507 16620
8346 9897
11798 20583
10642 16713
9778 13674
10268 15951
17319 37056
15103 29979
12212 21555
9155 11658
10086 13902
12286 22044
7950 8685
7536 7626
11517 19359
9735 14184
7584 6618
17507 37701
9415 12705
