14721 22167
8559 3861
15104 22326
19676 37239
22230 43224
21601 42975
15552 24828
13519 18762
25668 42624
11836 13389
19076 35490
15553 24414
15341 22980
18578 33840
11848 13734
12250 14817
10907 10791
20160 38664
22403 45219
10351 9042
13435 17970
16309 26853
17790 30786
13227 15981
13586 18690
11951 14016
16414 27369
10671 10224
18361 33399
7623 993
14767 22206
8486 3360
12417 14826
16687 27945
7911 1980
12471 15231
10717 10206
19672 33750
17645 30735
10807 10275
14848 22842
11134 11658
10789 10629
19716 37224
14784 22521
8709 4062
11690 13218
8410 3186
17985 31476
19744 37461
9803 7491
11554 12570
13607 18696
9737 6834
20064 36702
12259 14592
20841 40758
19655 36609
14495 21555
19485 36126
17954 31584
20062 38457
10702 10152
12481 14550
14366 21138
19333 35805
11116 11478
20877 40611
11440 12447
10335 9234
21795 43551
15281 24132
16983 28941
9244 5514
16332 26667
11228 11568
14787 22200
11212 11889
23061 47238
18540 33696
12424 15393
17496 30699
8158 2322
9060 5232
11655 13116
15653 24627
14391 21411
15360 22785
14515 21639
19278 36120
14607 21354
14384 21297
18640 33351
10569 9489
15320 24228
12784 16356
24988 53052
18652 21645
20644 39360
24320 51063
