3616 2148
9161 14634
11797 25449
3996 2307
12672 28890
7561 12573
3645 1953
8227 13227
3892 2856
6778 11256
5278 6486
7434 13425
5798 8505
3843 2676
7588 13791
13024 28101
6573 10860
4145 1809
12327 19551
5308 6837
7816 14160
6271 9783
7118 12012
6223 9189
5184 5952
4089 3075
8454 16569
12239 26640
6005 8949
10487 22623
6703 10572
10810 20001
5235 6342
7127 12222
6299 9873
5028 6060
9747 9852
10692 17634
3956 2691
5132 5496
5569 7572
5259 6216
7221 12402
4777 5505
5534 6861
6009 8550
3110 585
6190 9339
4203 3816
7164 12237
4650 4959
7995 15093
5102 5712
6727 11313
5636 6228
4963 5889
8753 16887
4271 3717
8805 17598
6350 9831
9598 19269
4434 3363
4046 2478
6753 9567
6456 8562
8819 17454
6554 9924
6589 11091
5996 8217
5240 6933
6753 10482
9952 20427
6746 11547
10169 13212
9010 17910
3141 723
6319 9771
6549 10827
7191 11751
4636 4503
6642 10155
11839 26289
4718 5211
13023 30099
6544 9993
8339 16188
5213 4452
5173 6483
5201 6594
7984 15288
4323 3402
4156 3495
8915 17364
6732 8727
10275 13161
8164 13227
6151 9390
13491 28155
6057 5214
5522 6987
