11634 10686
12005 11814
15711 22887
23204 45423
14311 18699
9010 2823
26879 56466
16754 26037
24033 47898
17676 28839
8403 963
9258 3558
14863 20400
17185 27348
21582 40581
14724 19992
19958 35658
19062 32976
18160 30273
27110 57141
10793 8160
9067 2976
23612 46647
17208 27399
9307 3729
18287 30642
12169 12252
13512 16281
25694 52884
14779 20118
10887 8451
8790 2133
22087 42045
16582 25503
10269 6597
12371 12885
12408 12978
22570 43500
8715 1884
13310 15684
12198 12387
12642 13683
17832 29289
13983 17742
15199 21405
19908 35514
18853 32340
30558 67467
14413 18993
10901 8469
23828 47277
16629 25695
10749 8049
16220 24432
23750 47076
8176 264
21554 40491
9056 2931
11968 11706
16806 26217
16368 24903
18870 32427
18108 30114
12065 12006
13741 16989
9935 5562
8677 1779
11181 9324
10915 8544
21780 41085
21003 38784
10783 8112
8370 858
18716 31950
16888 26439
17523 28353
12226 12441
19257 33564
21161 39294
13705 16905
10399 6981
21571 40488
16215 24417
12027 11856
9543 4422
17940 29619
8976 2703
17643 28764
12750 14052
26741 56049
9670 4785
32777 74157
18837 32322
13528 16329
12792 14184
8468 1176
8925 2514
17067 26973
9454 4089
13830 17280
