4819 1914
4354 525
5849 5019
9117 14817
5395 3669
7712 10617
10365 18558
9146 14904
5550 4116
6556 7143
10472 18906
6040 5592
8671 13476
12519 25038
13140 26901
10334 18522
8748 13719
7118 8826
7058 8646
4432 735
11233 21201
5844 5016
10101 17802
12162 23952
7354 9507
9010 14532
4677 1494
11122 20850
6886 8106
8254 12288
10812 19965
6179 6000
6615 7371
6389 6651
5304 3366
9349 15522
7281 9315
6780 7812
9445 15837
7373 9585
6138 5880
9031 14577
15674 34557
4269 255
13321 27429
4988 2448
12023 23553
7296 9354
8903 14163
6942 8319
6666 7473
5271 3297
6023 5544
6155 5949
4278 252
5181 3000
7778 10806
5990 5445
15924 35265
16973 38448
5792 4842
6791 7857
7793 10863
9032 14580
6940 8283
7837 10995
8204 12066
8546 13092
4894 2175
7453 9852
9646 16401
8162 11952
9331 15513
8708 13635
16189 36120
7501 9978
14715 31692
12190 24027
6866 8055
4939 2274
5520 4032
6182 6048
14017 29598
8000 11484
5615 4326
9096 14781
5473 3867
8187 12054
10167 18021
10633 19383
10370 18576
4835 1962
10943 20376
15531 34065
10955 20403
7932 11271
9911 17196
8779 13812
5401 3684
4619 1302
