15223 26610
17467 31938
13104 20175
18625 35913
8513 6444
12834 19290
19538 36015
12598 16083
12934 19617
12021 16593
14987 24591
12021 16914
11214 14442
21706 46119
9987 10548
9041 6951
23732 51279
11951 16632
21880 46155
7040 1776
7585 2967
15073 26019
7160 2256
15707 27849
10229 7815
15450 24753
18620 36090
12640 18732
8834 7383
8921 7638
23902 52332
20006 39186
9079 8028
14482 24195
11769 15906
8310 5787
27382 45777
10340 11520
10436 12111
14559 23955
14487 24279
7877 4533
8977 7380
14616 24609
8916 7698
8545 6324
20411 37464
18645 36822
19792 40092
8851 6924
6983 1491
14233 23478
11185 14391
11262 14301
14192 23496
7327 2856
13727 21255
16686 30072
9103 8142
21127 44076
18446 36168
19348 38856
15925 28599
14969 25596
10757 12837
18423 32427
15018 24978
10351 11985
17886 34539
10113 9924
9034 7875
12825 18630
13785 22242
12769 18846
9478 9282
8735 6822
15670 27915
15340 26238
10214 11454
16396 29853
9881 10338
19316 38943
21731 45474
7901 3807
10214 11361
6821 1326
11917 15033
27024 61884
14425 24144
10575 12003
9778 10170
7008 1479
15396 26952
14739 24471
14220 23607
9832 10266
17991 34329
7775 4254
31172 74544
9494 8787
