22064 47406
7454 4350
13718 23622
7450 4959
18755 38349
13908 23220
11099 14994
12137 18258
12456 19179
13484 22644
11327 16443
11568 16854
15111 27123
9060 9594
14060 23814
11580 9696
9671 11592
20379 42441
9322 10332
14437 25857
11725 17328
9115 9018
18866 38628
8063 5538
12215 16017
13519 22110
19643 41226
18041 36465
14008 24651
10436 13593
21757 47844
8305 6036
12495 19866
11682 15990
7086 3426
14118 23931
17658 34452
15350 28362
14606 25974
12161 17703
10481 13728
13856 23760
7005 3411
14240 25119
10987 14970
6417 1632
8806 6300
11679 17103
14008 23250
24893 56832
11064 10707
10556 13047
8397 7260
24353 40815
10690 13437
16311 31152
17882 34257
11158 15657
23858 52461
12452 19428
11709 15018
7901 5859
22114 31248
7912 6297
13462 21711
7631 4623
11367 14643
14812 26787
15065 27135
14901 26112
20177 41859
14948 25677
16391 30123
14541 17661
15764 27720
9664 10317
12556 17280
8446 6594
7409 4632
8577 5052
9157 8934
12544 19359
10694 14139
13813 17949
7402 4674
13237 21849
17343 32421
16457 31461
16947 29937
23384 51327
12656 18540
13864 23004
9498 10248
18688 26973
8777 8886
8150 5856
17864 35328
14331 25251
11425 16824
20655 43764
