4187 6036
5045 8628
3169 2964
9330 21474
4027 5538
4418 6756
4441 6780
4861 8037
5054 8607
2212 66
3023 2580
2505 990
3966 5364
2381 582
7074 14742
2863 2055
6492 12939
2414 687
5495 9960
2588 1221
4209 6144
4439 6780
4028 5529
4107 5832
4874 8160
4009 5493
4602 7290
5844 11043
5781 10818
3619 4305
2377 579
4394 6636
3610 4293
3119 2814
5367 9573
2972 2415
5298 9393
3999 5481
6035 11604
4668 7512
4689 7515
2631 1359
4441 6795
3432 3768
4158 5985
3672 4482
3613 4332
4200 6084
2696 1536
5399 9669
4058 5649
4457 6852
3515 4029
6971 14415
3912 5229
7600 16320
6439 12798
2381 600
4038 5607
4704 7593
5744 10704
4310 6387
6162 11997
7193 15072
2840 1977
6521 13056
5882 11130
4184 6045
3403 3681
5890 11226
6894 14184
2721 1626
5469 9933
2549 1110
4230 6162
4360 6552
3965 5397
3140 2883
3577 4215
3502 3978
4311 6396
3892 5133
6408 12699
5805 10878
6982 14439
2419 705
3592 4233
3901 5160
3981 5445
3712 4620
5924 11238
4226 6162
3544 4077
3777 4767
5356 9552
4913 8247
4364 6555
3444 3822
2583 1224
3202 3099
