10252 10110
18040 33033
12777 17739
20320 39009
11748 13353
8623 5061
18450 33912
17689 32262
23004 48387
8987 5958
7564 2034
16518 28812
11175 12150
15354 15771
9384 7365
14303 22131
14192 22023
8342 4356
16451 28635
7730 2361
13447 18588
21245 43098
24028 51363
17183 30939
16306 28050
8261 3981
14982 24348
16160 27906
8493 3993
15062 23982
17513 31971
18120 33696
18257 34047
12319 15621
17733 31737
12055 15498
9914 9021
24128 51249
9182 6831
13060 18294
15994 27357
7702 1689
25137 54471
14060 21057
7574 2058
8700 5409
10135 9636
9982 9417
12351 15669
9232 7002
16433 28674
9193 6285
14536 22980
22889 48003
13611 19701
13400 14871
12527 17037
9716 8466
13487 19641
18022 33189
11326 13023
8360 4407
10269 9369
18548 34413
17157 30837
8324 4311
9346 7434
7167 945
9080 5013
12444 16344
8597 4920
16025 27522
6973 309
12455 16752
14537 22509
18258 34272
11504 13917
8965 5850
8021 3339
16321 28254
12247 16002
16968 30330
13070 18273
11683 14457
25014 53604
18983 36438
13207 18903
11880 14274
11359 13224
23125 48408
11494 13695
18509 14211
11556 13917
14487 21180
16305 28296
10269 8844
17575 32067
17272 31032
14974 24015
13407 19686
