246 447
169 300
270 210
354 483
311 567
344 462
230 432
396 459
326 579
222 426
182 321
166 255
393 597
186 402
441 1074
175 270
360 672
158 270
283 597
211 282
159 294
213 360
214 252
246 207
258 288
171 183
207 243
198 189
148 270
313 519
210 264
249 306
265 429
183 261
228 411
169 342
468 849
691 1644
454 771
262 612
188 399
347 762
268 531
170 258
269 525
302 513
237 396
276 408
425 957
488 807
211 261
467 1065
238 393
393 396
385 831
290 405
307 447
99 123
99 123
352 585
185 393
395 585
222 348
249 366
260 435
279 627
602 1215
290 462
487 1074
184 363
167 147
334 558
342 579
239 477
227 378
270 483
520 846
396 756
493 564
370 417
375 546
183 351
516 690
302 480
371 627
213 345
352 780
325 360
354 714
285 651
243 285
215 393
153 300
146 273
406 603
345 546
243 273
385 711
269 375
387 711
