231 336
197 444
210 348
161 321
373 540
249 345
231 342
132 309
368 507
99 288
383 390
301 420
386 543
161 318
186 423
400 405
99 288
149 327
480 558
118 312
296 327
140 324
300 522
224 348
121 321
173 396
122 291
186 414
306 324
118 318
262 405
282 303
170 399
203 420
267 333
198 330
116 291
146 297
222 384
121 327
169 369
145 354
157 393
176 309
264 363
305 597
245 474
254 336
269 333
253 504
111 330
249 372
199 411
156 363
137 336
192 297
301 327
308 345
408 618
281 372
226 342
163 336
307 306
286 405
156 345
292 579
278 330
239 300
183 312
179 330
272 381
117 321
194 294
232 378
192 315
194 342
288 303
149 345
169 366
105 291
283 402
216 393
225 414
285 414
311 621
301 354
188 297
412 336
285 657
337 354
160 396
266 480
106 309
161 327
123 321
129 294
302 408
135 318
248 339
115 336
