18130 26997
9818 15573
14131 28422
8642 11751
6911 6255
6649 5916
8026 9897
10190 15594
10429 17049
11674 20586
11395 19332
8184 10506
10160 16335
6917 3897
10969 18015
9028 12513
14654 20955
10508 16557
8536 11610
15636 33039
10429 17640
10520 17817
5449 2439
12838 24771
10411 16680
6744 6330
5757 2649
8087 10704
13238 25740
5007 969
12920 24003
12167 22863
5211 1689
7856 8844
8127 9438
11216 17754
23690 43905
8993 12153
18104 32049
11749 20973
6644 6318
17894 39432
10540 16638
10940 18699
10543 17862
13477 26499
14697 30351
11947 20673
8040 10014
11189 19113
12282 23217
17528 24729
7972 9231
7529 6717
15617 32907
12088 22485
12314 23478
6099 4230
7473 8652
7240 8109
10965 19119
13981 26565
5803 3897
9983 14982
12846 14238
7091 5511
9986 8982
13438 25221
12046 22014
12770 11292
10702 18318
11686 21162
6124 4632
8117 10443
6119 4464
5298 1704
8209 10737
4978 1140
5600 2583
6351 5223
9094 13617
14591 30201
13611 13701
6023 4500
10966 19143
15949 32823
6006 3762
7108 7644
8820 11580
9708 14844
8719 11826
9594 14892
12821 24930
10986 18801
16338 25572
8899 7767
11637 21039
18604 41865
13444 26712
13866 26883
