17989 26391
25588 49236
26803 52770
20978 34680
18652 28398
15811 19794
11272 6051
13374 12357
14516 14739
12021 8070
16973 22332
14203 14913
28126 56040
14288 14220
32515 69486
18544 27939
17143 23682
12105 8733
9343 531
21224 35472
14607 16395
23825 44022
14191 14823
12700 10140
18974 29346
19119 29727
25064 47247
13120 11415
12418 8724
15485 15189
14693 15843
22098 38712
19993 32412
10345 3579
30759 64674
20098 32844
14567 16218
12255 9174
21183 35637
28538 56022
11266 5913
14771 16773
36461 81897
20868 35010
10708 4644
18034 25545
13848 13839
12684 10461
19537 30633
12151 8691
21500 36711
15405 18177
11535 6957
14207 15144
14351 14679
11868 7086
23955 43626
12590 9915
17078 23670
17924 26196
19771 31680
12330 9339
31103 65784
13863 13944
19812 31860
9405 480
20563 22428
24157 44751
21477 36879
17501 24408
27154 53928
13506 13050
10186 2751
10543 3423
13453 12309
27563 55158
31086 65865
25847 48927
10374 3252
22463 39582
23613 41790
11401 6717
13650 13389
11383 6426
16058 20763
24288 12396
20579 34020
16000 20406
21343 36324
30909 64920
9757 1608
19198 29247
24692 45390
19793 31767
20103 32841
14856 13815
12323 9243
14809 16824
16349 20841
15308 18360
