2810 2169
6096 8937
2256 894
6951 8127
5439 9153
6133 10185
7559 12753
5300 10152
4621 7740
4279 6819
7926 12147
5327 9978
4956 8697
6839 9126
7278 10239
9928 23835
5267 8163
5422 8058
4823 3072
6077 8685
4687 6321
3169 3015
4536 7680
3945 4329
8953 17703
5760 10908
3512 4770
9623 14934
6400 12768
4006 6327
3149 2361
3068 2889
3351 2886
5614 10545
6832 8178
3211 3837
2915 2319
4409 5448
3509 4191
4611 7926
4704 8175
7007 8952
4573 7551
4478 7497
3372 3669
5840 11631
3893 5694
7608 12510
3860 5493
6054 8724
3305 3756
4424 6534
2515 1536
5147 7782
2966 2727
5255 3909
7382 15462
2762 2265
3862 5913
9111 18450
4222 6528
3821 4866
5560 9030
5190 9381
3731 4269
2887 1410
6139 7800
6344 10584
2243 789
3476 4398
5897 11163
2237 870
2733 2004
4538 5217
3555 4512
5853 5955
5850 11427
5253 3000
4266 5925
2870 1431
2620 1542
3244 3594
4916 5388
4836 8514
3067 3225
6492 13668
3134 2706
4138 6507
5099 8961
4967 6174
3759 5382
2369 1008
2194 729
3766 5535
4364 7431
3784 3819
4619 7767
5033 6555
3569 3147
4195 6792
