28466 51918
15493 16572
47075 110769
27107 51771
22032 36537
19800 29364
30593 61911
20792 31812
13961 12444
31429 64140
27789 41808
11633 5199
39426 88347
15983 18288
12729 8925
25584 47577
17617 21648
16301 19389
21335 34242
20826 28584
14986 15108
24681 44433
20988 33588
21428 33507
21498 34380
19091 27735
17268 21414
29446 58245
27462 52596
19286 28209
25161 44274
11238 4434
21473 34725
19679 24414
25240 46182
16945 21711
11138 3663
15706 15882
18939 26637
19815 28578
15779 17685
20484 31521
15445 16923
27900 49938
26489 49758
12552 7266
18106 24282
16377 19266
19729 29631
23865 33213
22980 38928
13056 9216
33679 70221
16577 20634
22589 34071
18338 23601
30653 33285
24373 42246
19497 28794
34234 73659
23847 42168
26752 50652
21592 33807
21372 34818
16693 15051
15181 14799
19926 29025
12026 6324
17599 22593
30416 40038
23142 39927
17468 22968
23278 40587
11585 5352
18991 27021
15297 15765
20402 31851
18454 25674
11116 3810
27498 53148
14030 12228
31073 53133
25463 46401
13116 9909
23644 41541
21311 34446
21105 33702
12576 8244
28957 57774
19440 27822
11118 3885
18093 25110
19784 29970
26618 50409
13266 10488
23834 42240
15520 16137
20126 30519
24073 42621
16440 19986
