3196 1215
6164 10212
8175 16242
7115 13011
5751 8916
5944 9486
6125 10065
9403 19884
8556 17370
4562 5358
7361 13785
7700 14775
7033 12765
4239 4392
3348 1692
4813 6114
3058 855
4809 6081
2975 570
3124 1038
5834 9204
8185 16272
4490 5133
5751 8943
7185 13230
10206 22284
10537 23331
4102 3933
10640 23604
2941 486
6410 10905
7496 14169
3675 2670
4241 4398
6754 11955
4287 4533
4597 5448
4672 5697
7099 12999
4005 3690
3777 3015
3547 2313
5141 7077
4059 3870
3389 1860
5039 6801
3216 1323
3005 681
8066 15888
6649 11646
4182 4203
9140 19122
3863 3237
3969 3600
4547 5343
6987 12654
5360 7755
4831 6147
6016 9738
8251 16455
3644 2589
6841 12198
6397 10863
4827 6147
3872 3291
5092 6987
2980 594
3955 3546
6693 11787
2923 432
4994 6648
2861 210
7694 14775
4403 4854
5053 6852
5601 8451
5017 6750
3050 786
3871 3270
4075 3900
4269 4461
3642 2589
10581 23433
4605 5481
3549 2310
8491 17190
6839 12192
7568 14376
7019 12741
7508 14190
9696 20817
3885 3336
3805 3099
4901 6366
4256 4443
4950 6540
5259 7443
2902 354
3423 1935
4644 5616
