10730 19842
5093 2562
6639 7098
12541 23928
6908 8367
12691 25662
5987 3147
10976 19071
7875 11055
12824 24450
4937 2100
5756 4818
10756 19545
18009 39348
7054 8226
9438 15852
7500 9987
6848 7224
6964 7806
9180 13659
5745 3849
8457 12561
7395 9585
11724 22587
7351 9090
11122 20490
10449 17466
14723 31257
5116 2256
5049 2664
11948 22707
10058 9186
5191 2817
13040 26646
8251 11406
5400 3066
8793 12888
13397 20931
10201 17928
5906 4533
8683 13491
9778 15774
9397 15753
8628 13311
9808 16578
16048 35802
10551 18963
5149 3003
8138 12030
8142 11649
8671 13317
12051 20310
8077 10755
9154 14652
11370 19155
7336 8997
8288 10440
13006 24897
6181 5658
10386 15741
12508 24396
7800 11112
6321 5229
5327 3189
6124 5553
8914 14121
11792 21336
8263 11241
5534 2628
10803 19629
8754 11004
5165 2184
9735 16326
8433 12300
7952 10824
5041 2832
10618 18789
12105 23733
15910 33525
12270 23376
12135 23427
8913 13905
9971 15126
9424 14733
18853 40764
5330 3279
4946 1854
5294 2784
10011 14823
8697 12759
6864 5835
6025 4644
4667 1323
9604 16356
13314 27561
14748 30447
10347 18480
7213 7797
5827 4809
7787 6852
