17443 28641
15879 23601
11864 11979
37113 87228
9456 4716
17651 28608
17225 4431
8576 1887
17797 29799
14740 20340
9629 5349
18066 21213
11323 9972
13701 17535
8325 1437
13985 18273
17949 30048
8393 1056
27912 60045
17254 28107
16082 24519
13251 15402
13266 16155
14182 18828
8441 1560
26320 55377
19233 33837
18145 30903
16346 25341
16914 26400
34955 81138
14330 19497
18797 32784
10490 7644
16340 24435
16973 27357
23968 47880
17480 28755
13539 16947
21528 40989
12821 14721
8871 2991
23818 47931
9716 5316
11713 11136
9410 4566
20061 21849
13555 16443
24796 50832
15211 21987
19325 34068
13251 15747
17363 28431
12213 12852
8292 1044
22535 43938
9143 3600
22848 44562
14035 17958
13606 17244
14631 20046
20129 35667
13712 17604
9308 4158
23938 48189
28794 47898
14036 17130
18334 31125
9254 3855
24738 50520
15013 21483
22383 43515
22239 43032
21216 30495
19059 9723
19316 33687
10778 8568
18525 31614
16613 26211
21016 39423
8721 1962
14570 19794
13397 16005
14395 19497
17985 29256
24769 50280
22856 44922
18016 30141
16150 23817
23864 47385
15015 21465
11207 9975
34147 78915
20279 37290
23116 45648
19627 35190
11562 9912
22132 42414
11831 11238
19344 29172
