13649 24765
15904 31389
8856 10290
16029 31677
6718 3306
5944 1683
11946 19560
6057 1620
5776 906
15400 29703
12180 20379
12734 22050
10606 15609
13514 24390
17186 35544
10128 13377
13693 24834
9703 12633
8699 9966
9857 12573
7283 5754
10111 14232
7485 4164
11549 18249
10504 12966
16833 34296
6323 2808
12060 19491
26702 63681
12715 21777
12328 20376
15941 31641
8591 9783
12736 22068
20310 44280
9617 10323
13602 24417
9679 12894
13894 25482
12134 20355
5568 543
13026 22902
6129 1983
14610 27798
6487 3306
12439 20871
8389 8928
12696 21735
10402 15078
19039 41001
7968 7431
12947 22710
5633 546
8846 8199
9228 11463
12556 21351
22333 51024
5816 1179
10797 15888
9032 10752
8304 8748
5708 936
6605 3675
16419 32994
20420 45072
12326 20910
15341 19014
17826 21282
13537 24363
9184 11448
9761 13032
12255 19572
17684 36579
11607 18306
10250 13542
8210 8352
17726 37080
7035 4887
7147 4152
15118 29109
7217 5538
19297 39996
7241 5391
10206 13635
13234 23553
19362 41667
10074 13722
10433 15003
7913 7308
13008 22686
9853 13413
7449 6066
13371 24084
5668 693
19677 41388
11420 16215
15755 31086
8475 8307
6589 3303
12972 22527
