1656 1974
599 288
1502 2043
1596 2730
979 984
1488 3000
1602 3063
830 828
1109 1320
1255 1863
1244 1620
1467 2919
1630 2190
923 1224
1948 2520
2226 5043
1378 2232
1378 2160
1746 2724
1914 3630
1920 3984
1228 1029
1509 1752
2453 4203
1152 1425
1223 1236
1000 993
1194 1971
799 741
2007 4377
1625 2484
1240 1731
2595 4143
1304 1878
1845 2814
2705 4953
1196 1929
1064 1485
1368 1635
1498 2064
1970 3681
2027 3792
1941 1158
970 1161
1822 2841
2270 2757
1858 2889
1565 2898
1381 2187
1522 2382
2850 6501
1411 1959
1345 1584
1570 2508
1299 2190
1663 2991
1235 1872
1843 3717
2042 3189
1245 1344
1430 831
2212 1986
2080 2709
1354 2415
1604 1188
1546 1575
2276 3429
1105 1302
1612 2733
1350 2292
2234 2466
1638 1221
2492 3738
1554 3132
1019 1179
2020 2538
1699 2865
1815 1665
2240 3324
1011 1326
1046 1503
1168 1473
2173 3252
1426 2646
1188 1548
1045 1419
1395 2115
1766 594
1101 1647
1160 1482
1500 1692
1705 3147
1268 1674
1513 2637
1387 2415
1579 2679
1783 2898
1255 1755
2319 4743
1734 3540
