7690 12314
7024 10931
7325 11710
6984 10973
7339 11670
6733 10666
7415 11776
7366 11658
7389 11883
7497 12071
7533 12031
6560 10336
7297 11553
7355 11615
7401 11833
7189 11343
6803 10802
6609 10383
7545 12128
7369 11654
7314 11691
7538 11997
6671 10574
7359 11679
7460 11856
7315 11734
7440 11861
7309 11654
7215 11439
7331 11642
7734 12461
7424 11833
7253 11478
6938 10957
7368 11727
7174 11458
7427 11767
7311 11496
7003 10975
6840 10845
7476 11946
7343 11679
7478 12010
7642 12330
7160 11326
7282 11578
7247 11399
7443 11969
7410 11799
7524 12002
7360 11647
6638 10485
7349 11668
7590 12163
7373 11731
7214 11455
7484 11988
7512 12105
7432 11836
7358 11655
7424 11818
7024 11208
7344 11644
6791 10633
7591 12176
7422 11917
6802 10869
7368 11873
6725 10634
7500 11886
7376 11788
7337 11676
7330 11651
7295 11595
7339 11651
7320 11597
7200 11558
7351 11787
7061 11182
7267 11489
7368 11708
7516 12071
7348 11517
7573 12086
7196 11332
7297 11600
7196 11347
7170 11388
7298 11575
7355 11645
7086 11215
7406 11801
7246 11405
7455 11922
7392 11781
7269 11473
7568 12135
7345 11635
7438 11845
6852 10849
