11266 19117
11336 19326
11331 19330
11045 18743
11337 19336
11371 19319
11404 19437
11350 19356
11368 19371
11368 19377
11338 19290
11352 19385
11380 19393
11018 18671
10996 18619
11290 19186
11267 19124
11370 19377
11357 19335
11324 19170
11400 19416
11351 19364
11363 19385
11351 19360
11346 19317
11323 19217
11374 19384
11354 19345
11383 19399
11333 19301
11356 19371
11383 19403
11357 19342
11375 19402
11251 19106
11354 19365
11366 19372
11362 19366
11347 19377
11391 19419
10967 18579
11411 19462
11369 19384
11378 19417
11362 19182
11338 19228
10980 18593
11376 19396
11382 19392
11351 19329
11372 19386
11350 19357
11463 19533
11378 19401
10985 18597
11389 19438
11367 19370
10970 18558
11039 18707
11288 19230
11370 19380
11358 19264
11369 19380
11377 19387
11359 19384
11384 19425
11260 19082
11381 19418
11366 19370
11271 19113
11365 19367
11359 19364
11251 19057
11341 19276
10972 18577
11373 19385
11389 19403
11377 19402
10980 18598
11362 19260
11351 19365
11362 19363
11368 19369
11016 18652
11262 19089
11364 19369
11273 19148
11010 18648
11359 19334
11348 19337
11463 19386
11037 18690
11373 19387
11356 19298
11048 18737
11377 19399
11337 19297
11359 19361
11270 19125
11276 19142
