35599 59619
35112 58775
35377 59278
35379 59198
35430 59333
35409 59224
35475 59424
33890 56841
35472 59520
35540 59436
35303 59153
35479 59433
35487 59445
35432 59308
35450 59385
35573 59659
33938 56947
35320 59177
35501 59443
33795 56649
35382 59304
35296 59113
35384 59368
35407 59310
35457 59471
35511 59473
34274 57434
35459 59457
35511 59522
35381 59190
35526 59400
32695 54703
35349 59138
35484 59436
35516 59493
35482 59434
35453 59469
35400 59237
35500 59350
35111 58819
35516 59513
35187 59207
35508 59417
35441 59359
35489 59430
35505 59541
35390 59326
32670 54682
33899 56847
35433 59416
35514 59392
35495 59467
35449 59371
33945 56948
35518 59492
35337 59253
35467 59405
35528 59518
35506 59370
33898 56804
35558 59514
33895 56878
35292 59127
35248 59003
33852 56773
35398 59196
33942 56942
34375 57645
35177 58923
32725 54755
32632 54597
35220 58906
35473 59405
32684 54663
33809 56677
35555 59490
35481 59401
33807 56675
35498 59499
35403 59289
35123 58850
35544 59488
35495 59441
35506 59465
35446 59265
32710 54807
35484 59444
32649 54702
33812 56682
35450 59367
35287 59043
35325 59283
33635 56301
33923 56976
32744 54840
35466 59406
35031 58822
34001 57023
35223 59067
34862 58496
