11446 17840
12859 20223
12998 20592
12785 20106
13071 20662
13130 20677
12939 20523
12827 20266
12827 20217
12899 20249
12725 19998
11462 17964
13171 20875
13325 21135
12863 20273
13072 20668
11858 18618
13031 20698
12978 20435
12796 20065
13290 21137
12746 20012
12466 19537
12771 20142
12531 19495
13248 21095
13014 20473
12777 19963
12904 20400
12870 20281
12560 19681
12797 20115
12951 20425
12702 19966
12692 19935
12752 19993
12687 19969
12786 20216
12883 20326
12609 19677
12740 20074
13031 20522
12889 20412
11706 18313
12789 20157
11557 18007
12656 19896
12951 20279
12995 20522
12819 20160
12925 20308
12695 19970
12859 20237
13038 20620
12693 19830
12716 20022
13201 20870
12802 20118
13098 20658
12865 20260
12529 19570
13009 20567
12889 20407
12908 20475
12402 19508
12940 20451
11546 18025
12793 20241
12739 20145
12842 20265
12310 19304
11998 19001
13153 20807
12407 19513
12873 20372
12707 19859
12974 20407
12586 19644
12727 19988
12740 20020
13087 20696
12803 20139
12525 19873
12753 20135
12680 19847
11682 18238
12692 19848
12723 19829
12754 20094
12134 19082
12685 19890
12616 19881
13114 20775
13015 20460
13012 20585
11584 18103
12893 20336
13066 20677
11774 18474
11924 18824
