18657 31684
19128 32494
19034 32316
18660 31627
19173 32548
19239 32699
18782 31836
18722 31792
18739 31717
19219 32617
18676 31755
18959 32088
18657 31628
19180 32511
18661 31688
18600 31550
18597 31477
19120 32447
18656 31674
19154 32442
18685 31601
19061 32299
18638 31563
18664 31684
18649 31677
19137 32489
18790 31847
18705 31623
18695 31660
18743 31751
18796 31847
19199 32584
18435 31153
18792 31838
18686 31593
18723 31682
19171 32578
19162 32435
18743 31722
18810 31893
18800 31856
18734 31792
19187 32581
18733 31759
19158 32517
19187 32537
19252 32686
18804 31866
18723 31708
18487 31361
18680 31604
19177 32415
18650 31541
18796 31847
18904 32024
18663 31689
18638 31574
19187 32665
18759 31817
18910 32084
19120 32358
18621 31541
18437 31157
18748 31763
18744 31736
18737 31753
18913 32084
19084 32360
19158 32516
18634 31599
19073 32337
18813 31897
19197 32584
18802 31875
18643 31519
18763 31782
18624 31574
18470 31292
18802 31871
18797 31870
18791 31853
19201 32518
18790 31842
18816 31886
19079 32417
19106 32388
18638 31521
19118 32496
18626 31508
19212 32607
19143 32405
18665 31694
18611 31517
18785 31833
18738 31740
19065 32308
18780 31807
19084 32348
18669 31702
19143 32499
