15404 26093
15375 26029
15447 26169
15530 26331
15230 25760
15346 25974
15353 25990
15361 25995
15384 26035
15475 26166
15482 26282
15417 26134
15372 26024
15482 26232
15409 26107
15366 25976
15285 25861
15331 25929
15475 26272
15454 26171
15339 25955
15339 25959
15393 26104
15233 25748
15344 25979
15372 26033
15330 25949
15606 26391
15347 25977
15444 26131
15674 26607
15302 25924
15216 25725
15537 26340
15337 25940
15442 26093
15393 26079
15426 26060
15513 26290
15364 26001
15386 26062
15336 25939
15594 26421
15342 25976
15329 25927
15445 26132
15274 25858
15517 26258
15336 25956
15334 25960
15354 25999
15327 25943
15434 26168
15302 25918
15367 26027
15334 25933
15295 25851
15401 26077
15409 26068
15393 26080
15337 25974
15453 26181
15365 26010
15294 25900
15301 25906
15368 26009
15294 25896
15478 26226
15572 26318
15411 26056
15332 25957
15359 25992
15443 26178
15274 25818
15333 25940
15316 25895
15340 25978
15515 26264
15345 26024
15277 25882
15577 26425
15322 25941
15316 25966
15314 25914
15370 26083
15407 26128
15392 26049
15457 26214
15331 25927
15364 26018
15417 26066
15424 26175
15310 25884
15293 25898
15424 26119
15327 25927
15413 26078
15361 26032
15359 26023
15182 25662
