21301 35903
20968 35225
21187 35626
21215 35665
21326 35950
21228 35707
21294 35902
20276 34119
21266 35803
21228 35691
21145 35551
21175 35588
20292 34168
20325 34262
20248 34044
21189 35635
21142 35538
21198 35646
21344 35921
21150 35555
21063 35606
20951 35192
21181 35603
21337 35946
21337 35959
21185 35624
20308 34145
21022 35349
20366 34249
21083 35378
21116 35493
21168 35593
21196 35726
21216 35690
21133 35529
20649 34806
21170 35580
20921 35113
21231 35744
21000 35256
20957 35181
20259 34039
20450 34412
21179 35590
20937 35142
21102 35489
21298 35908
21071 35467
21243 35743
20243 34017
21185 35604
21181 35631
21327 35933
21188 35624
20468 34425
20239 34034
20913 35089
20253 34048
21207 35653
21215 35663
20255 34075
21240 35724
21181 35624
21198 35647
21202 35673
21236 35734
21085 35456
21168 35614
21205 35644
20641 34781
21246 35779
20247 34057
20933 35128
21160 35565
21088 35387
21171 35612
21231 35712
20249 34053
21203 35668
21042 35332
21173 35606
21124 35525
21187 35624
21094 35481
21087 35407
21180 35596
20230 34011
21305 35904
21245 35784
21189 35635
21300 35853
21103 35501
21191 35615
21164 35568
21268 35835
21136 35527
20945 35213
21075 35438
20969 35243
20927 35121
