16515 26348
16504 26354
16419 26222
16479 26305
16437 26135
16488 26316
16459 26243
16429 26243
16630 26559
16457 26248
16496 26359
16465 26305
16405 26080
16411 26215
16352 26062
16464 26263
16385 26180
16517 26283
16493 26333
16525 26378
16453 26271
16437 26257
16504 26329
16294 26035
16430 26238
16441 26253
16493 26331
16377 26222
16458 26288
16438 26295
16498 26367
16461 26352
16559 26445
16344 26033
16421 26168
16297 26045
16539 26370
16405 26234
16456 26241
16461 26271
16484 26358
16473 26306
16416 26208
16381 26215
16449 26286
16411 26237
16457 26199
16455 26249
16552 26451
16492 26315
16434 26170
16421 26182
16424 26193
16482 26319
16465 26264
16420 26255
16481 26252
16413 26177
16456 26245
16472 26298
16478 26358
16502 26366
16538 26350
16469 26290
16582 26484
16437 26129
16382 26203
16367 26180
16477 26273
16439 26241
16400 26139
16413 26276
16489 26395
16526 26335
16518 26386
16508 26368
16409 26107
16448 26292
16446 26271
16429 26232
16602 26529
16457 26306
16354 26155
16411 26090
16415 26226
16462 26234
16444 26263
16469 26279
16461 26282
16464 26295
16334 26019
16367 26180
16472 26349
16466 26248
16421 26114
16438 26256
16468 26283
16370 26124
16486 26309
16596 26499
