47145 78939
47073 78640
46907 78422
45159 75560
46950 78574
45178 75533
45090 75422
47152 78882
47137 78989
47113 78958
45086 75411
46900 78409
45164 75580
47040 78845
47155 78883
45156 75500
47069 78650
45083 75394
46960 78516
46326 77645
45176 75534
47097 78916
47101 78779
47133 78826
46460 77633
45898 76944
46541 77858
45129 75512
47141 78936
47100 78926
47261 79113
46879 78385
46877 78348
47135 78952
46938 78549
46918 78491
46205 77151
47021 78690
47142 78911
46839 78309
47461 79312
47152 79013
47029 78566
45179 75584
47221 79048
47390 79390
45217 75630
46896 78467
46238 77270
46881 78388
47276 79106
47155 79023
47087 78818
47081 78799
45100 75406
45093 75445
45178 75612
46396 77583
47253 79129
46911 78458
47131 78897
47077 78668
46914 78437
47362 79382
47122 78859
46397 77522
45082 75422
47117 78934
45232 75662
46253 77281
46915 78435
46941 78493
47156 78826
47118 78845
47218 79108
47285 79142
45192 75621
47386 79421
47134 78964
45164 75591
46940 78489
45123 75380
46205 77139
47349 79372
46977 78571
47099 78843
46240 77224
45118 75498
47083 78745
47252 79084
47228 79005
44945 75144
47002 78570
46979 78580
47112 78791
47048 78664
45064 75373
47091 78794
47170 79007
47109 78933
