56491 89017
56536 89261
56784 89668
56776 89654
57020 90120
56912 89979
56672 89359
55442 87351
55567 87611
56920 90044
56771 89754
56699 89619
56802 89860
56794 89608
56715 89676
55578 87525
55577 87638
56485 89029
55576 87647
56617 89409
55549 87575
56812 89690
56620 89390
56444 88909
55687 88026
56471 89020
56386 89103
56411 89136
56712 89709
56437 89195
56508 89112
56792 89679
57110 90382
56741 89637
56916 89977
55528 87506
56872 89805
56892 89937
56763 89607
56798 89671
56698 89523
55284 87219
56456 89195
56901 89918
56487 88916
56511 89117
55289 87248
56656 89624
56792 89849
56442 89194
56978 90159
56446 89229
56911 89867
56756 89695
56731 89623
56966 89968
55542 87477
56848 89762
56594 89461
56754 89624
56930 89937
55595 87723
56505 89207
56797 89769
56791 89694
56889 89917
57141 90126
55605 87612
56701 89710
56151 88761
55530 87526
57115 90119
57033 90218
55698 87933
57195 90282
56729 89615
56743 89644
56774 89658
55519 87488
56316 88876
56482 89000
56741 89679
56827 89914
56365 88959
56680 89525
55518 87457
56098 88480
56815 89770
56738 89633
56390 89087
56323 88944
57098 90326
56816 89686
56930 89960
56833 89733
56968 90001
56652 89441
56693 89507
56778 89647
56420 89174
