20272 31855
19405 30242
20524 32389
20356 32225
19461 30347
20306 31911
19998 31332
20328 32124
19773 30877
19919 31176
20170 31660
17869 27746
19618 30725
20275 31951
18265 28667
19709 30934
19858 31080
19702 30948
20318 32068
20004 31374
19696 30908
19866 31069
19410 30218
19741 31006
20499 32372
20148 31665
19644 30625
18990 29643
17373 27047
19098 29625
18113 28330
18961 29583
19812 31034
19755 30977
19594 30718
19403 30411
20126 31717
19934 31352
19681 30937
19491 30524
19622 30836
18663 29131
19158 30052
19250 30174
19947 31256
19833 31166
19348 30372
20439 32379
19563 30550
20057 31538
19923 31330
20139 31611
20437 32238
18000 28095
20204 31780
20404 32346
20080 31652
19861 31257
19926 31372
20407 32193
17828 27750
18209 28557
19884 31297
19897 31295
19950 31308
19594 30798
19841 31017
19458 30595
19191 29905
20294 31888
20222 31720
19586 30717
19953 31296
19954 31386
19898 31346
19608 30830
20161 31720
19699 30879
20200 31866
19784 30924
20098 31697
20235 31807
20284 31953
19863 31269
20267 31854
20136 31694
20284 32046
20359 32145
20115 31495
20050 31521
20424 32172
19913 31245
19704 30946
19644 30736
20167 31844
19827 31110
19836 31199
19952 31223
19946 31265
19950 31292
