68440 108161
68836 108827
68342 108009
68425 108141
68240 107688
68089 107413
68084 107374
68078 107512
68360 108022
68246 107768
68670 108478
68004 107226
68712 108555
68336 108017
68500 108173
68354 108084
68477 108243
68290 107892
68422 108172
68375 108103
68439 108175
68422 108161
68380 108070
68381 108152
68430 108003
68323 108033
68037 107474
68320 107993
68485 108244
68396 108086
67950 107086
68386 108096
67070 105744
68019 107474
68426 108156
68355 108036
68107 107626
68097 107421
68362 108026
68110 107463
68294 107925
68431 108181
68735 108600
68340 107963
68332 107950
68984 109070
68313 107964
68315 107964
68311 107927
68383 108111
68426 108118
68306 107766
68286 107727
68306 107985
68163 107521
68088 107444
68348 108084
68454 108219
68348 108032
68638 108487
68017 107433
68787 108725
68324 107928
68460 108066
68335 107984
68077 107409
68332 108040
68601 108316
68151 107511
68179 107582
67848 107219
68017 107379
68023 107310
68381 108062
68378 108164
68428 108144
68082 107411
68848 108853
68084 107547
68452 108134
68322 108000
68340 108065
68435 108238
67974 107306
68016 107433
68343 108016
68332 108017
68706 108656
68578 108370
68145 107524
68476 108314
68357 108055
68342 107885
68703 108542
68527 108333
68304 107859
68283 107831
68273 107917
67803 107139
68436 108212
