55221 87338
55085 87173
55071 87063
55286 87441
55307 87480
55379 87650
55280 87447
55190 87225
55233 87450
55280 87478
55166 87286
55194 87265
55265 87367
55028 86877
55195 87230
55124 87117
55297 87480
55143 87132
55287 87514
55223 87358
55269 87380
55282 87510
55307 87507
55191 87202
55260 87402
55157 87208
55163 87180
55351 87596
55159 87241
55140 87059
55314 87523
55316 87519
55335 87576
55283 87384
55282 87480
55297 87486
55253 87403
55209 87285
55342 87598
54938 86817
55265 87403
55324 87519
55240 87405
55272 87389
55299 87456
55320 87586
55181 87243
55334 87534
55272 87404
55094 87168
55408 87723
55369 87648
55154 87156
55099 87067
55045 87074
55179 87314
55158 87104
55274 87421
55173 87258
55290 87451
55266 87383
55115 87180
55149 87216
55325 87521
55301 87474
55274 87442
55153 87265
55133 87211
55075 87094
55074 87107
55288 87462
55261 87360
55152 87190
55132 87120
55116 87082
55278 87440
55252 87381
55127 87234
55252 87532
55536 87904
55300 87511
55271 87454
55214 87368
55254 87427
55266 87409
55281 87400
55288 87450
55081 87010
55223 87270
55167 87422
54947 86876
55161 87244
54996 86914
55214 87289
55135 87181
55172 87244
55188 87386
55272 87433
55195 87307
55070 87136
