33176 51802
32191 50346
32225 50128
32238 50367
33021 51596
32172 50026
32576 50832
32548 50774
31984 49665
33073 51700
33286 52237
32503 50669
32447 50501
32888 51239
32793 51313
32667 50966
32848 51468
32188 50071
32713 50992
31890 49700
32377 50436
32299 50322
32748 51013
32704 51049
31674 49054
32419 50584
32564 50645
32898 51337
32692 51055
32793 51353
32766 51008
33104 51782
29675 46145
32745 51124
29075 44926
32825 51209
32723 51241
29883 46483
32840 51258
31912 49669
32785 51166
32129 50290
32687 51032
32662 51088
32492 50501
31995 49922
32515 50728
33052 51370
32073 49830
32655 50980
32901 51457
32355 50412
32434 50502
32586 50699
32551 50886
32138 49929
29745 46019
32400 50435
32812 51159
32870 51276
31830 49552
32574 50683
32567 50619
33149 51833
32484 50525
32819 51190
32616 50773
29776 46207
32354 50237
29491 45763
33144 51720
32709 51057
32597 50795
32222 50279
32591 50653
32869 51272
32373 50484
31968 49676
32729 51010
32591 50812
32957 51442
32866 51171
33034 51500
32958 51440
33202 51881
31917 49781
31822 49254
32765 50927
32523 50893
32265 50163
29655 46033
32606 50661
32639 50851
32573 50873
32587 50734
32157 49812
32444 50697
32838 51307
33157 51888
31978 49594
