5837 9345
5917 9465
5661 8909
5987 9608
5857 9284
6106 9781
5783 9219
5237 8319
5994 9631
5953 9558
6023 9567
5385 8507
5784 9125
5914 9560
6193 9997
5420 8618
5367 8515
6151 9835
5895 9450
5742 9030
6068 9780
5925 9547
5355 8453
6013 9652
5994 9589
6097 9832
5946 9477
5861 9337
5975 9644
6042 9619
5344 8435
5781 9171
5847 9337
5999 9621
6075 9839
6158 9937
5674 9068
6064 9801
6119 9866
6007 9689
5984 9629
6089 9815
6197 9974
5922 9422
5787 9287
6035 9683
5496 8727
5837 9352
5746 9151
6001 9586
5984 9653
6137 9885
6069 9718
6000 9714
5533 8831
5333 8409
5930 9474
6012 9602
5492 8839
5780 9197
6239 10069
5901 9439
5667 8937
5948 9428
6022 9593
5736 9161
5743 9096
5442 8731
5654 8991
5981 9650
5898 9465
5934 9495
5972 9594
5997 9657
5989 9563
5965 9595
5892 9355
6029 9667
5787 9247
6109 9881
5905 9439
5830 9308
6035 9669
5974 9619
5995 9557
5950 9480
6042 9828
5867 9375
6002 9575
5720 9173
4784 7473
5870 9304
5746 9142
5123 8097
5887 9402
5886 9304
6000 9672
5901 9464
5589 8913
5904 9535
