37319 58175
37960 59517
37326 58102
37669 58725
36103 55940
36643 57123
33883 52716
36979 57537
38013 59374
37586 58468
37130 57869
36826 57404
37678 58828
37014 57545
37281 58154
37354 58239
37562 58608
37342 58065
37402 58161
37435 58318
37295 58009
37551 58361
36778 56991
37681 58841
37371 58179
36756 57189
37324 58225
37805 59243
37531 58608
36871 57119
34232 53240
37592 58554
37632 58625
36061 55831
36451 56564
37834 58929
37575 58447
37698 58802
37127 57827
37550 58481
37392 58050
37109 57794
38046 59360
37427 58342
36096 55742
37504 58528
37490 58368
37499 58091
37071 57821
38057 59444
36672 56792
37858 59254
37820 59149
37140 57832
38195 59504
37039 57754
37209 58062
36624 56755
37307 58090
36461 56643
37145 57657
37164 57631
37757 58972
37484 58470
36266 56210
37653 58581
37781 58949
33193 51296
37290 58205
37330 58103
36893 57303
37187 57965
37644 58682
37598 58513
37109 57826
37611 58771
36656 56794
37216 57972
36601 56985
37781 58964
37652 58734
37402 58359
36631 56952
37296 58148
34040 52961
37136 57670
37427 58407
37881 59227
37414 58111
37846 59009
37247 57777
37785 59150
37880 59343
37762 58928
37145 57680
37011 57755
37189 57813
37431 58266
37330 58308
37406 58145
