78183 122972
77966 122799
78262 123359
78147 122893
78372 123228
78356 123067
78139 123172
78125 122849
77928 122834
78083 122976
77875 122724
78087 122705
78160 122833
78086 122712
78022 122682
78121 122692
78366 123186
78362 123194
78142 122745
78021 123002
78489 123461
78227 123265
77971 122782
78271 123373
77995 122878
78014 122809
77559 122155
78469 123415
77462 121839
78391 123228
78158 122878
78234 123328
78158 122964
78383 123248
78380 123239
77903 122852
78714 123874
77879 122612
78043 122878
78367 123193
78261 123332
77810 122606
77969 122779
78364 123271
78019 122860
78273 123355
77987 122811
78242 122985
77800 122620
78117 122749
77775 122426
78134 122810
78021 123010
78213 122972
78165 122830
77894 122645
78096 122760
78361 123266
78217 123003
78362 123234
78041 122626
78340 123151
77976 122972
78277 123085
77563 122149
78320 123171
78344 123173
78162 122825
78239 123068
78277 123402
78346 123187
78322 123130
77397 121843
78304 123049
78175 122870
78336 123106
78340 123158
78384 123271
77824 122587
78286 123094
78220 123255
77553 122286
78343 123165
78350 123164
77857 122342
78159 123171
78193 123013
78092 122725
78279 123350
78371 123257
78025 122896
78261 123346
78034 123130
78262 123342
78199 122913
78072 122736
78045 123028
77852 122645
77920 122826
77693 122297
