70669 111527
71663 113160
71299 112595
71166 112445
71217 112585
70846 111944
71566 112919
71168 112462
70778 111700
71200 112561
71014 112169
71410 112503
71252 112510
71219 112374
71255 112668
70645 111530
71035 112190
71250 112622
71259 112464
71264 112503
71216 112590
71527 112963
71261 112695
71102 112319
71192 112545
70839 111999
70731 111694
71301 112663
70645 111559
71235 112583
71385 112687
70666 111591
71248 112486
71126 112417
70476 110841
70977 112109
70884 111925
71098 112362
71226 112576
71013 112117
71279 112535
71260 112411
71093 112294
71542 112910
71087 112269
71284 112760
70690 111605
71265 112592
70701 111625
70804 111757
71273 112729
70853 111901
71026 112207
71207 112549
71165 112474
71252 112475
71414 112723
70975 112089
71255 112500
71040 112257
71223 112499
71196 112511
71141 112287
71247 112500
71267 112603
71144 112480
70971 112112
71220 112508
71310 112557
71043 112233
71530 112902
70693 111610
70969 112121
71193 112515
71273 112451
71232 112450
71127 112458
71174 112520
71043 112224
71162 112316
70973 112192
71148 112473
70894 111886
71061 112262
70781 111691
70674 111540
71201 112556
71120 112380
71444 112456
71219 112576
71134 112370
71568 113005
71077 112269
71025 112193
71583 113050
71372 112760
71251 112695
71180 112357
71087 112294
71222 112495
