663 1164
558 1007
602 1088
612 1044
591 1010
631 1065
635 1104
597 1031
648 1132
615 1062
670 1145
628 1097
587 1030
652 1141
618 1087
591 1024
655 1134
681 1139
698 1184
642 1118
632 1066
604 1035
604 1034
569 945
677 1148
655 1123
618 1066
612 1053
570 994
612 1026
626 1101
595 1038
661 1142
540 955
628 1090
614 1056
708 1233
606 1048
671 1145
551 948
701 1197
632 1056
642 1114
634 1013
614 1038
602 1078
639 1116
656 1099
613 1061
711 1163
630 1117
641 1098
670 1159
629 1093
667 1216
617 1005
652 1132
584 1024
641 1109
599 1070
656 1175
609 1098
637 1064
716 1240
600 1099
672 1189
628 1085
611 1084
625 1108
652 1102
589 1015
629 1079
619 1075
596 978
694 1208
578 976
597 1008
585 1012
663 1123
592 1014
700 1192
604 1005
652 1123
659 1122
614 1013
597 1032
606 1022
662 1154
639 1115
597 1000
566 947
586 1013
582 997
599 1050
703 1244
595 1009
629 1070
658 1176
553 947
611 1026
