14885 25107
14792 24987
14881 25119
14800 24976
14884 25198
14977 25296
14875 25112
14807 25005
15010 25367
14802 25000
14797 24970
14793 25051
14958 25420
14971 25267
14809 25036
14860 25139
14890 25212
14945 25274
15009 25533
14827 25068
14868 25156
14955 25245
14803 25035
14846 25189
14810 24997
14864 25141
14908 25187
15059 25423
14765 24999
14680 24761
14909 25191
15032 25405
14773 24915
14787 24983
14966 25246
14938 25335
15041 25500
14883 25129
14878 25106
14769 25002
14782 24943
14811 25087
14796 24978
14876 25114
14789 25046
14868 25108
14842 25135
14997 25383
14795 25021
14789 24980
14844 25110
14932 25249
14808 25015
14900 25166
14847 25106
14782 25036
15005 25358
14800 24973
14805 24989
14781 25038
14983 25492
14857 25118
14875 25096
14853 25127
14878 25113
14819 25053
14963 25305
14851 25122
14767 24985
14879 25250
14968 25322
14923 25249
14805 24989
14800 24974
14906 25185
15017 25408
14881 25140
14852 25120
14793 24966
14795 24967
14799 24994
14851 25122
14898 25160
14793 24981
14789 25020
14859 25155
14903 25318
14859 25139
15015 25377
14798 24971
14807 24999
14867 25093
14813 25102
14851 25113
14678 24818
14794 25051
14789 24982
14864 25212
14767 24924
14784 25037
