36870 58617
36845 58506
36860 58554
37061 58959
36984 58784
36848 58494
36830 58547
37064 58878
36962 58750
35678 56608
36977 58834
35562 56373
36994 58767
37064 58989
36855 58571
36838 58502
35587 56439
37027 58742
37042 58789
37009 58657
36837 58535
35476 56172
36892 58675
36852 58605
36882 58411
37004 58844
35581 56193
37015 58861
36960 58766
36845 58511
36864 58581
37030 58929
36868 58536
37087 59017
36861 58521
36852 58486
36860 58539
36857 58519
35659 56435
36874 58584
36827 58529
36843 58511
37014 58900
35639 56344
36847 58562
36847 58511
36863 58624
37039 58848
36873 58568
37019 58868
35578 56363
36816 58500
36993 58673
36972 58790
36871 58533
36859 58503
36941 58594
36984 58670
35565 56435
36972 58791
35495 56182
35587 56370
36908 58676
36970 58796
36866 58582
35493 56166
36548 57976
36862 58541
35605 56286
36856 58534
37091 58939
36963 58783
36985 58740
36934 58703
36841 58498
36865 58570
36867 58571
36952 58726
36863 58551
37047 58816
35471 56141
35496 56267
35602 56428
35520 56282
36822 58524
36984 58636
37060 58836
37057 58824
35502 56111
36535 57989
36837 58521
36861 58543
35633 56337
35583 56383
36964 58700
35686 56567
36897 58428
36858 58530
35468 56159
35544 56320
