24194 38456
24210 38484
24218 38595
23910 38012
24208 38490
24275 38654
24145 38379
24160 38466
24277 38601
24190 38494
24255 38615
24171 38510
24221 38615
24222 38493
24136 38326
24178 38423
24187 38517
24234 38538
24154 38400
24180 38429
24170 38429
24220 38557
24173 38418
24253 38581
24251 38570
24186 38476
24212 38512
24203 38529
24316 38743
24294 38679
24271 38577
24266 38602
24185 38446
24150 38353
24192 38436
24240 38612
24270 38596
24138 38359
24178 38437
24284 38607
24164 38392
24200 38461
24210 38550
24359 38753
24219 38486
24145 38334
24207 38556
24210 38499
24195 38459
24186 38430
24314 38712
24168 38407
24236 38516
24275 38612
24302 38662
23948 38140
24264 38586
24139 38454
24329 38806
24158 38407
24164 38416
24231 38593
24222 38508
24235 38570
24235 38632
24201 38458
24161 38496
24340 38782
24355 38788
24250 38631
24392 38825
24302 38591
24327 38694
24175 38414
24257 38548
24253 38588
24179 38555
24180 38424
24208 38484
24184 38522
24229 38533
24223 38534
24233 38585
24204 38482
24161 38388
24240 38527
24225 38575
24237 38520
24209 38473
24332 38717
24157 38454
24224 38503
24169 38477
24137 38345
24175 38415
24200 38482
24199 38527
24350 38735
24218 38492
24167 38404
