9143 14553
9450 15058
9464 15068
9103 14447
9316 14836
9543 15316
9475 15104
9491 15191
9369 14923
9702 15678
9518 15247
9137 14578
9094 14439
9228 14674
9560 15331
9422 14973
9440 15060
9475 15146
9452 15108
9472 15101
9635 15473
9482 15120
9092 14535
9590 15300
9483 15143
9474 15095
9620 15378
9474 15092
9485 15157
9461 15094
9590 15379
9471 15101
9420 14979
9487 15182
9420 14958
9495 15168
9179 14664
9458 15055
9142 14552
9494 15170
9341 14984
9460 15059
9477 15095
9643 15439
9206 14745
9477 15108
9684 15568
9584 15410
9463 15055
9457 15065
9417 15014
9646 15425
9488 15187
9617 15341
9495 15170
9441 15036
9440 15016
9598 15410
9280 14810
9394 15013
9104 14576
9711 15608
9449 15035
9456 15097
9441 15073
9458 15063
9444 15060
9494 15158
9463 15052
9105 14460
9716 15584
9579 15335
9349 15001
9491 15173
9394 14964
9328 14939
9480 15140
9451 15083
9145 14563
9135 14522
9716 15535
9683 15582
9636 15390
9409 14986
9430 15001
9142 14553
9574 15358
9616 15343
9147 14551
9637 15430
9453 15075
9626 15387
9441 15018
9393 15055
9457 15052
9641 15403
9417 15019
9410 15015
9619 15374
9164 14629
