62891 99638
62723 99330
62877 99401
63241 100075
63146 99925
62743 99323
62789 99514
62903 99529
62780 99478
62691 99283
62741 99388
62723 99318
63154 99853
62816 99618
62725 99347
62895 99529
62808 99430
62788 99494
62746 99371
62722 99261
62807 99550
63090 99776
62737 99161
62761 99437
62737 99316
63151 99765
62739 99370
63303 100186
62786 99529
62728 99334
63069 99805
63294 100060
62836 99336
62729 99337
63144 99886
62809 99551
62732 99354
62844 99613
62738 99309
63062 99596
62817 99510
61806 97668
63076 99566
62793 99471
62730 99313
62753 99299
62853 99653
62773 99362
63205 99940
63261 100018
62748 99398
62714 99293
63216 100088
62868 99375
62734 99299
62808 99477
62704 99293
61749 97422
62834 99566
62730 99287
62772 99529
62710 99277
62852 99560
62892 99383
62716 99334
62901 99621
62821 99537
62733 99326
62758 99452
62767 99490
62870 99618
62762 99404
62903 99465
62817 99482
62741 99349
62918 99461
61882 97804
62890 99677
62979 99717
62860 99576
62743 99438
62727 99348
62749 99400
62718 99319
63085 99784
62746 99441
62705 99220
63270 100303
62725 99333
63161 99955
62709 99311
62695 99288
62552 99232
62759 99441
62715 99289
61889 97720
63314 100188
62707 99310
63124 99969
62727 99418
