14223 22337
13122 20560
14371 22515
14356 22615
14314 22465
14163 22112
14016 22027
14323 22464
14803 23358
14227 22392
14428 22804
14507 22831
14287 22355
14421 22620
14328 22655
13655 21273
13898 21706
14548 22846
14276 22467
14726 23447
14009 21854
14474 22771
14177 22266
14814 23526
14655 23138
14360 22531
14238 22289
14206 22314
14283 22410
14601 23204
14184 22301
14782 23330
14592 23124
14402 22703
14517 23009
14591 23021
14315 22602
14609 23057
14301 22420
14545 22882
14214 22297
14336 22509
14024 21850
14352 22595
14581 23058
14291 22422
14482 22753
14439 22825
14147 22187
14445 22750
14496 22895
14759 23332
14404 22811
14426 22706
14269 22511
14662 23237
14343 22565
14526 22913
14466 22910
14481 22952
14284 22414
13927 21742
12808 20162
13029 20359
14295 22402
14907 23530
13152 20555
14507 22867
14524 22855
14453 22635
14568 22974
14313 22418
14225 22341
13221 20658
14333 22642
14484 22596
13692 21495
14662 23113
14445 22668
14773 23320
13955 21957
14082 22144
13943 21869
14391 22706
14538 22855
14539 22776
14228 22353
14594 23013
14049 21981
14826 23505
14634 23009
14137 22220
14423 22678
13659 21511
14491 22755
14385 22667
14512 22747
14130 22010
13066 20495
14707 23016
