19724 31002
19909 31352
19646 30556
19730 30942
20134 31766
17788 27569
19574 30784
20128 31815
19914 31295
20189 31847
19886 31273
19694 30854
19788 31012
19733 30988
20010 31396
19987 31403
19242 30117
20469 32227
19879 31148
20007 31263
19998 31247
19650 30874
19925 31263
19695 30829
19746 30951
19496 30621
19765 30983
20352 32015
19845 31128
19874 31227
20151 31706
20188 31771
20015 31639
19294 30166
17927 27916
20171 31777
19857 31145
19815 31065
19717 30876
19753 31006
20061 31491
20180 31567
19814 31122
19806 31133
19806 31162
19745 31005
19664 30811
20301 31967
19526 30653
19957 31357
20041 31506
19554 30468
19238 29916
19497 30464
20392 32014
19803 30954
17986 28086
19801 31075
20083 31663
19697 31009
19887 31244
19743 30901
19233 29990
20155 31713
19680 31018
19636 30749
19462 30446
19679 30768
19909 31118
19673 30815
19712 30927
18181 28373
19390 30293
19527 30615
19993 31432
18122 28170
20004 31469
19666 30896
20041 31451
19785 31131
19720 30986
19960 31400
19854 31049
19965 31224
19824 31017
19718 31039
19522 30537
20181 31870
19932 31257
19547 30554
20337 32266
19731 30832
19817 31064
19937 31291
19990 31464
19930 31261
19950 31330
20325 31934
19663 30805
19892 31282
