28280 47504
28274 47539
27965 46977
28269 47514
28416 47784
27419 46065
28348 47648
28326 47625
28430 47829
28238 47461
28409 47795
28308 47573
28275 47545
28077 47188
27430 46075
28289 47532
28273 47483
28413 47728
28378 47666
28279 47551
28333 47637
28301 47523
28284 47541
28375 47717
28247 47455
27927 46946
28274 47542
28265 47483
28280 47508
27920 46869
28405 47757
28461 47861
26743 44849
28314 47602
28281 47523
28326 47646
28341 47705
28250 47432
28298 47531
28407 47825
28229 47361
28447 47862
28375 47725
28286 47504
28273 47452
28449 47843
27439 46110
27789 46733
26691 44720
28452 47863
28454 47889
28400 47753
28269 47487
28333 47585
27960 47096
28328 47584
27519 46234
28383 47753
28502 47925
28482 47896
27529 46299
28261 47436
28440 47843
28274 47516
28244 47481
28339 47629
28490 47914
28326 47661
28215 47379
28266 47511
28404 47782
28461 47882
28438 47833
28358 47601
28360 47724
28232 47412
28345 47621
28316 47615
28488 47915
28274 47537
28314 47626
28382 47770
28359 47663
28338 47623
28277 47524
28362 47724
28306 47575
28393 47753
27930 47034
28458 47749
28317 47599
28280 47498
28502 47919
28041 47253
27245 45776
27404 46054
28360 47693
28421 47732
28385 47747
28474 47915
