49333 78018
48505 76575
49711 78612
49151 77766
49630 78328
49578 78253
49744 78709
49783 78753
49301 78025
49595 78357
49715 78628
49549 78297
49608 78269
49510 78108
49500 78297
49681 78589
48375 76660
49560 78257
49586 78390
49930 78919
49737 78695
49386 78183
49673 78562
49624 78340
49671 78551
49554 78357
49716 78626
49708 78623
49741 78709
49654 78395
49583 78279
49708 78597
49145 77781
49735 78647
49717 78624
49215 77814
49683 78461
49337 78069
49685 78521
49777 78760
49755 78639
49679 78543
49382 78102
49757 78720
48364 76605
49549 78205
49753 78721
49764 78659
49388 78172
49762 78763
49765 78764
49545 78346
49710 78589
49864 78861
49725 78669
49483 78197
49244 77837
49638 78413
49723 78626
49684 78529
49703 78665
49570 78388
49276 77880
49740 78666
49386 78134
49710 78658
49563 78271
49226 77879
49664 78457
49658 78541
49723 78634
49656 78366
49571 78270
49578 78294
49690 78589
49695 78638
49704 78650
49678 78568
49366 78089
49387 78162
49722 78654
49718 78624
49530 78282
49536 78268
49694 78596
49356 78050
49680 78558
49374 78109
49606 78353
49698 78624
49591 78232
49707 78611
49640 78532
49785 78689
49688 78569
49551 78162
49349 78091
49706 78601
49699 78578
49627 78433
