78286 123483
78130 123252
78946 124387
78289 123515
78568 123953
78581 124182
78415 123419
78708 123930
78402 123670
78510 123610
78960 124490
78401 123625
78332 123632
78299 123527
78299 123565
78332 123619
77862 123004
78846 124248
78305 123571
78440 123388
78323 123621
79074 124638
78830 124049
78551 123946
77792 122915
78460 123855
78603 124139
78393 123669
78512 123583
78459 123810
77878 123024
78546 123886
78314 123514
78455 123519
78290 123475
78356 123656
78524 123899
77975 123302
78216 123332
78750 124010
78723 124332
78339 123615
78455 123700
78579 123799
78725 123921
78312 123489
77805 122949
77943 123116
78481 123557
77894 123099
78559 123963
78562 124026
78362 123651
78362 123153
78497 123910
78892 124149
78356 123618
78494 123876
78845 123934
78526 123868
78420 123711
77617 122579
78400 123773
77589 122609
78624 124017
77804 122937
78592 124074
77867 123081
78421 123767
78449 123829
78170 123186
78551 123917
78228 123296
78416 123827
77827 122916
78507 124020
78365 123661
78564 124055
78376 123691
78281 123461
78656 124190
78403 123753
78369 123655
78327 123564
78361 123570
78392 123687
78420 123761
78747 123778
78322 123542
78327 123584
78378 123669
78460 123806
78780 124474
78517 123939
78333 123527
77939 123171
78478 123812
77929 123164
78430 123789
78514 123607
