16488 26265
16549 26344
16340 26109
16250 25890
16559 26420
16509 26364
16542 26442
16571 26487
16592 26499
16515 26377
16552 26432
16540 26360
16449 26248
16608 26512
16497 26339
16517 26382
16511 26367
16560 26455
16559 26461
16545 26443
16526 26361
16438 26269
16550 26422
16526 26414
16556 26462
16561 26454
16520 26395
16556 26423
16328 26002
16412 26194
16547 26429
16448 26279
16557 26489
16458 26269
16325 26048
16529 26430
16534 26427
16323 26030
16594 26470
16457 26262
16383 26125
16533 26403
16516 26363
16515 26411
16564 26437
16568 26509
16516 26421
16557 26430
16439 26240
16554 26454
16435 26143
16437 26227
16459 26296
16425 26336
16555 26449
16450 26260
16513 26360
16516 26419
16523 26402
16421 26234
16513 26368
16426 26205
16551 26471
16519 26377
16534 26367
16520 26291
16436 26166
16570 26470
16485 26299
16552 26458
16551 26475
16544 26429
16465 26308
16382 26173
16520 26369
16528 26389
16568 26367
16431 26223
16484 26256
16518 26369
16560 26369
16577 26524
16546 26413
16461 26224
16471 26244
16524 26400
16409 26226
16518 26380
16572 26397
16549 26434
16561 26493
16544 26410
16475 26288
16550 26377
16387 26048
16563 26454
16512 26377
16505 26310
16478 26303
16506 26362
