70004 110652
70394 111284
69950 110512
70414 111346
70485 111316
70060 110731
70394 111289
70477 111279
70427 111237
70157 110903
70438 111168
70377 111218
70338 111232
69844 110291
70416 111185
70107 110765
69838 110395
70092 110774
69881 110470
69856 110422
70059 110660
70460 111472
70014 110704
70050 110677
69778 110178
70216 110914
70309 111230
69894 110481
69983 110541
70396 111270
70449 111465
70356 111065
70456 111312
69785 110237
70249 111084
70365 111239
69945 110418
70542 111539
70111 110718
69959 110628
69921 110452
70456 111167
70217 110985
70064 110595
70091 110715
70205 110831
70261 111112
70408 111309
70036 110730
70447 111200
70440 111335
69893 110470
70150 110862
70215 111014
70069 110727
69906 110496
70448 111256
69959 110643
70456 111493
69915 110475
69940 110543
70430 111111
70415 111298
70128 110815
70258 111098
70439 111209
70053 110664
70440 111401
70277 111163
69961 110576
70418 111413
70386 111280
69829 110332
69929 110553
70412 111307
70388 111350
70125 110796
70372 111251
70408 111340
70384 111274
70427 111374
70088 110686
70415 111385
69894 110541
70423 111356
70389 111322
69928 110507
69874 110350
70430 111405
70175 110969
70414 111339
70083 110740
70331 111174
70182 110974
70345 110879
70368 111271
69910 110475
70461 111525
70353 111244
69917 110504
