27217 42370
28456 44166
28460 44249
28895 44992
28444 44315
29271 45837
28584 44598
28650 44690
29325 46024
28855 44972
28761 45031
28424 44189
27963 43304
28666 44725
28293 43947
28154 43867
28330 44138
28120 43722
28496 44345
28748 44833
28641 44558
28823 44905
28683 44735
28691 44964
28627 44557
28806 45117
28529 44502
28888 45158
28410 44374
27562 42669
27919 43288
29113 45419
29056 45558
29276 45899
28868 45037
28675 44753
28535 44325
28685 44785
28057 43586
28928 45297
28610 44605
28848 45083
29146 45656
28760 44803
28483 44322
29099 45440
28746 44822
28764 44906
28504 44204
28259 44201
28681 44615
28822 44893
28700 44743
28264 43946
28522 44472
28620 44748
28924 45123
28886 44967
28447 44356
28880 45205
28976 45311
28324 44216
28976 45220
28698 44866
28798 44830
28875 45052
28533 44335
28740 44911
28661 44644
25492 39506
28741 44779
28347 44209
28798 44880
28480 44237
28215 44011
28870 44977
26275 41046
28053 43589
28837 44839
28784 44953
28973 45164
28659 44630
28084 43762
27705 43004
28127 43898
26493 41306
28730 44939
28913 45098
28653 44642
28720 44846
28600 44748
28139 43979
27997 43426
28538 44470
28394 44182
28670 44833
28114 43746
25950 40056
28847 44946
28664 44525
