42650 67689
42649 67694
42426 67350
42711 67733
42685 67768
42764 67831
42671 67735
42472 67482
42391 67301
42390 67236
42588 67600
42672 67739
42638 67656
42351 67217
42709 67756
42689 67743
43140 68330
42698 67776
42643 67679
42633 67693
42399 67401
42562 67535
42373 67227
42404 67264
42530 67601
42596 67577
42617 67668
42386 67277
42237 67121
42746 67800
42465 67459
42663 67721
42680 67758
42624 67607
42502 67514
42752 67790
42809 67885
42679 67716
42741 67796
42730 67856
42362 67225
42462 67451
42368 67195
42572 67533
42484 67535
42665 67674
42738 67736
42664 67709
42639 67641
42463 67492
42610 67641
42753 67799
42831 67888
42659 67693
42405 67318
42660 67732
42572 67546
42770 67869
42505 67579
42644 67649
42538 67421
42738 67789
42387 67204
42786 67917
42663 67693
42371 67271
42674 67728
42404 67268
42942 67985
42656 67725
42639 67676
42745 67803
42652 67685
42722 67769
42657 67680
42575 67572
42837 67894
42610 67603
42317 67077
42578 67539
42673 67680
42363 67332
42689 67767
42573 67480
42649 67692
42547 67477
42633 67616
42667 67727
42689 67740
42857 68004
42755 67756
42675 67732
42677 67753
42515 67590
42553 67699
42468 67408
42744 67793
42657 67731
42663 67728
42633 67657
