72328 111636
72904 112968
71401 110289
73165 113156
71451 110112
73055 112975
72820 112712
72276 112205
73276 113328
72334 111941
71591 110778
70913 109552
72697 112139
72396 111719
72391 112057
72556 112318
73069 113211
72374 111903
71404 110304
72439 112105
72435 111737
72520 112200
72215 111671
72175 111308
72284 111986
72348 111990
72709 112825
72992 112995
72627 112175
72439 111847
73515 113955
73063 112919
73286 113517
72799 112696
73142 113433
71974 111486
73550 114150
72474 112183
71579 110719
72261 111537
72204 111535
72471 112341
72502 111890
72266 111793
72149 111423
72833 112815
73363 113320
72706 112536
73216 113286
72537 112426
71832 111193
72698 112311
72985 113003
72942 112978
72687 112525
72694 112946
72586 112339
72393 111977
72297 112054
72225 111693
73571 114105
72508 111932
72866 112800
72692 112647
73313 113722
72983 112718
72358 111796
71892 111030
72993 113069
71434 109969
72153 111496
70943 109668
72957 113031
72731 112571
72408 111870
73016 113048
72700 112495
72622 112410
72144 111470
72549 112471
72210 111521
73296 113198
72438 112186
72659 112407
72303 111877
72645 112679
73450 113693
72599 112307
72601 112183
72544 112546
72950 112747
73184 113436
72746 112312
72877 113005
72518 112076
72633 112462
72708 112548
72152 111561
65588 101213
70907 109362
