50350 84258
50667 85032
50401 84487
50381 84272
50133 83835
50347 84178
50568 84888
50373 84088
50128 84110
50172 84222
50268 84086
50261 84082
50804 84946
50270 84082
50527 84788
50659 84785
50560 84622
50387 84101
50368 84075
50297 84118
50237 83993
50322 84219
50255 84076
49996 83590
50640 84762
50258 84002
50337 84183
50370 84255
50464 84384
50521 84567
50167 84218
50559 84844
50261 84089
50379 84095
50312 83968
50209 83933
50231 83952
50600 84823
50284 84136
50277 84108
50654 84947
50351 84269
50306 83970
50367 84050
50255 84053
50367 84077
50611 84908
50391 84307
50508 84547
50302 84033
50105 83791
50248 84055
50565 84591
50423 84296
50387 84144
50403 84139
50047 83629
50138 83768
50407 84411
50285 84123
50508 84742
50787 84952
50149 83880
50389 84469
50563 84727
50243 84026
50307 84133
50354 84030
50601 84704
50427 84214
50094 83748
50355 84501
49991 83480
50451 84326
50328 84424
50323 84192
50110 84044
50386 84327
50351 84059
50354 84226
49900 83631
50273 84105
50382 84088
50274 84102
50133 83824
50407 84389
50256 84069
50278 84119
50298 84127
50344 84248
50268 84062
50275 83991
50819 85018
50134 84123
50435 84336
50261 84072
50143 84159
50481 84478
50349 84215
50344 84211
