24510 38214
24006 37359
25375 39912
24131 37601
22043 34216
24692 38426
24641 38656
24775 38810
24638 38540
24479 38353
24225 37555
24754 38750
24629 38611
24272 37984
24703 38469
24379 38128
24447 38268
24403 38037
24209 37788
24724 38736
22257 34688
24359 38197
24260 37835
24957 39072
24089 37637
24627 38433
21837 33924
24538 38415
24509 37964
24526 38267
24240 37738
24646 38479
24340 38067
24149 37596
24498 38235
24570 38478
25060 39532
24557 38318
24724 38801
24477 38116
22488 34952
24917 39046
25128 39423
22335 34850
24615 38315
25065 39258
22911 35792
24417 38139
25042 39256
24687 38559
24644 38445
24929 39001
24914 39053
24386 37926
24649 38593
24072 37411
24906 38965
24610 38395
24855 38965
25481 40187
24285 38103
24451 38189
24390 38131
24844 38861
24947 38937
25345 39877
24254 37976
24102 37527
24430 38204
24806 38856
23936 37230
24477 38243
25162 39268
24476 38293
24809 38752
22556 35081
24530 38380
24248 37836
24544 38320
23549 36830
24562 38479
24807 38787
24827 38900
24063 37364
24380 38257
25018 39144
23307 36245
24848 38924
24720 38741
24031 37548
24492 38258
24664 38516
24352 37875
24499 38318
25102 39474
24576 38342
24778 38706
24713 38668
24931 38976
24173 37607
