60674 93736
61424 94931
61383 95024
60914 94509
61307 94800
61572 95601
59954 92671
60412 93435
61248 95104
61781 95959
61737 95633
60974 94180
61790 95808
61775 95845
61903 96306
61040 94374
62887 97831
61730 95778
61003 94205
61503 95465
60709 94043
62233 96747
60725 94046
61409 95119
60869 94213
60738 93869
60894 94119
61193 94672
60363 93255
61440 95028
61452 95239
61609 95310
61858 95803
61498 95278
59528 92037
62084 96372
60221 93230
62005 96030
55841 86261
62160 96437
62099 96449
60905 94591
62018 96364
61374 94720
61581 95606
61592 95636
60418 93443
62278 96672
61595 95631
62433 96963
60594 93697
61681 95732
56042 86686
62231 96593
61179 94890
60800 93996
61164 94803
62276 96781
61275 95004
62180 96351
62187 96499
62350 96563
61093 94530
60665 94227
60389 93355
60429 93537
61653 95384
62061 96377
60896 94346
61915 96069
61529 95240
61082 94605
60166 92930
61463 95159
61483 95407
60617 93600
59202 91293
61153 94676
61448 95120
61397 95209
61541 95426
61416 95166
61601 94947
59639 91881
61426 95276
61331 95029
61731 95796
61834 95946
60742 94202
61877 95918
61478 95023
61339 94932
60989 94299
61979 96061
61115 94689
61335 94859
61552 95519
60479 93576
61574 95270
61483 95330
