37558 62870
37527 62702
38258 64110
37609 62880
37599 62871
37595 62843
38544 64481
37203 62150
37629 62898
38554 64691
37477 62582
37418 62562
37628 62898
37605 62862
37469 62663
37461 62615
37452 62592
37664 62960
37637 62906
38534 64618
37575 62772
38740 64781
37559 62770
37321 62365
37631 62904
37575 62836
37635 62897
38576 64722
38545 64649
37520 62775
38700 64772
37323 62350
38549 64653
37579 62793
37452 62584
38563 64696
38476 64556
37498 62641
37637 62894
37490 62686
37555 62762
37267 62271
37316 62344
37623 62828
37585 62853
37579 62820
37323 62358
38561 64686
37498 62661
37591 62791
38574 64800
37495 62685
37626 62903
37399 62469
37393 62491
37473 62560
37594 62794
37567 62833
37601 62806
37619 62869
37509 62676
37352 62407
37609 62898
37599 62828
37650 62944
37494 62691
37463 62658
37497 62716
37454 62588
37349 62432
37596 62853
37497 62653
38589 64709
37527 62696
37628 62877
37608 62899
37621 62889
38526 64667
37612 62882
37441 62591
37569 62776
37480 62660
37608 62888
37560 62887
38531 64612
37583 62879
37602 62794
37517 62707
37632 62901
38529 64679
37507 62667
37639 62912
37510 62708
37609 63030
37410 62468
37455 62593
37571 62824
37214 62149
37643 62951
37323 62407
