15078 23747
14987 23426
15005 23475
14749 23201
15421 24506
15398 24355
15301 24083
15306 24191
15403 24216
15265 24136
15246 24016
15165 23925
15162 23904
15547 24578
14120 22162
14769 23202
14833 23127
14229 22300
15026 23757
14692 22878
14908 23433
13163 20533
14939 23281
15434 24300
15388 24350
14807 23385
15398 24330
15094 23768
15044 23583
13986 21931
15341 24201
15367 24287
15395 24325
14960 23474
15120 23831
15226 23928
15180 23865
15285 24251
14091 21893
15233 24110
14945 23427
14794 23166
15336 24310
15066 23599
14978 23465
15265 24076
15114 23784
13682 21242
14806 23208
15135 23815
15299 24119
14940 23345
15334 24014
13397 20810
15227 23831
14815 23234
15323 24018
13797 21546
14774 23320
15021 23615
15068 23596
15017 23549
15237 24001
15221 23958
15021 23547
15416 24306
15260 23951
14933 23545
15476 24378
15129 23731
15513 24587
15311 24077
14806 23112
14215 22392
14819 23211
15384 24201
14836 23181
15257 23977
15306 24177
15201 23854
15323 24015
15601 24674
14940 23490
15475 24507
15544 24750
15038 23593
15343 24048
15173 23790
15241 24106
15551 24568
15388 24264
15176 23870
15311 24240
15103 23852
15124 23919
15156 23880
15367 24243
15271 24126
15264 24114
14679 23057
