52595 81373
47609 73638
51810 79991
52126 80558
52956 82231
52378 81103
52846 82133
52276 80885
52795 81745
52391 81136
53100 82713
52263 81129
52384 80797
53011 82351
52716 81781
53356 82926
52149 80853
53387 83052
52919 82013
52414 81110
52688 81384
52284 80960
53328 82912
52462 81290
52250 80924
51515 80364
51480 79542
52498 81235
52670 81764
52857 82044
51884 80339
53184 82532
52849 82312
52761 82050
53171 82327
52088 80800
47704 73716
51816 80071
51756 80284
52072 80726
52649 81609
52730 81792
51741 80285
52380 81317
51378 79587
52415 81283
52940 82039
52795 82179
52197 80904
48124 74402
52378 81426
52078 80531
52790 81869
52734 81851
47066 72534
52431 81282
52937 82244
53253 82802
52838 81984
53536 83128
52374 81354
53062 82414
52685 81829
52848 82281
52643 81516
52571 81624
53350 82901
52576 81902
52819 82201
52754 81914
51992 80488
52380 81100
52943 82202
52233 81110
52550 81567
53274 82998
51941 80336
52829 82043
52772 81664
52643 81579
52519 81316
53151 82619
53602 83302
52437 81190
53132 82509
52397 81382
52249 80889
52949 82348
51926 80314
53166 82561
52776 81898
52846 82002
51687 80011
52970 82557
52260 80983
51743 80089
52313 81300
52668 81570
52019 80636
52504 81418
