75611 119449
75673 119406
74829 118108
75342 118996
75318 118939
75865 119487
75522 119305
75442 119176
75543 119239
75349 119026
74812 118004
75336 118944
74715 117722
75449 119185
75317 118922
75644 119358
75397 119029
75575 119171
75340 118979
75311 118905
75442 119155
75360 119065
75614 119225
75339 119044
75526 119353
75567 119354
75607 119145
75412 118653
75350 119056
75527 119283
75343 118973
75352 118948
75379 119056
75332 118964
75476 119196
75026 118618
75460 119169
75445 119160
75542 119066
75591 119204
75441 119093
75331 118987
75566 119405
75576 119337
75651 119465
75313 118929
75498 119249
75464 119221
75472 119260
75617 119470
75751 119473
75128 118766
75353 118996
75466 119154
75343 119039
75497 119234
75894 119604
75553 119346
75337 118977
75303 118829
75559 119399
75879 119717
75445 119184
75543 119325
75386 119067
74922 118339
75449 119180
75604 119353
75521 119346
75339 118954
75519 119323
75022 118568
75396 119029
75487 119238
75410 119053
75334 118970
75342 118958
75168 118915
75541 119328
75454 119142
75504 119294
75532 119375
75264 118964
75165 118887
75571 119379
75500 119296
75598 119182
75539 119291
75406 119100
75448 119174
75355 118985
75496 119259
75240 118976
75549 119081
75301 118890
75374 119058
75608 119490
75554 119351
75349 118984
75050 118624
