13210 22499
13390 22728
13382 22748
13164 22401
13064 22152
13402 22772
13384 22699
13487 22951
13233 22434
13123 22210
13403 22779
13405 22748
13390 22731
13361 22683
13234 22529
13242 22600
13503 22975
13371 22673
13120 22250
13232 22435
13385 22713
13441 22822
13405 22781
13435 22842
13141 22295
13297 22527
13395 22814
13238 22564
13138 22272
13489 22968
13494 22972
13485 22943
13272 22630
13299 22560
13422 22774
13443 22898
13425 22853
13184 22453
13417 22759
13422 22774
13404 22776
13188 22441
13398 22760
13422 22773
13305 22595
13496 23002
13126 22244
13442 22863
13407 22743
13503 22983
13316 22618
13431 22795
13129 22265
13078 22080
13405 22742
13115 22239
13434 22842
13237 22435
13059 22059
13164 22452
13423 22766
13141 22294
13056 22056
13423 22796
13450 22907
13355 22661
13455 22885
13215 22481
13106 22259
13000 22028
13072 22152
13136 22274
13426 22816
13403 22753
13275 22609
13406 22749
13447 22893
13346 22671
13395 22774
13439 22835
13390 22727
13499 22992
13342 22709
13256 22583
13169 22378
13441 22846
13382 22727
13480 22997
13393 22709
13060 22062
13446 22859
13488 22982
13403 22766
13233 22431
13004 22022
13479 22938
13408 22766
13480 22947
13421 22816
13376 22723
