64488 101823
64625 102193
64634 102171
64673 102200
64650 102212
64213 101546
63994 101049
64543 102055
64654 102146
64645 102232
64635 102227
64612 102163
64661 102136
64603 102164
64561 102019
63941 101165
64633 102174
64626 102208
64575 102004
64500 101808
64631 102259
64313 101868
63929 101164
64622 102231
64096 101314
64316 101628
63936 101102
64695 102317
64709 102347
64500 101929
64516 101937
64657 102258
64607 102241
64639 102153
64535 102086
64509 101870
64657 102241
64568 102077
64228 101447
64301 101652
64153 101473
64547 101970
63916 101076
64694 102286
64246 101504
64505 101954
64561 102045
64512 101915
64649 102236
64068 101473
64315 101789
64672 102268
64349 101507
64214 101437
64268 101710
64654 102166
64384 101913
64608 102146
64727 102355
64639 102217
64621 102175
64455 101708
63926 101132
64459 101683
64556 101940
64630 102131
64634 102200
64224 101435
64600 102093
64542 102038
64549 102055
64221 101668
64611 102152
64644 102263
64667 102261
64667 102206
64336 101805
64191 101589
64597 102146
64613 102173
64703 102380
64429 101862
64638 102177
64296 101807
64634 102200
64153 101594
64633 102228
64634 102245
64553 102065
64604 102017
64606 102194
64609 102221
64210 101616
64634 102217
64458 101845
64644 102211
64736 102443
64629 102179
64667 102311
64601 102016
