6650 10583
6461 10182
6755 10677
6587 10533
6640 10592
6838 10967
6781 10895
6114 9723
6561 10390
6591 10481
5992 9420
5862 9239
6607 10603
6476 10366
5875 9251
6678 10677
6699 10773
6750 10861
6676 10626
6629 10599
6467 10208
6746 10689
6597 10452
6634 10521
6624 10491
6076 9578
6451 10266
6789 10769
6628 10532
6904 11089
6503 10268
6268 9868
6407 10040
6531 10460
6795 10936
6655 10532
6595 10530
6474 10417
6762 10787
6480 10289
6815 10903
6537 10423
6403 10158
6696 10536
6710 10782
6639 10534
6078 9527
6049 9595
6439 10186
6507 10313
6523 10309
6733 10676
6742 10691
6645 10572
6696 10675
6415 10137
6664 10579
6683 10541
6365 10177
6569 10421
6740 10739
6638 10698
6465 10261
6690 10646
6879 10993
6573 10427
6807 10822
6807 10914
6646 10499
6843 11019
6679 10802
6775 10820
6180 9811
6797 10897
6136 9817
6702 10716
6637 10602
6569 10382
6738 10671
6623 10588
6720 10745
6010 9493
6503 10327
6385 10089
5860 9164
6484 10339
6029 9516
6482 10225
6561 10424
6642 10661
6740 10861
6623 10556
6370 10161
6963 11293
6616 10514
6754 10766
6592 10494
6732 10706
6753 10754
6698 10607
