17719 29950
17360 29356
17350 29242
17778 29954
17620 29765
17649 29744
17750 29932
17799 30095
16720 28190
17365 29348
17553 29548
17755 29938
17620 29747
17581 29598
17766 29953
17747 30074
17686 29793
17709 29852
17816 30106
17768 29936
17799 30128
17809 30047
17591 29661
17707 29825
17772 29991
17771 29938
17548 29531
17767 29942
17483 29498
17601 29800
16725 28211
17768 29987
17797 30130
17629 29761
17744 30006
17366 29357
17544 29623
17671 29844
17624 29757
17768 29934
17532 29570
17377 29338
17715 30010
17672 29845
18033 30538
17820 30051
17667 29841
17669 29839
17552 29536
17635 29660
17772 29964
17745 29903
17769 29938
17636 29661
17738 29893
16899 28561
17772 29964
17669 29808
17403 29411
17747 29926
17771 29945
17629 29644
17694 29801
17738 29870
17727 30032
17748 30068
17768 29941
17545 29593
16865 28450
17627 29761
17628 29652
17767 29938
17563 29535
17716 29907
17723 29882
17806 30040
17551 29558
17605 29735
17766 29938
17732 30022
17743 30021
16848 28424
17786 30015
17690 29855
16710 28169
17389 29366
17776 29959
17766 29953
17744 30069
17418 29433
17587 29694
17666 29825
17636 29661
16882 28492
17604 29625
17772 29951
17723 29865
17596 29787
17579 29705
17538 29540
