55878 86650
56378 87678
55511 86217
55438 85871
56105 87136
55765 86411
55480 86065
56419 87738
55431 85938
55483 86061
55048 84912
55665 86443
56004 86675
55987 86872
55010 85018
55718 86351
55195 85334
55795 86338
55669 86355
55096 85055
55829 86284
55383 85735
55706 86360
55782 86404
54759 85079
55873 86365
56250 87452
56180 86836
55496 85939
56544 87790
56037 86901
55178 85467
56066 86980
56300 87284
55791 86178
55049 85121
56295 87096
56797 88278
55076 85221
51714 80334
55356 85605
56912 88886
56230 87326
54192 84000
56101 87140
55938 86863
56245 87386
56110 86919
55446 85657
56091 86701
56336 87190
56565 87928
54877 84832
55679 86456
55644 86299
55025 85049
54959 84949
55994 86576
56533 87461
55848 86865
55723 86395
55891 86880
56128 86963
55420 85771
56769 87966
55574 86123
50706 78262
56010 86396
55555 85943
56064 87045
55701 86440
56331 87429
54507 84543
55686 86362
55678 86266
55933 86689
56034 87158
56012 86665
56253 87150
55672 86124
56365 87489
55963 86793
55926 86497
56337 87518
55151 85272
56633 88050
56262 87191
55955 86932
55166 85612
56246 87218
56338 87595
56847 88515
56484 87429
56188 87328
55835 86314
56579 87737
56128 87171
56368 87471
55825 86529
55881 86744
