41858 65069
41640 65006
41387 64742
41574 64963
40029 61917
41506 64699
41639 64915
41546 64629
40619 63054
40388 62716
41936 65453
41200 63992
41099 64191
41341 64206
41942 65579
41330 64268
40338 62599
41354 64297
41057 63871
41146 64198
41238 64316
41360 64387
41627 64926
41546 64751
41281 64296
41126 63879
41538 64802
41685 64883
42097 65599
41739 65172
41117 63686
41065 64031
41192 63988
41651 64931
41631 64724
42176 65915
40894 63432
41515 64595
41476 64595
41077 63782
41333 64229
41795 65190
40348 62676
41386 64489
41461 64484
41151 64143
41264 64205
41102 63849
41602 64766
41506 64622
41856 65113
40629 63057
41283 64163
41485 64572
41629 64836
41310 64242
41615 64906
41245 64194
41188 64052
41210 64043
41335 64091
41850 65401
41240 64275
41011 63781
41292 64300
41030 63953
42222 66024
40901 63701
42100 65776
41854 65278
40560 62737
41492 64625
41290 64308
41066 63624
41174 64103
41209 63860
41786 65175
41393 64231
37822 58809
40618 63180
41697 65017
41501 64688
37798 58875
41099 64016
41335 64308
41759 65083
41514 64480
41872 65274
41477 64535
41548 64756
41102 64012
41423 64413
37820 58686
41352 64460
42065 65838
40932 63792
41193 63950
41751 65144
40644 63206
41044 63838
