58954 93190
58885 92964
59083 93395
59039 93339
59041 93371
59069 93302
58937 93089
58786 93032
59039 93348
58994 93278
58848 92998
59079 93455
59002 93252
59079 93450
58891 93080
59222 93572
59053 93273
59193 93461
58788 92992
59022 93287
59013 93286
58942 93242
59009 93353
59200 93570
58867 93057
58785 92829
59017 93381
58985 93313
59011 93244
58997 93224
58782 93087
58995 93241
59017 93308
58961 93222
58926 93188
58979 93194
58687 92937
59071 93297
58872 93121
58546 92626
58896 93102
58785 92857
59026 93468
59162 93448
59036 93309
59017 93339
59060 93413
59039 93291
58851 93030
59147 93411
58910 93050
58996 93103
59155 93398
58825 92993
59149 93413
59013 93358
59170 93489
58884 93069
58866 93251
59043 93419
58985 93182
59101 93432
59068 93383
58834 92970
58770 92766
59057 93279
59156 93484
58928 93082
59084 93466
59054 93468
59194 93541
59100 93504
59047 93232
58918 93127
59008 93269
58820 93013
59002 93269
59038 93291
58994 93247
58767 92801
59183 93475
58839 92923
59034 93354
58589 92671
59086 93418
59180 93497
59028 93371
58933 93217
58928 93158
59041 93305
59171 93456
58894 93072
59028 93312
59017 93289
59146 93588
58867 93044
59135 93525
59030 93357
59096 93385
58958 93185
