56093 93404
56479 94237
56137 93465
55962 93272
56340 93802
55590 92826
56385 93845
56006 93274
55558 92799
56040 93357
56064 93286
56286 93839
56359 93834
56050 93450
55622 92973
56037 93411
55990 93253
56823 94564
56275 93675
56295 93983
56424 93979
56117 93441
55465 92421
56104 93427
56274 93657
56405 93993
56098 93562
56195 93623
56017 93369
56112 93407
56052 93494
56036 93381
56091 93397
56120 93457
55945 93154
56104 93414
56043 93325
56102 93389
56267 93711
56332 93991
56096 93495
56260 93639
55424 92595
55979 93304
56118 93433
56282 93951
55435 92615
56281 93954
56268 93598
56300 93800
56105 93455
56394 93928
56075 93482
56192 93489
56406 93862
56412 93953
56115 93471
56106 93427
56109 93420
56329 93873
56128 93398
56628 94443
56243 93944
56345 93799
56071 93467
56069 93448
56094 93478
55499 92634
55491 92697
56324 93747
56121 93469
56355 93755
56125 93493
56350 94058
55488 92705
56055 93365
56237 93849
56218 93666
56491 94125
56340 94094
56045 93444
56106 93393
56403 93927
56262 93677
56427 93976
56389 93859
56410 93945
56276 93686
55504 92805
56010 93315
56053 93418
55406 92478
56025 93363
56276 93691
56417 94021
55987 93212
56271 93665
56072 93456
55952 93248
55833 92969
