54650 91146
54502 90755
54691 91174
54850 91436
54567 90843
54639 91132
54882 91466
54517 90799
54580 90881
54502 90749
54919 91553
54770 91313
54834 91405
54647 91137
54212 90528
54496 90744
54570 90832
54800 91336
54878 91478
54501 90751
54489 90739
54136 90384
54767 91277
54502 90753
54593 91026
54482 91056
54850 91380
54487 90732
54608 91033
54449 90990
54502 90752
54794 91318
54484 91061
54830 91425
54350 90507
54806 91345
54686 91144
54765 91241
54539 91161
54623 91037
54571 90849
54495 90743
54339 90671
54682 91169
54489 90733
54511 91091
54448 90962
54443 90951
54367 90608
54162 90401
54694 91226
54621 91082
54780 91321
54477 91035
54555 90881
54455 90998
54591 90846
54800 91343
54450 90980
54507 90753
54467 91020
54473 91044
54556 90930
54810 91358
54508 91104
54331 90662
54568 90937
54538 90858
54629 91112
54470 90993
54461 90653
54665 91305
54643 91142
54126 90290
54539 90865
54494 90754
54152 90398
54719 91299
54501 90775
54713 91283
54861 91436
54695 91056
54660 91171
54461 91017
54562 90815
54656 91117
54697 91219
54567 90847
54710 91126
54692 91088
54494 90754
54644 91175
54637 91118
54495 90830
54561 90814
54529 90820
54609 90932
54777 91327
54515 91125
54618 91091
