65971 109893
66626 110908
66622 110856
62783 104792
66351 110786
66857 111295
62794 104782
66597 110877
62780 104760
65008 108517
66903 111364
66076 110043
65667 109252
65064 108618
66584 110833
64734 108057
62871 104984
66603 110827
66924 111417
66915 111465
63544 106142
64771 108129
67027 111594
66596 110790
63911 106389
65683 109286
62800 104794
66805 111308
66592 110791
65695 109297
65132 108784
66566 110793
66807 111307
66357 110332
66602 110850
65659 109245
66584 111123
66733 111125
66844 111307
64640 107866
64937 108511
66822 111343
66606 110821
66754 111190
64742 108132
66816 111376
65645 109182
64745 108036
64821 108359
63906 106368
65756 109472
63558 106200
65658 109217
64761 108142
65204 108889
64907 108563
64872 108544
64757 108154
62817 104841
66499 110628
66841 111427
63512 105808
66904 111353
66785 111268
64780 108200
66618 110837
66933 111477
66852 111411
66928 111467
66919 111491
63460 105978
66857 111315
64880 108389
64708 107968
64718 108078
62941 105073
62951 105067
63552 106205
65114 108747
66606 110807
62787 104778
64727 108085
65177 108782
64743 108110
63554 105958
66968 111475
66624 110915
66884 111727
66850 111325
65073 108707
64509 107615
62764 104755
66551 110743
66603 110803
66929 111421
64734 108094
63485 105738
64729 108084
64961 108520
66735 111176
