27797 43176
28020 43931
27975 43689
27721 43109
27783 43410
27208 42361
27559 42956
27782 43253
27853 43745
27527 42867
28119 43995
28231 44067
28012 43850
27790 43355
27992 43618
27976 43679
28139 44151
25157 39213
28066 44061
28032 43629
27720 43317
27585 43062
28657 44809
27591 43072
27637 43071
27570 42763
28093 44112
27399 42761
27583 42768
28036 43834
27978 43921
26963 41673
27373 42731
27858 43491
26857 41905
27721 43155
27824 43311
27862 43257
27970 43729
27887 43405
27852 43556
25458 39748
28138 44030
27717 43114
27648 43143
27890 43458
27842 43326
27824 43443
27594 42939
27712 43159
27698 43186
25546 39881
27720 43309
27634 43098
28021 43634
28011 43841
27977 43625
27718 43143
27854 43444
27584 43042
28092 43950
27599 42866
28322 44392
27619 43155
27908 43504
28041 43783
28268 44235
25280 39285
27582 43017
28366 44459
27781 43335
27873 43536
27472 42882
28268 44273
27501 42783
27603 43035
27784 43231
27794 43304
27685 43055
28066 43735
28006 43918
27422 42756
27248 42418
27914 43562
28245 44126
27455 42729
27997 43778
26920 41857
27959 43530
27368 42665
27748 43281
27976 43822
27822 43319
25037 38833
24778 38179
28412 44660
24558 37830
28086 43700
27579 43061
27751 43318
