71277 112348
71568 112810
71425 112484
71383 112523
71307 112331
71315 112314
71426 112471
71503 112720
71436 112455
71523 112740
71788 113296
71331 112329
71343 112354
71041 112045
71479 112575
71301 112856
71392 112411
71454 112661
71377 112375
71436 112495
71322 112199
71476 112729
71444 112499
71143 112470
71411 112582
71318 112304
71469 112556
71447 112574
71290 112417
71481 112641
71493 112596
71505 112636
71722 113224
71394 112437
71504 112799
71509 112745
71452 112652
71463 112666
71494 112706
71086 112207
71410 112477
71350 112308
71373 112417
71252 112122
71398 112541
71456 112520
71545 112674
71442 112629
71160 112418
71429 112514
71527 112816
71537 112701
71000 111993
71475 112708
71202 112348
71390 112574
71415 112458
71770 113246
71414 112576
71501 112738
71337 112280
71445 112647
71534 112659
71281 112207
71434 112603
71501 112643
71467 112679
71497 112629
71349 112326
71442 112497
71464 112725
71079 112139
71323 112220
71384 112598
71540 112773
71208 112068
71364 112366
70993 111984
71344 112239
71384 112479
71490 112722
71401 112597
71447 112470
71112 112355
71404 112433
71462 112694
71727 113294
71394 112610
71415 112545
71470 112697
71320 112308
71452 112560
71555 112780
71553 112700
71473 112592
71486 112717
71411 112471
71481 112570
71050 112074
70950 111979
