31099 48489
30658 47785
30898 48206
30409 47416
30665 47762
28208 43781
31554 49478
31085 48485
31316 48871
31010 48294
31146 48524
30639 47557
30695 47886
30583 47482
30726 47726
30673 47892
30686 47953
30753 47997
31499 49148
30983 48444
30482 47280
30438 47353
31252 48750
30966 48257
30671 47732
30936 47983
30244 46822
31291 48841
30125 46695
31173 48644
30636 47692
31370 49232
30637 47619
30522 47488
30341 47242
31136 48747
31374 48879
31289 48929
31381 49071
30835 47882
31237 48665
28372 44058
30872 48266
30487 47376
30437 47335
27533 42794
31174 48690
30695 47837
31284 48953
31136 48677
30191 46931
31008 48375
29729 46314
31026 48424
30837 48026
30952 48227
30854 48095
30737 47836
31151 48731
31089 48432
30846 48091
31291 48910
30638 47686
31277 48947
31261 48670
30838 47918
30344 47225
31152 48554
30743 47777
30661 47704
31204 48843
31112 48730
31667 49614
31133 48539
31134 48800
31006 48304
31529 49567
30283 47065
30897 48251
31092 48531
31227 48547
30357 47008
31096 48417
30091 46729
30930 48193
31050 48607
30878 48069
30819 47920
31328 48941
31095 48460
31360 49092
29725 46115
31380 49172
31126 48662
31037 48347
30557 47538
31126 48454
31336 48821
31310 48819
31160 48607
