1241 2058
1209 1973
1312 2147
1234 2028
1282 2134
1261 2090
1284 2105
1340 2247
1299 2100
1388 2323
1306 2102
1352 2234
1298 2115
1249 2067
1344 2211
1362 2300
1305 2119
1307 2138
1258 2074
1244 2088
1245 2065
1182 1912
1400 2340
1335 2260
1338 2223
1302 2175
1312 2171
1340 2209
1327 2170
1299 2189
1343 2193
1305 2120
1306 2137
1374 2331
1302 2144
1340 2238
1206 1942
1368 2321
1184 1931
1352 2233
1337 2186
1354 2289
1468 2527
1407 2419
1160 1869
1344 2238
1345 2190
1276 2088
1353 2240
1361 2323
1391 2328
1376 2296
1328 2205
1338 2220
1345 2206
1327 2144
1284 2121
1326 2213
1286 2117
1285 2098
1428 2362
1284 2104
1355 2267
1331 2191
1159 1855
1251 2015
1213 1985
1346 2262
1278 2095
1303 2153
1302 2165
1286 2129
1168 1860
1224 2002
1337 2189
1355 2241
1286 2101
1335 2198
1299 2113
1344 2236
1157 1867
1314 2129
1359 2201
1356 2252
1299 2108
1333 2212
1233 2015
1357 2308
1299 2137
1331 2183
1260 2051
1364 2288
1321 2223
1408 2424
1180 1905
1304 2161
1296 2165
1354 2240
1364 2304
1294 2139
