61969 95659
63228 98063
63332 98212
63208 98162
61739 95578
62197 95920
62669 96996
62965 97535
63264 98194
63668 98696
63690 98717
63426 98147
63183 97961
63151 97881
63587 98257
57314 88658
63098 97751
63011 97511
62952 97269
63290 98392
62938 97498
63362 98383
62642 96845
62884 97331
62222 96140
62493 96563
63039 97605
62368 96441
63383 98284
63636 99000
62513 96817
63414 98486
62967 97446
62764 97078
63241 98078
63426 98332
63802 99243
61347 94835
62809 97010
63522 98544
63007 97528
63202 97820
63376 98332
62928 97462
62727 97414
63143 97610
63197 97617
63755 98909
62135 95879
63486 98373
62745 97008
62205 96165
63166 97848
61533 95051
62643 97009
62639 96959
63329 97948
62743 97027
63107 97841
63109 97739
62530 96905
63325 98012
62706 96978
62536 96711
63519 98341
62182 96157
63335 98152
63329 98063
63048 97577
63568 98461
63330 98257
63291 98273
61546 95089
63164 98134
62417 96496
63392 98128
60466 93405
63196 97945
63474 97837
63390 98240
62790 96847
60972 94120
62563 96736
63118 97548
63123 97903
63613 98870
63666 98880
62995 97616
63297 97817
62640 96820
62982 97795
62956 97751
63129 97736
63241 97987
63113 97713
61638 95565
62226 96119
62965 97322
62663 96751
62940 97703
