67802 113016
67076 111695
67337 112152
67317 112160
66463 110984
66467 110972
67329 112145
66938 111400
67287 112107
67487 112396
67252 111950
67416 112235
67183 111847
67616 112636
67318 112177
67177 111745
67389 112222
67320 112050
67155 111873
67351 112068
67321 112203
67251 111867
67379 112300
67653 112726
66503 111027
66437 110945
67231 111882
67092 111698
67339 112119
66465 110982
66982 111504
66403 110901
67186 111858
67283 111826
66881 111653
67384 112263
67124 111763
67360 112141
67361 112200
66665 111295
67126 111815
66438 110885
67159 111715
67127 111787
67168 111823
67150 111861
66407 110873
67042 111516
67633 112746
66750 111493
67533 112535
67075 111528
67174 111885
67122 111639
66899 111254
67319 112108
67244 112071
67230 111878
67495 112493
67450 112612
67604 112709
67346 112126
66592 111220
67506 112454
67336 112065
67442 112316
67097 111708
67460 112284
67763 113069
67389 112273
67830 113400
67096 111732
67158 111861
66806 111042
67442 112330
66988 111372
66965 111439
66718 111499
67023 111614
67471 112463
67173 111763
66746 111427
67143 111849
66960 111910
67320 112016
66971 111806
67090 111695
67050 111563
68207 113860
67099 111781
67112 111747
67115 111771
67428 112444
67138 111776
67080 111722
67572 112460
67114 111737
67336 112106
67161 111880
67637 112827
