53872 89999
54398 90722
54421 90800
54586 91342
52160 87255
51266 85600
52210 87427
54538 91040
53623 89472
52176 87298
54639 91285
54572 91266
54476 90878
53619 89502
54070 90391
52069 87052
52155 87221
52133 87276
54087 90420
54020 90051
54504 91142
54408 90961
54232 90428
54489 91152
54396 90773
54422 90800
54514 91267
54033 90156
52148 87211
54383 90724
54157 90539
53867 89958
54266 90550
52124 87157
54071 90388
52119 87203
54345 90910
54594 91109
52073 87058
54425 90811
54549 91246
54456 90857
54567 91089
54832 91647
53931 89943
54543 91158
52148 87245
54440 90828
54374 90689
54252 90528
54402 90757
54554 91232
52087 87102
54615 91279
51926 86756
54611 91245
54457 90840
53570 89421
52153 87266
54523 90992
54411 90756
54412 90802
54489 91106
54478 91027
53643 89532
52096 87186
54397 90727
54487 90977
54477 90869
52105 87124
54458 90854
52119 87199
52932 88490
54385 90737
52153 87234
52086 87143
52136 87197
51547 86171
54328 90642
54454 90835
54192 90370
54675 91286
54200 90400
54099 90440
54237 90432
54433 90810
54557 91234
54576 91236
54381 90699
53513 89279
54320 90651
52212 87320
51944 86857
51432 85963
54634 91272
53215 88729
54422 91023
54282 90555
54415 90790
54370 90665
