70245 108191
71729 111432
69757 107940
71480 110563
70917 109700
71771 111058
70754 109336
70927 109771
70088 108352
71723 111205
70762 109195
70999 109915
71437 110651
70805 109720
70775 109324
64280 99109
70370 108527
71773 111363
64845 100284
70268 108717
71027 109919
69602 107477
70601 108817
67522 104175
71527 110948
70193 108499
70907 109844
70868 109676
70823 109388
71178 110241
70969 109519
69462 107295
70450 108698
69431 107357
69073 106613
70944 109762
70281 108251
70652 109267
71734 111135
70572 108921
69989 108147
70648 109323
71344 110597
71051 109867
71379 110389
70662 108881
70823 109262
70287 108844
70540 109111
71732 111492
70644 109316
71299 110333
71194 110243
70827 109513
71129 109964
71151 110082
70956 109543
69627 107429
70638 109167
71740 111087
63972 98978
71773 111013
71247 110083
71476 110831
70964 109549
69201 106711
69746 107656
71099 110041
72349 112326
70970 109817
69236 106793
71020 109822
71412 110523
70953 109775
70946 109620
71237 110302
70812 109536
70633 109308
71376 110595
70355 108669
70357 108647
70949 109777
71215 110084
70884 109689
70023 108158
71040 110093
71127 110264
70361 108634
71991 111514
69229 106747
71594 110933
71756 111282
70810 109367
69818 107576
70925 109507
70978 109901
71330 110426
70603 109084
70839 109601
69453 107255
