685 1171
719 1241
719 1238
718 1234
718 1229
717 1232
680 1164
677 1159
717 1234
703 1234
681 1143
705 1213
718 1239
720 1240
719 1240
713 1244
707 1200
714 1242
724 1209
709 1234
706 1212
717 1227
724 1245
693 1185
682 1163
682 1148
685 1170
710 1236
711 1261
708 1221
715 1226
715 1245
683 1169
679 1159
720 1236
725 1250
710 1214
682 1150
696 1197
683 1154
684 1153
717 1240
682 1146
718 1235
717 1236
715 1230
684 1170
709 1213
719 1237
719 1232
679 1157
681 1164
717 1232
685 1167
705 1175
681 1163
719 1237
684 1157
725 1246
682 1168
699 1206
678 1162
723 1244
715 1223
685 1165
714 1245
717 1233
703 1211
681 1168
699 1170
681 1164
684 1169
712 1235
726 1259
718 1233
716 1230
716 1249
684 1171
717 1230
716 1236
706 1233
708 1239
715 1234
741 1236
708 1235
717 1229
740 1239
715 1227
709 1225
683 1164
698 1200
721 1238
724 1246
685 1165
724 1244
696 1201
711 1213
681 1165
716 1230
719 1237
