58023 89704
58128 90081
58620 90912
58286 90243
57544 88701
58126 90081
58460 90697
58158 90390
58433 90717
57299 88432
58780 91181
59187 91779
58275 90417
56289 86899
59396 92193
57351 88519
58782 91136
58837 91223
58741 90848
57440 89027
56863 87822
58120 90019
57580 89117
58779 91089
58122 89860
58305 90031
57918 89796
58913 91570
58889 91612
58425 90884
58855 91129
58114 90242
57045 88051
57822 89357
58442 90519
57851 89452
58280 90321
52137 80419
58804 91307
58226 89851
58729 91092
58469 90796
57057 88399
58388 90341
58676 91008
58013 89995
58043 89971
57810 89559
58048 89680
53066 82150
58060 89858
59027 91713
58217 90341
58370 90351
57964 89567
57812 89459
57431 88681
56558 87286
57553 89169
58352 90629
58214 90453
58367 90462
58667 91112
58800 91090
57600 89217
58132 90044
58323 90174
58427 90552
56618 87498
58063 89932
57910 89587
57946 89518
58757 91225
58356 90162
57486 88839
58272 90395
58935 91389
57292 88672
58017 89505
58224 90318
57932 89786
58966 91490
58792 90970
57664 89375
57826 89578
57525 89099
58244 90213
58139 89890
58309 90534
58350 90251
57798 89315
59470 92719
57685 89357
57732 89365
57937 89764
59071 91709
58551 90948
57490 88922
57055 87965
57984 89589
