21196 33144
22609 35502
23221 36402
23323 36722
22739 35519
22503 35076
23125 36235
22557 34970
22885 35737
23192 36245
23175 36170
23256 36489
23449 36874
22947 35704
23086 36193
23033 36151
23082 35965
22829 35765
23158 36126
23234 36382
22427 34921
23174 36411
23069 35961
23118 36283
22942 35756
23142 36326
21300 33235
23067 35974
22874 35747
20840 32513
21518 33605
22495 35090
22813 35575
23248 36465
22952 36002
23063 36165
22369 34788
23030 35988
23056 35995
22432 35007
23425 36855
22886 35778
23268 36494
23428 36735
23068 36266
23083 36198
22875 35651
22756 35389
23343 36633
22843 35493
23119 36191
22813 35633
23237 36436
23443 36703
23301 36568
23242 36583
22968 35875
23252 36329
22822 35781
22706 35512
23324 36574
22864 35726
23118 36209
23374 36721
20885 32417
23083 35993
22578 35075
22935 36035
22987 36064
22410 34985
22761 35338
23174 36352
23260 36449
22868 35779
22911 35670
22977 36028
22706 35387
23054 35934
23447 36818
22924 35819
23153 36101
20890 32499
23144 36234
23244 36292
22199 34511
22829 35670
22977 35778
22970 35955
22783 35477
22847 35507
22855 35575
22529 35101
22730 35357
23223 36436
23204 36301
22797 35637
23309 36611
23040 35974
23281 36429
23134 36158
