53345 82863
53620 83247
53643 83404
53263 82482
53846 83702
53789 83427
53834 83653
53313 82695
53294 82647
53406 82933
53693 83311
53213 82268
48725 75290
51967 80249
53286 82458
53306 82517
52888 81758
52861 81820
53535 83257
52993 82000
53070 82160
53633 83310
53368 82733
53537 83006
53784 83778
53868 83805
48394 75135
53589 83106
52954 82277
53691 83227
52691 81476
54121 84184
52557 81427
53305 82493
54158 83949
53566 83082
53979 83879
53342 82695
51653 79939
52779 81757
52788 81628
53477 83017
54062 83992
53343 82645
52866 81771
53546 83091
54117 83853
53795 83651
53782 83525
48733 75390
53101 81883
52564 81473
53432 82835
53922 83613
52212 80533
53483 82912
52890 81832
53391 82996
53278 82784
53741 83418
53487 82936
53886 83699
53916 83715
48743 75729
52499 81370
53577 82872
53219 82590
53560 83163
53027 82157
53206 82433
53345 82349
54047 84390
54244 84346
53027 82271
54157 84039
53862 83737
53393 82773
48569 74849
53421 82677
53118 82221
52548 81311
53152 82443
53017 82031
53692 83382
53233 82596
53907 83850
53191 82408
53727 83456
53263 82599
53125 82384
53674 83468
53025 81896
53574 83095
53127 82487
48340 74710
53522 83146
53660 83340
52727 81870
53906 83806
53712 83342
