23039 38632
22453 37692
23195 38912
23143 38918
23078 38668
23008 38671
22467 37591
22467 37583
24129 40641
22937 38408
22501 37677
22535 37724
22465 37586
23470 39479
22475 37620
23479 39505
22540 37735
22980 38493
23487 39501
22467 37586
23171 38967
24071 40541
22943 38432
23288 39129
23102 38700
23774 39856
22466 37588
22787 38183
23056 38824
22469 37588
22466 37588
23956 40348
22934 38404
23086 38671
22453 37686
23021 38598
22468 37589
24108 40547
24060 40522
22932 38404
22962 38442
23200 39058
23478 39503
23097 38739
22949 38422
23122 38760
22468 37586
23174 38834
23074 38666
23080 38849
22469 37588
23066 38629
23531 39639
23454 39463
22551 37754
23108 38732
24169 40730
23993 40408
23068 38638
23038 38573
22471 37593
22935 38414
23132 38872
22551 37768
22465 37588
22426 37512
22438 37529
22538 37743
22550 37743
22542 37727
22454 37694
22921 38360
22961 38495
22453 37691
22468 37590
23176 39013
23028 38568
22993 38497
22968 38445
23060 38610
23754 39830
22469 37589
23511 39602
23085 38872
22553 37754
22462 37582
23916 40185
22548 37761
23155 38941
23006 38706
22467 37590
22484 37610
23926 40197
22535 37725
22466 37584
23522 39614
24044 40489
22464 37582
23200 38880
23117 38790
