31524 52937
31902 53495
32206 53990
31847 53259
31843 53509
31912 53489
31264 52438
31436 52748
31763 53352
31936 53588
31310 52479
32009 53685
32117 53856
32104 53825
32097 53760
31681 53249
31325 52494
32034 53766
32074 53715
31684 53079
31314 52494
32080 53763
30966 51913
30880 51771
31300 52464
32006 53671
32197 53966
32215 54098
32108 53855
32076 53796
32106 53834
32058 53754
32029 53698
32317 54173
31791 53395
32003 53756
32058 53710
31897 53512
31360 52548
32108 53970
31313 52443
31590 53022
31604 53059
32105 53832
31714 53228
32049 53696
31961 53681
32099 53838
32056 53744
32314 54162
31903 53526
31656 53037
32105 53840
31287 52447
31695 53088
30957 51913
32044 53713
32085 53798
31281 52359
31373 52584
31905 53542
31967 53524
32188 53952
32088 53838
31786 53398
31969 53552
32080 53777
32114 53812
31327 52461
31706 53140
32057 53770
31345 52517
31291 52433
31960 53712
31314 52508
31525 52938
31958 53511
32097 53815
32111 53835
31892 53514
32160 53920
31619 53065
31342 52522
31689 53023
30836 51652
31915 53495
32106 53851
31194 52302
32366 54289
31389 52626
31727 53312
32175 53902
32088 53972
31366 52547
31403 52751
32161 53899
32075 53760
31694 53111
31273 52383
32108 53827
