33969 54054
33768 53587
33951 54013
33810 53683
33605 53376
33992 54144
33782 53445
33752 53560
33833 53755
33527 53192
33758 53536
33747 53529
33952 53910
33751 53563
34159 54246
33756 53569
33708 53607
33629 53440
33839 53627
33767 53414
33632 53324
34066 54236
33625 53388
33774 53561
33812 53522
33771 53577
33831 53709
33769 53556
33632 53367
33773 53603
33745 53523
33752 53631
33996 53919
33774 53594
33786 53665
33741 53700
33769 53604
33650 53459
34060 54149
33788 53675
33762 53562
33512 53127
33573 53336
34059 54131
33785 53614
33643 53413
33661 53531
33724 53548
33955 53984
33800 53654
33876 53862
34061 54070
33763 53562
33880 53758
33849 53823
33850 53831
34008 53978
34044 54127
33794 53606
33745 53611
33807 53774
33952 53906
33722 53552
33746 53526
33766 53485
33622 53416
33606 53291
33717 53611
33793 53701
33822 53898
33758 53550
34019 54148
34002 54107
33782 53626
33758 53561
33823 53704
33863 53862
33573 53282
33792 53470
33863 53782
33727 53536
33728 53572
33793 53656
34034 54156
33726 53566
33890 53898
33754 53531
33748 53410
34001 54069
33813 53687
33811 53652
34017 53988
33806 53706
33800 53675
33749 53578
33596 53384
33743 53612
33942 53955
33767 53665
33910 53827
