19342 30350
18812 29417
19523 30542
18472 28834
18877 29592
19403 30512
19129 30009
19035 30009
18970 29714
19141 30037
17605 27581
19269 30232
18777 29426
19087 30010
19168 30035
19045 29747
18403 28963
19470 30642
19448 30799
19062 29754
18925 29639
19074 29830
19219 30300
18701 29128
18900 29574
18710 29190
18792 29429
18914 29623
19156 30012
19039 29922
19102 29988
19226 30033
18332 28664
19049 29928
19317 30580
18788 29507
19348 30565
18809 29466
17916 28154
19014 30004
19164 30143
18547 28992
18204 28473
18897 29654
19305 30424
16974 26351
19535 30756
18946 29699
19191 30133
19304 30241
19181 30214
19181 30028
18363 28676
18810 29604
19105 29975
19258 30451
19431 30607
19029 29972
18783 29478
18895 29450
18985 29707
18877 29782
19434 30708
19023 29936
19627 30980
19379 30453
18591 29195
19331 30294
18749 29268
18888 29609
19328 30527
19184 30152
19119 29942
17613 27374
18693 29158
18981 29834
18997 29891
19271 30378
19026 29782
18927 29627
18778 29339
18878 29635
19170 30027
18899 29593
19507 30544
19316 30280
19075 30035
19199 30162
19171 30037
18908 29770
17826 28065
18284 28568
17424 27154
19164 30099
18784 29402
18888 29611
19611 31132
18880 29527
19074 29920
19091 30095
