11261 18076
11045 17696
11314 18112
11024 17617
11184 17957
11348 18220
11056 17701
11211 18063
11172 17919
11330 18163
11334 18219
11203 18002
11349 18254
11209 17959
11027 17629
11185 17947
11054 17690
11376 18285
11032 17628
11209 18011
11371 18278
11025 17629
11045 17687
11028 17629
11036 17655
11331 18210
11344 18243
11041 17673
11037 17680
11346 18232
11199 17952
11374 18316
11355 18267
11031 17608
11216 18029
11020 17610
11359 18252
10572 16877
11054 17698
11321 18140
11058 17690
11195 17989
11032 17647
11036 17665
10998 17645
11031 17645
11042 17685
11042 17644
11050 17683
11338 18228
11045 17658
11210 18025
11046 17712
11175 17942
11400 18260
11033 17678
11034 17636
11172 17939
11047 17674
11032 17641
11193 17975
11043 17703
11025 17646
11205 18012
11032 17628
11353 18243
11046 17698
11362 18283
11036 17667
11033 17653
11021 17635
11036 17648
11044 17659
11297 18159
11159 17892
11025 17650
11051 17692
11350 18233
11031 17640
11192 17985
11398 18244
11029 17633
11385 18242
11026 17620
11041 17658
11447 18354
11399 18264
11026 17623
11381 18285
11217 18050
11403 18296
11030 17647
11034 17626
11081 17785
11344 18188
11051 17670
11421 18378
11030 17631
11033 17633
11159 17930
