17288 27750
17413 27976
17155 27480
17172 27495
17339 27843
17270 27726
17272 27697
17217 27647
17080 27412
17298 27770
17265 27719
17403 27964
17144 27458
17428 27883
17088 27347
17045 27273
17221 27635
17240 27679
17295 27738
17257 27735
17187 27533
17383 27898
17035 27300
17265 27722
17308 27782
17260 27683
17391 27906
17220 27593
16956 27139
17159 27488
17226 27624
17302 27779
17274 27721
17230 27674
17257 27725
17377 27891
17250 27706
17095 27343
17350 27839
17233 27660
17118 27443
17146 27441
17168 27507
17057 27363
17286 27721
17395 27942
17283 27705
17106 27375
17262 27708
17262 27731
17243 27655
17250 27668
17283 27766
17202 27602
17063 27342
16987 27232
17253 27714
17194 27525
17325 27849
17273 27741
17296 27777
17207 27621
17067 27362
17266 27703
17051 27329
17071 27356
17151 27474
17252 27667
17263 27723
17184 27525
17261 27738
17256 27687
17262 27741
17222 27675
17282 27723
17223 27647
17148 27464
17388 27966
17169 27512
17242 27664
17397 27934
17328 27706
17238 27685
17365 27865
17245 27666
17055 27351
17093 27365
17307 27821
17302 27758
17285 27732
17291 27810
17226 27604
17234 27677
17375 27889
17230 27672
17149 27446
17250 27720
17263 27715
17280 27725
17218 27633
