13710 21565
13692 21599
13913 21922
13770 21699
12200 19128
13060 20424
13634 21520
13939 21989
13807 21770
13742 21739
13711 21631
13820 21773
13895 22007
13454 21174
13706 21584
13872 21884
13560 21241
13779 21801
13612 21313
13848 21876
13658 21479
13842 21901
13065 20397
13553 21306
13615 21452
13780 21766
13529 21238
13795 21862
13832 21875
13580 21343
13732 21723
13840 21884
13723 21467
13592 21391
13491 21346
13322 20945
14003 22184
13739 21590
13925 22063
13472 21147
13533 21081
13636 21399
13451 21107
13841 21779
13693 21540
13660 21531
13983 22095
13958 22060
12800 20179
13649 21439
13652 21456
13577 21344
12190 19024
13073 20491
13739 21539
13737 21675
13403 21075
13250 20738
13833 21891
13081 20450
13892 21888
13812 21772
13530 21369
13414 21000
13697 21668
14057 22217
13568 21259
13355 20984
12399 19370
13627 21489
13737 21639
13791 21765
13737 21646
12302 19257
13799 21723
13768 21759
13867 21813
13820 21811
12930 20261
13785 21648
13880 22029
13600 21358
13598 21282
13561 21267
13565 21375
13589 21280
13013 20344
13815 21729
13778 21690
12834 19985
13503 21077
13646 21577
13685 21640
13267 20931
13836 21881
13849 21991
13688 21595
13976 22039
13526 21327
13543 21238
