6403 10454
6442 10486
6404 10434
6444 10436
6462 10539
6417 10377
6551 10673
6420 10403
6359 10370
6378 10333
6454 10505
6495 10541
6402 10397
6462 10548
6391 10361
6404 10503
6462 10545
6459 10520
6435 10502
6464 10494
6462 10540
6418 10473
6392 10352
6337 10309
6514 10614
6463 10568
6463 10535
6376 10333
6345 10329
6382 10370
6459 10542
6518 10603
6404 10465
6426 10463
6376 10324
6476 10523
6463 10546
6459 10521
6411 10494
6425 10448
6456 10547
6379 10331
6511 10638
6374 10321
6420 10389
6355 10343
6452 10531
6518 10649
6485 10555
6399 10349
6456 10546
6475 10593
6462 10551
6395 10397
6440 10488
6460 10547
6450 10448
6413 10472
6461 10533
6385 10353
6460 10568
6471 10584
6413 10359
6445 10452
6398 10348
6443 10457
6444 10445
6434 10484
6409 10352
6429 10497
6460 10548
6463 10546
6423 10473
6378 10386
6466 10556
6484 10549
6549 10663
6428 10389
6458 10552
6416 10365
6382 10310
6367 10307
6355 10355
6435 10458
6460 10516
6534 10715
6397 10343
6463 10580
6463 10532
6439 10449
6413 10445
6498 10575
6375 10416
6375 10382
6457 10565
6368 10280
6417 10377
6444 10489
6379 10312
6420 10466
