73937 114328
73979 114389
74111 114877
74475 115274
74237 114818
74540 115578
74181 114713
74744 115696
74224 114618
73369 113279
73933 114168
73437 113379
74594 115943
73921 114220
74917 116221
74102 114405
74389 115149
72989 112626
73762 114003
74642 115690
75113 116569
72922 112685
74379 114956
73963 114507
74956 116184
73354 113161
73997 114479
73830 114063
74209 114475
73516 113218
73528 113501
73510 113639
74099 114413
74269 114721
73833 114041
73998 114192
73720 114098
74358 114874
74526 115216
73842 114257
72474 111597
74484 115429
74732 115801
74015 114799
74575 115142
74374 115046
74092 114798
73820 114141
74562 115237
74489 115263
73572 113664
74143 115129
74616 115678
74806 115862
74725 115806
73539 113613
74098 114596
74541 115367
67505 104297
72839 112294
74380 115253
74854 115880
74269 114980
73990 114558
73867 114156
74005 114181
73943 114701
73326 113452
73361 113284
72418 111830
74408 115019
74710 115875
75192 116868
72877 112490
73390 113305
75133 116302
74227 114635
74581 115264
73786 114137
74684 115472
74201 114877
74183 114717
71927 110828
74251 114980
73383 113372
73104 113269
74146 114899
74655 115586
73740 113543
73609 113793
73356 113229
74761 115835
74624 115489
67226 103643
74426 115079
73642 113754
74397 115179
74515 115417
73264 113375
73251 113490
