50685 79907
51325 80763
50185 79297
50373 79272
50748 80049
51275 81022
50683 79895
51269 81035
50617 79763
50302 79540
50731 80006
50716 79980
51283 80753
50638 79771
50744 80302
50246 79370
50259 79419
51292 80790
50262 79454
51356 80873
50695 79955
51076 80604
50656 79829
51036 80222
50474 79524
50633 79796
50784 80130
50765 80071
50791 80181
50667 79823
50735 79982
50713 79914
50248 79358
50677 79898
50703 79929
50736 80036
50745 79991
50641 79774
50251 79408
51270 80668
50693 79908
50726 80022
50721 79941
51002 80267
50183 79312
51257 80700
50714 79952
51414 81016
50753 80077
51140 80640
49871 78751
51261 80628
50332 79187
50716 79942
50241 79398
50226 79366
50233 79336
50705 79947
50743 80004
51264 80638
50739 80001
50195 79331
50554 79849
50715 79961
50212 79298
51336 80827
50535 79804
51208 80561
50735 79965
50214 79327
50470 79514
51237 80640
50523 79818
50694 79928
50769 80081
50349 79241
50220 79301
50578 79924
50715 79950
50714 79943
50737 80019
50777 80071
50313 79143
50594 79684
50724 79789
51213 81053
50723 79951
50672 79890
50782 80114
50335 79208
50739 79997
50353 79277
51343 80916
50647 79785
50361 79225
50457 79511
50541 79834
50468 79460
50299 79521
50711 79967
