21052 35336
21342 35914
21219 35725
21260 35793
21055 35382
21044 35326
21058 35451
21093 35466
21082 35397
21186 35628
21149 35545
21184 35625
21031 35391
20261 34120
21236 35745
20912 35130
21077 35376
21041 35320
21315 35864
20865 35037
21065 35388
21123 35504
21054 35382
21062 35351
21094 35462
21097 35460
21123 35509
21054 35403
20206 34012
21031 35319
20201 33946
21094 35463
21262 35840
21167 35637
21064 35380
21210 35655
21040 35321
21032 35366
21084 35441
21038 35332
21096 35512
21022 35326
21138 35601
20347 34287
21033 35329
21070 35422
21080 35448
21219 35702
20230 34032
20231 34041
21050 35532
20272 34116
21085 35443
21022 35395
21119 35529
21321 35921
21034 35310
20241 34063
21108 35466
21079 35462
21254 35803
21154 35519
20788 34933
21033 35581
21260 35813
21034 35582
21143 35564
20355 34233
21204 35673
21074 35409
21238 35712
21096 35462
21033 35309
21140 35477
21318 35881
21154 35593
21090 35503
21202 35689
21121 35517
21219 35710
21040 35321
21250 35741
21165 35587
20311 34181
21059 35386
21142 35626
21191 35671
21153 35581
20202 34007
21215 35710
20888 35055
20899 35107
21191 35649
20192 34008
21105 35748
21074 35430
21195 35658
21037 35322
20881 35079
21122 35520
