46074 77036
46054 77000
46110 77104
46042 76946
45900 76800
45976 76797
45497 76038
45403 75881
45758 76445
45527 76256
45653 76549
46112 77073
44130 73881
46144 77138
45667 76488
45624 76388
44076 73822
45974 76836
46091 77000
45927 76804
45934 76773
45372 75908
45962 76818
44020 73614
45897 76732
45938 76798
45346 75827
46063 77024
45622 76428
46134 77152
44054 73747
45533 76229
45943 76848
45819 76586
45954 76768
46124 77063
46082 77080
45959 76820
45843 76721
46064 76976
46059 77003
45638 76282
46077 76983
45985 76893
45625 76444
45975 76861
45637 76442
45960 76825
45756 76577
45988 76850
46064 77055
45976 76860
44099 73876
45913 76742
45683 76397
45910 76750
45738 76429
45600 76308
45968 76819
45654 76357
45674 76622
45913 77013
46041 76961
45962 76816
46069 77056
45976 76852
46130 77105
45940 76826
45625 76408
45947 76781
46003 76904
44116 73871
45483 76024
44533 74605
45946 76792
45618 76410
45961 76875
45119 75612
46155 77110
44117 73866
46031 76965
46068 77025
45958 76800
45848 76650
44461 74395
45949 76814
45960 76824
46082 77058
45938 76798
45850 76664
46124 77066
45982 76851
46081 76995
45430 76025
45397 75989
44059 73763
46015 76879
44165 73966
44017 73635
45978 76833
