49491 82775
48773 81540
49371 82611
49442 82753
49195 82337
49409 82689
49468 82696
49432 82769
49134 82336
49833 83539
49313 82547
48342 80994
48953 81981
49369 82615
49291 82453
49201 82434
49345 82477
49431 82780
48937 81941
49306 82561
49300 82483
49020 82079
49176 82453
48582 81229
49475 82736
49426 82720
49382 82559
49292 82487
49298 82376
49924 83696
49496 82914
49122 82151
49290 82441
49540 82850
49190 82413
49422 82783
49787 83432
49039 82025
49140 82396
49337 82522
49432 82627
49312 82438
49128 82199
49550 82865
49407 82759
49495 82730
49170 82427
48884 81803
49177 82378
48973 81951
49334 82648
49296 82491
49131 82387
49321 82598
48927 81816
49123 82187
49003 81896
49522 82967
49013 81943
49175 82479
49685 83212
49442 82717
49428 82775
49448 82677
49040 82190
49157 82412
49071 82144
48937 81971
49292 82452
49323 82554
49408 82684
48937 81969
49325 82543
49487 82808
49384 82518
49534 82932
49179 82421
49169 82465
49382 82637
49434 82804
48991 82018
49305 82477
47975 80111
49727 83364
49494 82811
49013 81978
49455 82795
48990 82033
49467 82651
49585 83031
49335 82466
49414 82686
49370 82571
49340 82499
49407 82713
49037 82103
49300 82483
49717 83396
49552 83000
49082 82055
