18566 31525
18396 31198
18461 31331
18556 31602
18635 31618
18620 31632
18375 31156
18568 31446
18681 31669
18394 31197
18466 31356
18446 31321
18394 31195
18551 31543
18456 31329
18591 31642
18374 31150
18440 31326
18397 31185
18589 31676
18398 31188
18382 31162
18394 31182
18582 31632
18539 31486
18578 31622
18649 31651
18554 31564
18477 31375
18436 31309
18477 31366
18454 31330
18447 31322
18481 31358
18700 31696
18468 31366
18656 31639
18459 31343
18640 31634
18414 31228
18399 31185
18395 31195
18412 31222
18420 31250
18573 31611
18653 31636
18396 31183
18451 31342
18423 31294
18575 31610
18518 31428
18391 31179
18616 31585
18463 31353
18392 31177
18616 31581
18400 31193
18571 31535
18487 31381
18435 31294
18398 31202
18471 31331
18371 31152
18440 31319
18337 31063
18380 31171
18398 31196
18376 31137
18369 31136
18618 31586
18602 31661
18397 31183
18447 31331
18572 31607
18704 31700
18470 31364
18559 31580
18457 31362
18582 31512
18597 31663
18457 31342
18398 31201
18477 31346
18395 31180
18474 31370
18567 31601
18399 31195
18595 31661
18397 31183
18438 31287
18476 31357
18394 31185
18464 31355
18457 31362
18399 31194
18644 31582
18494 31476
18393 31180
18380 31164
18377 31158
