29703 47184
29755 47388
29970 47467
29742 47297
29726 47292
29762 47357
30099 47738
29722 47312
29825 47297
29724 47307
29720 47258
29688 47115
29703 47185
30014 47499
29740 47285
29972 47448
29753 47315
29978 47439
29645 47096
29717 47214
29940 47311
29634 46948
29731 47290
29742 47285
29708 47175
29727 47280
29984 47414
29775 47247
29771 47294
29754 47203
29953 47422
29720 47279
29649 47063
29721 47198
29646 47073
30070 47585
29749 47255
29794 47411
29996 47507
29508 46761
29723 47325
29758 47374
29922 47340
29878 47482
29960 47413
29821 47105
29736 47319
29799 47311
29747 47303
29987 47449
29753 47304
29745 47329
29951 47378
29952 47417
29995 47543
29772 47388
29692 47064
30057 47621
29671 47132
29715 47090
29750 47350
29742 47347
29685 47192
29791 47316
29779 47379
29716 47278
29719 47228
29855 47460
29758 47338
29994 47414
29728 47202
29735 47267
29892 47301
29850 47359
29689 47240
29745 47297
29728 47305
29681 47160
29746 47346
29703 47256
29747 47340
29719 47312
29789 47328
29857 47412
29761 47343
29729 47328
29958 47536
30079 47631
29757 47302
29622 47025
29705 47218
29829 47349
29743 47312
29653 47139
29881 47432
29733 47328
29789 47312
29684 47108
29721 47350
29753 47189
