76156 120340
76324 120502
76037 120111
76358 120586
76345 120512
76354 120563
76375 120613
76262 120416
76029 120047
76444 120673
76363 120554
76271 120647
76296 120492
76198 120387
76210 120260
76350 120567
76216 120437
76273 120681
76028 120056
76056 120125
76066 120131
76340 120535
76278 120368
76188 120364
76364 120606
76353 120591
76003 120003
76033 120070
76372 120648
76329 120623
76366 120674
76340 120601
76290 120492
76336 120541
76228 120294
76363 120594
76273 120199
76245 120366
76326 120498
76363 120559
76259 120448
75999 120205
76210 120411
76103 120154
76261 120364
76288 120404
76124 120366
76207 120256
76073 120105
76247 120636
76372 120378
76210 120616
76352 120611
76218 120445
75778 119833
76179 120209
75165 118958
76402 120471
76309 120498
76385 120614
75639 119793
76102 120390
75409 119484
76413 120667
76351 120555
76336 120608
76186 120343
76316 120493
76298 120813
76561 120975
76387 120606
74274 117209
76367 120565
75329 119169
76419 120647
76311 120464
76328 120576
76154 120310
76215 120587
76378 120640
76240 120407
76131 120314
76180 120183
76289 120483
76305 120515
76226 120480
76356 120579
76315 120468
76292 120424
76349 120546
76311 120780
76360 120631
76240 120436
76131 120277
76156 120194
76312 120518
76360 120602
76301 120454
76204 120545
76350 120801
