44522 69491
44085 68562
43918 68324
44225 68874
44295 69008
44414 69522
43972 68433
44028 68583
44310 69065
43695 67704
43833 68217
43891 68298
40331 62470
43363 67278
43725 67858
42781 66417
43178 67079
43986 68464
43022 66664
43929 68159
43931 68289
44538 69433
43633 68001
44057 68368
43475 67709
42843 66643
42358 65442
43825 68225
43853 68287
44529 69652
43228 67069
44157 68723
42956 66667
44370 69177
44411 69290
44060 68735
44066 68657
43948 68219
43975 68227
43877 68282
44051 68699
44019 68496
44029 68498
43686 67801
42975 66656
43775 68198
43361 67116
43501 67612
44488 69670
43641 67592
43423 67316
43797 68321
43597 67844
44158 68834
43571 67602
44194 68882
43591 67761
42462 65630
43721 67974
43643 67941
43778 68015
39720 61450
43680 67948
43514 67664
43686 67978
43298 67472
43384 67290
42932 66583
42957 66774
44421 69045
43568 67804
43200 66861
43092 67193
44981 70326
44166 68826
43917 68332
43391 67197
43741 67631
43342 67211
44026 68622
43583 67587
43467 67578
42696 66292
42866 66688
43301 67454
44207 68932
44022 68601
43320 67219
44217 69042
41706 64467
43770 68021
42595 66064
43421 67428
43304 67313
43206 66966
43387 67446
44495 69477
43322 67292
41665 64641
43569 67630
