55043 85283
55201 85613
54925 85069
54788 85028
54029 83596
54589 84416
55393 86073
55653 86272
54875 84983
55053 85457
55662 86391
54876 85034
55095 85372
54691 84689
54990 85506
55097 85340
55226 85587
55957 87010
54683 84626
55303 85866
54711 84644
53938 83502
55090 85294
55513 86206
54981 85182
54819 84722
50278 77777
54823 85112
55521 86055
56086 87127
54797 85190
55181 85510
55187 85607
55026 85169
54805 84709
55404 86016
50288 78016
53872 83387
53525 83031
54520 84517
54667 84633
55316 85832
54915 85250
53864 82965
55441 85962
54764 84836
54239 83930
54931 84812
54722 84567
55363 85845
55263 85423
54978 85380
55009 85046
55645 86440
53523 82591
54770 84793
54842 84789
55350 86031
55649 86683
56251 87501
55604 86396
55976 86766
55108 85467
55056 85341
55756 86461
54234 83925
54240 84153
55212 85865
53996 83657
54855 84921
55122 85242
55341 85652
54759 84887
54997 85083
55141 85667
55055 85088
53900 83280
55627 86271
49329 76057
55538 86052
55029 85355
54988 85373
55415 86213
55180 85529
54221 84098
55015 85111
55777 86799
54405 84246
55921 86969
54449 84076
55183 85590
54076 83443
54778 84830
55330 86102
54471 84143
49967 77125
55886 86756
55350 85872
55371 86114
54106 83852
