35181 58916
35333 59108
35240 58936
35168 58877
35385 59306
35457 59450
35455 59278
35504 59460
35396 59170
35504 59388
35267 58966
35457 59261
34730 58163
35480 59414
35579 59674
35442 59321
35325 59151
35481 59418
35475 59324
35383 59208
35536 59443
33878 56849
35300 59091
35488 59501
35466 59403
35487 59374
35127 59155
35168 58858
35143 58870
35446 59337
35662 59718
35379 59261
33883 56861
35528 59584
35387 59215
33850 56780
35353 59232
35474 59314
33877 56825
35464 59392
35412 59348
35399 59323
34782 58360
33970 56907
35194 58960
35088 59113
32722 54785
33845 56749
35235 59007
35465 59298
35551 59627
35511 59496
35334 59275
35431 59458
35427 59404
35553 59459
35518 59439
35440 59353
35433 59408
35407 59321
35303 59111
32710 54755
32764 54850
35621 59609
35061 59007
35489 59473
35472 59420
35475 59315
35407 59250
35654 59598
35440 59283
35453 59327
35396 59310
35389 59290
35428 59400
32635 54682
35515 59392
35192 58904
35236 59000
35505 59463
35508 59492
35503 59476
35600 59532
35558 59626
35437 59440
33991 56969
33971 56996
35576 59523
35480 59434
35289 59184
33881 56838
35412 59226
35412 59400
35544 59440
35492 59439
35456 59422
35514 59416
35353 59220
35566 59515
35471 59423
