61551 102693
60392 100893
61375 102404
61559 102714
61453 102590
57879 96504
61439 102703
58187 97095
61455 102521
61514 102604
61434 102693
61456 102495
61417 102426
60685 101440
60766 101545
58275 97196
61503 102579
61445 102476
61062 101848
60780 101600
61360 102356
61441 102500
61484 102541
60063 100194
57084 95209
61413 102424
61280 102459
61234 102225
58269 97204
61186 101997
57882 96546
58011 96772
58287 97275
58098 96910
61432 102644
60596 101383
60071 100220
57798 96403
58304 97297
57794 96413
58173 97065
60719 101485
60227 100509
59609 99635
61321 102277
61454 102491
61403 102390
61573 102681
58207 97076
61289 102488
61127 101899
60228 100476
61470 102640
58174 97086
61070 101940
60729 101521
61129 101975
57837 96483
60167 100348
61395 102521
60722 101500
58141 96984
61293 102410
58164 97039
61269 102199
61438 102453
61258 102285
61131 101882
58196 97107
61393 102486
61543 102675
61240 102362
58308 97276
60158 100337
61293 102326
61392 102436
61449 102535
61566 102724
61444 102488
58171 97022
61566 102757
61435 102460
57241 95549
61620 102865
61365 102498
58140 96980
60834 101737
60167 100394
61271 102264
61208 102043
61443 102481
61111 101917
61441 102561
61603 102778
61433 102554
60283 100659
60108 100342
57185 95365
61448 102470
61433 102452
