9082 14362
8758 13871
8945 14197
8821 13951
8445 13478
8922 14224
9094 14445
8844 14073
8761 13894
9223 14654
9045 14326
9021 14434
8858 14109
9291 14933
8669 13718
8995 14310
7793 12290
9129 14681
8736 13745
8789 13962
8784 13945
8810 14013
8862 14054
8722 13719
8850 14129
9154 14527
8415 13314
8790 13835
8965 14176
8913 14108
8950 14155
8074 12728
8754 13900
9150 14529
8957 14163
9241 14791
8650 13729
9189 14577
8972 14282
8980 14247
9136 14582
8930 14142
9010 14304
8817 14082
9185 14720
9243 14742
9073 14485
9113 14462
9196 14721
9024 14405
8995 14254
9019 14278
9104 14482
8876 14054
9112 14524
9141 14646
9033 14295
8932 14194
8615 13478
8898 14125
8943 14144
9250 14939
8751 13912
8742 13837
8745 13798
8944 14109
8940 14058
9043 14303
8014 12563
8818 14021
8175 12948
8963 14138
8532 13528
8902 14037
8744 13832
8976 14242
8650 13705
9075 14345
8682 13690
8774 13975
8837 13983
9017 14348
8245 12980
9048 14367
8879 14096
8840 13976
8944 14182
8985 14160
8260 13056
9070 14327
8671 13601
8861 14092
8740 13910
8975 14156
9052 14428
8815 14004
8915 14204
8869 13969
9242 14743
8647 13594
