39272 62258
39340 62371
39271 62391
39288 62284
39306 62291
39588 62813
39601 62843
39279 62313
39198 62202
39321 62320
39653 62901
39182 62055
39243 62215
39469 62624
39234 62228
39541 62681
39249 62215
39261 62193
39227 62247
39353 62419
39206 62091
39571 62892
39286 62289
39676 62856
39183 62043
39204 62116
39278 62352
39755 63128
39577 62775
39527 62720
39180 62179
39555 62686
39584 62923
39514 62650
39263 62239
39464 62531
39192 62159
39485 62734
39688 63061
39012 61900
39213 62217
39299 62303
39328 62357
39254 62258
39244 62255
39491 62569
39156 62286
39250 62239
39303 62372
39169 62095
39577 62742
39627 62889
39305 62325
39219 62212
39418 62552
39276 62377
39528 62739
39239 62254
39302 62341
39620 62827
39602 62828
39673 63021
39400 62540
39463 62621
39110 62193
39342 62397
39341 62452
39391 62498
39257 62241
39271 62437
39060 61924
39580 62760
39350 62395
39629 62876
39575 62767
39271 62263
39519 62712
39297 62275
39073 61955
39242 62204
39264 62268
39831 63114
39195 62176
39274 62278
39582 62750
39442 62493
39583 62766
39199 62164
39201 62112
39951 63467
39633 62883
39262 62274
39331 62370
39182 62095
39670 62799
39637 63024
39503 62683
39043 62063
39484 62516
39212 62212
