39441 65882
39540 66077
39339 65713
39298 65804
39444 65882
39389 65830
39439 65884
39560 66095
39448 65906
39559 66094
39393 65837
39454 65885
39311 65563
39473 65920
39447 65898
39540 66051
39082 65444
39435 65903
39207 65521
39537 66083
39533 66017
38919 65121
39108 65524
39431 65906
39446 65934
39322 65921
39682 66279
39118 65491
39505 66013
39549 66082
39258 65549
39429 65872
39513 65915
38668 64651
39388 65764
38239 64021
39403 65853
39339 65825
39526 65988
39119 65578
39371 65741
39247 65595
39294 65531
39467 65943
39294 65911
39535 66039
39428 65851
39433 65912
39530 65950
39438 66148
39432 65815
39416 65851
39443 65896
39441 65904
39614 66129
39537 66084
39425 65888
39458 65923
39402 65871
39393 66040
39489 65953
39568 66072
38581 64621
39522 66053
39441 65888
39423 65870
39430 65880
39324 65877
39280 65598
39577 66082
39404 65910
39106 65520
39564 66150
39446 65868
39235 65504
39446 65907
39280 65512
39277 65607
39307 65830
39383 65757
39446 65893
39575 66109
39545 66060
39114 65558
39219 65666
39397 65830
39119 65483
39388 65783
39440 65926
39598 66097
39294 65696
39135 65570
39435 65881
39506 65917
39090 65501
39316 65653
39557 66133
39367 65969
39263 65535
39292 65721
