20009 33613
19443 32660
20008 33620
19879 33368
20292 34269
19476 32724
19637 32947
20037 33685
19437 32645
20007 33646
19464 32723
19522 32840
19447 32713
19497 32800
19873 33358
20293 34264
19975 33589
19556 32943
19425 32659
19480 32746
19444 32659
19986 33592
20357 34395
19572 32951
19917 33442
19447 32669
20158 33945
20026 33683
19505 32748
20054 33697
19444 32661
19452 32699
20017 33647
19447 32674
20519 34672
19502 32746
19909 33450
19481 32737
19486 32763
20536 34683
19480 32737
19451 32703
19483 32749
19458 32725
19439 32651
20461 34649
20031 33672
19519 32845
19458 32718
19497 32736
19845 33322
19877 33384
19482 32756
20582 34805
20549 34715
20012 33652
20187 33992
19500 32790
19444 32666
19520 32850
20490 34565
19458 32682
20268 34156
19444 32672
19501 32830
20034 33685
19444 32692
20048 33722
19483 32724
20028 33651
19462 32719
19450 32702
19874 33369
19448 32698
20119 33961
20492 34569
19458 32669
19472 32768
20263 34232
19432 32663
20496 34577
19470 32755
20292 34292
19440 32654
20238 33988
19451 32705
20542 34768
19448 32700
20543 34670
19471 32731
19959 33523
19877 33365
20288 34248
19432 32664
19445 32668
20374 34468
20154 33945
19483 32747
19439 32651
19448 32718
