30460 47677
29877 46475
30272 47145
30313 47317
30248 47297
30672 48124
30536 47821
30257 47059
30866 48300
29729 46116
30035 46972
30393 47446
30108 46849
30021 46760
30195 46891
30829 48362
29903 46499
30437 47666
30113 46784
29826 46285
29578 46013
30196 47133
30333 47269
30413 47512
30453 47582
30654 47872
30643 47878
30612 47813
30367 47305
30404 47529
30473 47657
30233 47095
29867 46460
30221 46861
28966 45144
30194 47145
29986 46794
30408 47332
30410 47437
30443 47437
30871 48072
30490 47629
29988 46661
30018 46595
29903 46451
29888 46599
30711 48059
30392 47310
30521 47709
30801 48310
30250 47285
30269 47230
30263 47181
30342 47510
30478 47681
30534 47646
29709 46202
30308 47305
30001 46744
27385 42550
30328 47265
30524 47825
29102 45206
29735 46372
30587 47868
30101 47060
29795 46484
30136 46875
27531 42802
30211 47082
30689 47943
30379 47508
30155 46952
30748 48040
30329 47460
30290 47252
30078 46771
30538 47680
29826 46474
29967 46499
30198 46996
29854 46658
30079 46863
29417 45648
30490 47433
29970 46723
30256 47160
30248 47181
30116 46861
30481 47582
30566 47914
30347 47249
29340 45610
30571 47761
30383 47371
30136 46793
30242 47123
29928 46561
30649 47880
30841 48520
