67978 107193
68488 108212
68322 107990
68343 107976
68411 108100
68402 108082
68442 108149
68038 107387
67964 107215
68132 107568
68361 107981
68225 107804
68353 108008
68066 107419
68908 108913
67969 107270
68390 108052
68263 107754
68417 108192
68074 107621
68527 108302
68562 108183
68724 108629
68099 107640
68825 108756
68482 108311
68370 108042
68409 108114
68379 108131
68375 108107
68964 109075
68554 108210
68828 108801
68339 108039
68080 107548
68652 108494
68205 107738
68392 108111
68373 108096
68387 108076
68374 107875
68150 107572
68439 108200
68312 107731
68813 108737
68181 107666
68412 108132
68204 107693
68026 107311
67942 107432
68375 108044
68397 108084
68074 107420
68010 107431
68365 108052
68395 108114
68036 107342
68404 108035
68104 107544
68533 108214
68029 107327
68387 108136
68165 107647
68485 108238
68124 107456
68866 108861
68548 108349
68388 108126
68013 107296
68269 107800
68348 108062
68896 108864
68823 108734
67779 107165
68032 107350
68350 108038
68213 107750
67981 107273
68129 107643
68102 107512
68346 108028
68101 107487
68375 108042
67903 107250
66715 105105
68409 108013
68370 108079
68309 107924
68383 108012
67910 107157
68113 107494
68114 107466
68576 108210
68324 107966
68400 108122
68369 108041
68722 108622
68402 108064
68746 108634
68451 107984
