76048 119740
76064 119751
76593 120699
76075 119897
75973 119830
76243 120234
76010 119683
76535 120624
75994 119650
76525 120535
76349 120042
76025 119745
76046 119859
76057 119745
75997 119657
76461 120351
76022 119671
76102 119827
79617 125476
76440 120216
76468 120321
75985 119622
76180 120023
79735 125636
75999 119683
76052 119770
76146 119912
76443 120308
76686 120828
76216 120053
75784 119286
76029 119740
76452 120326
76460 120333
79906 126110
75969 119615
79911 125867
76560 120638
76060 119724
79742 125735
76066 119799
75997 119616
76236 120116
76831 120962
76022 119722
76511 120306
79932 126168
76614 120668
76011 119720
79872 125799
76011 119680
76103 119832
79646 125537
76451 120381
76882 120863
76538 120531
75996 119639
75984 119619
75904 119498
76033 119723
76005 119683
76159 120002
79728 125698
75996 119676
79727 125697
76868 121005
76594 120663
76055 119791
79924 126091
76178 120045
76075 119853
79784 125713
76084 119874
76426 120270
76106 119951
75991 119687
76002 119614
79665 125557
76278 119994
76076 119806
79728 125732
76025 119707
76136 119954
75934 119640
79845 125681
76243 120164
76195 120022
75938 119521
76635 120795
75994 119675
79842 125683
76098 119876
76191 120032
76009 119717
76190 119948
75995 119658
75451 118764
75999 119644
79758 125751
80021 126015
