11355 18199
11335 18197
11239 18027
11208 17944
11181 17901
11437 18369
11290 18130
11167 17863
11196 17912
11195 17937
11292 18113
11325 18181
11331 18203
11257 18052
11333 18178
11208 17941
11335 18210
11378 18234
11209 17960
11325 18173
11227 17997
11173 17885
11167 17902
11211 17967
11170 17877
11299 18108
11327 18160
11369 18231
11290 18112
11284 18085
11288 18080
11357 18222
11222 17980
11192 17935
11178 17911
11285 18115
11291 18098
11321 18146
11226 17980
11412 18297
11358 18247
11291 18111
11311 18152
11401 18291
11284 18111
11183 17934
11261 18047
11288 18114
11221 17947
11224 17992
11193 17887
11204 17945
11223 18006
11207 17913
11165 17826
11322 18153
11213 17944
11176 17955
11201 17922
11251 18035
11219 17961
11322 18172
11180 17906
11198 17951
11315 18159
11116 17738
11170 17876
11200 17907
11303 18145
11378 18255
11320 18141
11329 18205
11229 17993
11196 17907
11211 17942
11220 17990
11313 18114
11201 17956
11465 18397
11283 18071
11226 17969
11432 18355
11321 18159
11208 17975
11244 18032
11354 18232
11221 17978
11343 18156
11239 18036
11214 17967
11421 18323
11198 17939
11304 18178
11223 18006
11220 17962
11414 18314
11319 18129
11382 18241
11381 18259
11169 17883
