40748 63173
41106 63808
41206 63702
40967 63633
41712 64986
41271 64378
41741 65084
40733 63213
41123 64018
41503 64684
40774 63328
40873 63506
40813 63514
41465 64700
41427 64333
41372 64539
40733 63151
37241 57554
41349 64215
40492 62750
41111 63968
40870 63473
41162 64171
41190 64070
42103 65802
41300 63927
41122 64228
41808 65076
41025 63662
41269 64205
40432 62791
41404 64625
41499 64896
41329 64174
41322 64180
41844 65313
41600 64473
40771 63376
41110 63835
41029 63715
41580 64772
41433 64478
41194 63821
41006 63626
40312 62476
41150 63892
41012 63571
41313 63993
41622 64952
41183 64161
41680 64791
41836 65302
41241 64197
41398 64366
41236 64262
41035 63648
41610 64925
40626 63029
41556 64677
40680 63266
41159 64060
41247 63880
41225 63935
41685 64973
41997 65531
41067 63735
41513 64631
41632 64830
41487 64495
41188 63869
41334 64173
41776 65157
40756 63262
40357 62470
41224 63766
40790 63467
40383 62484
41691 64982
41107 63828
41044 63710
40215 62568
41607 64942
41189 64080
41424 64452
41724 64846
41385 64377
41129 63999
40746 62963
41183 64164
40680 63054
41748 65024
41770 65204
40318 62638
40624 63001
41184 64200
41445 64574
37637 58309
41408 64514
41316 64384
40723 63126
