6127 10385
6569 11300
6577 11331
6156 10477
6174 10487
6128 10387
6127 10408
6176 10480
6181 10526
6584 11316
6576 11299
6417 11026
6150 10441
6571 11289
6168 10471
6154 10459
6156 10450
6162 10470
6226 10590
6155 10450
6569 11279
6169 10471
6129 10386
6435 11041
6128 10387
6206 10553
6130 10388
6205 10556
6169 10478
6138 10425
6160 10459
6587 11317
6545 11232
6159 10463
6250 10659
6536 11197
6228 10592
6169 10484
6222 10589
6236 10608
6167 10471
6210 10553
6128 10387
6266 10678
6128 10386
6379 10929
6214 10581
6150 10442
6178 10516
6539 11206
6172 10482
6553 11253
6134 10421
6228 10592
6284 10735
6092 10371
6129 10440
6210 10555
6163 10462
6548 11250
6110 10366
6179 10495
6205 10557
6127 10385
6203 10553
6161 10474
6201 10533
6163 10474
6510 11151
6128 10385
6189 10520
6163 10472
6567 11283
6169 10473
6187 10518
6206 10553
6132 10425
6394 10981
6177 10487
6194 10541
6521 11170
6197 10524
6160 10465
6158 10464
6173 10483
6239 10618
6259 10691
6184 10517
6196 10516
6149 10440
6240 10628
6545 11182
6573 11311
6158 10476
6188 10534
6385 10962
6206 10555
6182 10503
6171 10495
6569 11285
