16876 28532
16822 28476
16830 28521
16822 28502
16822 28463
16871 28513
16805 28457
16915 28699
16831 28499
16828 28502
16919 28708
16817 28466
16826 28438
16517 27947
16807 28463
16924 28664
16914 28636
16794 28416
16815 28455
16563 28037
16808 28479
16562 28029
16822 28488
16937 28726
16742 28310
16586 28072
16817 28449
16851 28591
16800 28440
16815 28458
16851 28494
16805 28392
16822 28478
16841 28561
16795 28407
16804 28423
16866 28558
16820 28462
16879 28613
16969 28801
16577 28064
16804 28451
16649 28171
16781 28377
16583 28089
16810 28444
16541 28019
16869 28608
16822 28472
16937 28652
16632 28132
16895 28564
16825 28501
16812 28482
16789 28432
16819 28481
16947 28689
16661 28103
16634 28138
16672 28253
16799 28405
16878 28526
16807 28436
16900 28632
17045 28827
16929 28667
16881 28618
16691 28256
16824 28456
16801 28434
16619 28035
16809 28440
16810 28443
16813 28450
16883 28543
16817 28456
16789 28450
16802 28438
16818 28469
16787 28423
16917 28638
16811 28449
16562 28028
16800 28434
16568 27931
16681 28221
16871 28612
16905 28663
16906 28672
16821 28493
16846 28532
16913 28693
16803 28421
16807 28468
16822 28496
16627 28153
16801 28411
16808 28449
16889 28606
16933 28706
