20800 33148
20789 33095
20784 33137
20712 33012
20795 33155
20664 32943
20784 33106
20804 33170
20582 32761
20779 33133
20790 33152
20780 33181
20842 33245
20782 33141
20692 32987
20819 33177
20760 33149
20663 33009
20787 33126
20889 33370
20523 32752
20788 33102
20761 33094
20778 33147
20811 33200
20593 32762
20571 32677
20792 33164
20657 32921
20777 33124
20767 33090
20669 32968
20773 33118
20790 33145
20609 32773
20614 32794
20867 33322
20862 33293
20779 33150
20873 33317
20836 33249
20783 33144
20777 33121
20796 33150
20776 33141
20816 33186
20771 33106
20783 33144
20685 33058
20793 33170
20786 33153
20849 33230
20600 32785
20771 33098
20611 32809
20809 33178
20809 33189
20807 33147
20819 33186
20785 33108
20776 33107
20841 33260
20872 33339
20581 32745
20788 33160
20786 33103
20793 33137
20781 33105
20809 33182
20821 33226
20801 33148
20819 33214
20727 33017
20734 33031
20772 33098
20778 33101
20800 33169
20806 33166
20885 33263
20818 33203
20795 33163
20784 33125
20777 33110
20819 33185
20798 33153
20784 33092
20797 33163
20795 33145
20625 32827
20749 33102
20611 32838
20764 33057
20806 33208
20799 33226
20673 33062
20633 32844
20851 33291
20738 33074
20779 33092
20800 33152
