12003 20458
12080 20622
11977 20386
12034 20540
11943 20318
11919 20242
11999 20503
11977 20393
12114 20650
11938 20348
11925 20279
11926 20269
12087 20613
12004 20451
12098 20654
11996 20444
11933 20290
12028 20476
11949 20330
12040 20518
12043 20522
11985 20399
12034 20506
11920 20245
11919 20241
11972 20376
12153 20784
11969 20383
11986 20384
12047 20518
11927 20280
11984 20388
11932 20277
12032 20485
11967 20340
11931 20287
12096 20652
11960 20356
12057 20552
12086 20575
12002 20441
11980 20367
11916 20300
11937 20289
11943 20369
12062 20576
12091 20626
12085 20612
12060 20540
11790 20049
12017 20485
12004 20451
11935 20312
12080 20618
11925 20265
12002 20454
11941 20309
11973 20418
12046 20546
11865 20136
12009 20425
11922 20245
11947 20327
11959 20349
12054 20554
11936 20342
11983 20423
12012 20473
11878 20174
11927 20284
11637 19807
11918 20241
11917 20238
11947 20328
12039 20534
11973 20396
12052 20520
12031 20507
11924 20259
12002 20466
12001 20434
12047 20540
11957 20355
11915 20240
12087 20611
11964 20356
11952 20322
11916 20239
11990 20402
12094 20631
12062 20565
11954 20352
12106 20642
12105 20663
12086 20611
12006 20476
12010 20454
12023 20462
11921 20245
11976 20362
