38848 65033
39238 65796
40016 67200
38830 64962
38828 65044
38836 65037
38886 65131
38852 65077
38808 64957
39754 66697
40004 67114
39269 65644
39153 65418
39280 65771
39266 65610
38374 64306
40128 67398
40145 67417
39739 66295
38834 65014
40009 67098
40119 67246
38829 64973
38833 65005
39729 66352
40079 67269
38599 64460
39685 66275
40120 67302
38825 64961
38750 64832
38020 63562
39268 65785
38871 65065
38870 65097
38939 65132
39282 65709
40121 67369
38800 64980
38801 64947
40022 67136
38906 65099
40005 66869
38758 64777
39046 65295
38803 64943
38799 64945
38823 64990
38830 64994
38824 64991
39993 67148
39033 65271
38785 64909
40210 67397
39153 65375
38229 64018
39999 66975
38891 65135
40026 67173
40132 67385
39966 66855
38378 64301
39331 65782
39366 65940
38718 64848
38820 64976
38785 64914
38079 63663
38945 65218
40427 67606
38864 65050
39371 65984
38550 64407
38811 64947
38871 65110
40065 67263
38886 65119
38715 64859
38789 64901
38800 64921
40026 67169
38760 64870
39323 65857
38768 64781
39383 66017
39371 65855
39734 66355
38781 64926
40119 67372
38814 64914
38926 65215
39711 66211
39466 66047
38808 64955
39818 66800
39751 66454
38819 64974
38638 64526
38774 64815
39748 66557
