41942 66510
42049 66655
40506 64149
40619 64336
42197 66915
42061 66618
42106 66761
42068 66748
42275 66948
42100 66749
42067 66712
40514 64143
40541 64211
40632 64396
42093 66769
42210 66910
42042 66679
42055 66690
42051 66674
42076 66665
42136 66817
40319 63816
42140 66837
42253 66912
42454 67243
42067 66706
40245 63718
42134 66817
42149 66853
40528 64199
42067 66712
42246 66984
40456 64105
42113 66798
42117 66815
42282 66815
42065 66753
42067 66746
42147 66792
41959 66584
42168 67051
42101 66762
42243 66892
42157 66749
42049 66626
41973 66484
42111 66764
42377 67124
41912 66497
42357 67241
41928 66505
42167 66747
42090 66742
42149 66878
42357 67004
42111 66781
40643 64127
42054 66677
42430 67437
42051 66645
42198 66910
42032 66644
40489 64079
42089 66708
40514 64140
42138 66820
42099 66794
42129 66803
40505 64179
40589 64288
42205 66920
42067 66652
42156 66683
42161 66914
42127 66876
41939 66542
41943 66542
40549 64193
40502 64109
41876 66402
42066 66697
40247 63684
42118 66798
41916 66504
42032 66626
42146 66804
42201 66955
42068 66640
42136 66836
41958 66546
42217 67030
42043 66612
41970 66545
42077 66733
41912 66475
42053 66663
42457 67462
42144 66676
42251 66960
42170 66757
