32901 52178
33885 53724
33869 53625
32891 52118
33544 53219
34036 54006
33793 53650
33584 53285
33756 53434
33747 53463
32722 51652
33495 53120
33573 53259
32800 51832
33829 53605
33597 53384
33761 53455
33823 53572
33802 53521
33825 53550
33843 53662
33863 53662
33768 53447
33801 53522
33810 53501
33930 53789
33761 53424
34038 53982
33955 53698
33518 53173
33843 53623
34100 54021
33833 53591
33566 53299
33122 52425
33479 53151
33869 53627
33827 53609
33954 53871
33502 53137
33743 53345
33825 53551
33789 53500
33756 53420
34036 53989
33769 53425
33756 53441
32850 51884
33764 53458
33487 53081
33822 53557
33258 52546
33062 52247
32707 51636
33461 53030
32794 51758
33510 53144
33744 53462
33606 53359
33861 53687
32808 51807
33838 53578
33801 53493
33131 52406
33802 53500
33553 53254
33816 53547
33742 53400
33514 53244
33734 53369
33749 53454
33833 53606
33958 53836
33840 53599
33576 53248
32828 51849
33587 53276
33370 52722
33820 53564
33848 53593
33827 53554
33821 53552
33527 53155
32858 52086
34067 54068
33622 53434
33810 53522
33748 53389
33547 53224
33162 52506
33754 53434
33776 53489
33862 53611
33813 53530
34094 54092
34073 53933
33839 53619
33755 53392
33685 53329
33762 53424
