41625 69524
41351 69324
41642 69542
41308 69246
41745 69835
39062 65299
41681 69668
41588 69700
41255 69153
41912 70171
41870 70058
41701 69689
41729 69805
39104 65386
41583 69734
41314 69239
41672 69635
41799 69850
41339 69301
41623 69523
41326 69230
41271 69079
41627 69522
41669 69633
41168 68922
41670 69637
40895 68404
41639 69617
41297 69191
39072 65326
41676 69646
41605 69489
41719 69767
40804 68372
41826 69965
41674 69642
41195 69031
41732 69841
41746 69806
39230 65575
41806 69928
41273 69130
41865 70059
41868 70039
39377 65713
41690 69672
40872 68314
41836 69973
39244 65660
41607 69512
41745 69876
41233 69074
41866 70010
41572 69431
41695 69707
41277 69157
41669 69628
41664 69637
41667 69638
39038 65286
41421 69387
41073 68837
41336 69272
39081 65347
41130 68983
41283 69153
41814 69964
39064 65320
41688 69701
39336 65679
41345 69294
41604 69524
39371 65701
39288 65704
41836 70005
41806 69871
40750 68339
41330 69272
41721 69778
41638 69561
41686 69680
39811 66708
41639 69613
41675 69661
41643 69656
41687 69702
41824 69960
39350 65672
39851 66732
41831 69977
41604 69521
39133 65452
41218 69092
41630 69532
41225 69047
41654 69646
41369 69331
39304 65751
41840 69981
39738 66581
