57993 96287
58664 97500
58478 97167
58031 96731
58731 97780
58720 97751
57726 96245
58010 96533
58779 97756
58009 96747
58568 97404
58741 97792
58680 97630
57026 94950
58203 96834
57028 95002
58071 96713
58724 97703
57078 95128
58800 97862
58692 97567
58733 97785
58857 97972
57070 95055
58174 97155
58749 97685
58734 97715
58761 97817
58861 97976
58518 97222
58812 97817
57507 95796
57096 95122
58755 97814
57819 96458
57537 95837
58664 97608
58017 96530
58635 97525
58728 97755
58681 97549
58636 97505
58701 97634
58111 96737
58700 97633
58806 97825
58655 97653
58709 97571
58101 96586
57853 96439
58522 97378
57166 95216
58509 97195
57066 95067
58515 97216
58504 97188
58711 97641
58807 97823
57939 96317
57883 96506
58514 97342
58735 97756
57006 95059
57568 95940
58684 97643
57874 96470
58042 96765
57985 96469
57898 96324
58107 96648
58883 98004
57032 95102
58515 97223
57925 96578
58665 97523
58675 97546
58058 96619
58029 96755
58052 96790
57009 94906
58660 97538
58733 97759
57110 95138
58788 97773
57416 95629
58847 97955
58719 97717
58664 97475
57549 95792
58568 97383
57943 96666
58788 97837
58632 97547
57910 96463
58385 97083
58034 96715
57539 95853
58668 97602
58047 96767
58161 96707
