50917 79378
51132 80005
50663 78980
50149 77765
50464 78438
50224 78120
48911 75596
50626 78556
50154 77809
50873 79038
50292 78147
49986 77512
49539 76989
50249 78193
49495 76936
49497 76651
45684 70673
50621 78577
50410 78172
50344 78340
50277 78069
50243 78175
50485 78303
49582 76831
50288 77984
49384 76460
50263 78083
50451 78259
50236 78034
50215 77701
49354 76663
50666 78875
50317 78355
49923 77551
49567 76991
48743 75538
49267 76124
49617 76713
50511 78509
50228 77977
49987 77521
45275 69947
50635 78581
50248 78145
50200 77786
50498 78375
49257 76435
50930 79043
49946 77609
50413 78563
50424 78227
49704 76961
49688 77025
50573 78806
49684 77010
45563 70774
50521 78395
50262 78010
50762 78950
50094 77580
50647 78651
50286 78036
49926 77512
50658 78997
49612 76910
49730 77123
49651 76724
49428 76438
50321 78067
50172 77909
46008 71545
50152 77821
45675 70756
49737 76908
49865 77257
49860 77360
49922 77478
50196 77977
50152 77881
50118 77834
50428 78237
50613 78577
49981 77639
50341 78303
49911 77277
49851 77309
50258 77910
50417 78237
48859 75478
50648 78719
49567 76777
49903 77420
50686 78807
49950 77673
50550 78547
49858 77276
44878 69031
49910 77046
49693 76880
49353 76260
