12608 20172
12867 20653
12924 20745
12613 20154
12948 20805
12880 20625
12607 20152
12954 20806
12731 20424
12605 20146
12859 20656
12970 20847
12961 20833
12880 20704
12892 20684
12932 20777
12935 20717
13121 21145
12891 20705
12615 20181
12876 20689
12938 20784
12975 20850
12604 20167
12861 20679
13009 20907
12974 20856
12615 20154
12728 20410
12888 20658
13080 21029
12900 20743
12859 20672
12623 20178
12891 20700
12862 20593
12733 20406
12875 20737
12855 20659
12880 20620
12940 20789
12944 20788
12875 20632
12882 20698
12875 20695
12886 20648
12865 20672
12939 20766
12872 20616
12613 20180
12887 20704
12868 20707
12610 20152
12617 20167
12616 20191
12887 20701
12843 20567
12609 20138
12728 20389
12891 20663
12887 20663
12611 20182
13083 21007
12603 20141
12615 20164
12602 20136
12610 20177
12659 20229
12608 20128
12955 20824
12914 20759
12612 20181
12616 20171
12851 20567
12611 20152
12956 20812
12611 20153
12610 20164
12612 20179
12888 20697
12614 20167
12956 20805
12861 20584
12852 20576
12884 20695
12900 20697
12605 20159
12865 20673
12938 20777
12608 20166
12621 20194
12609 20165
12613 20169
12611 20172
12618 20175
12858 20611
12823 20552
12884 20715
12852 20579
12610 20146
