20049 31649
19744 30938
20226 31973
20176 31819
20021 31456
19745 31053
19458 30581
20131 31501
19702 30919
19806 31021
19399 30451
19611 30825
19939 31396
19973 31524
19633 30652
20270 31866
19597 30595
19857 31208
19647 30635
19733 30941
20014 31331
17940 27934
20171 31817
19697 30764
19677 30818
18442 29008
18278 28540
19700 30796
20115 31637
18540 29008
19057 29879
19777 30961
19854 31071
19853 31087
19506 30481
20083 31642
19778 30830
20537 32345
19770 31086
19248 30177
20045 31428
19802 31121
19603 30722
19796 31093
19977 31509
20047 31414
19977 31258
20077 31724
19769 30927
20046 31441
19585 30692
19737 30743
19988 31598
20169 31756
19680 30845
19771 30879
19963 31541
19591 30504
18919 29366
19959 31466
19286 29954
19995 31390
19984 31185
19628 30593
19762 31067
20172 31642
17625 27478
20063 31502
19879 31357
19957 31401
19794 31066
19819 31057
19844 31135
19667 30851
19842 31277
20432 32244
20128 31763
18311 28676
19857 31014
20547 32414
19946 31344
20161 31813
19770 31081
19954 31402
20055 31471
19733 30841
20106 31642
20064 31614
19754 30842
19973 31237
19574 30711
19740 30973
20443 32251
19803 31096
19574 30519
19778 30991
20051 31442
19378 30333
20150 31721
19921 31269
