77787 122596
78248 122986
78251 123366
78258 123037
78250 122999
77764 122479
78222 123026
78128 123115
78108 123047
78302 123196
77625 122204
77309 121715
77802 122615
78239 123136
78069 122672
78233 123350
77467 121779
78248 123023
78445 123519
78344 123214
78179 122928
77968 122978
77988 122543
78236 123362
78564 123714
78106 122828
78270 123111
77990 122559
78306 123127
78202 123232
78262 123009
78231 123053
78248 123173
78171 122842
78103 123135
78205 122940
78034 123027
77951 122871
78080 123050
77816 122517
78015 122955
77821 122376
78320 123199
78301 123136
78273 123391
78228 123019
77884 122831
78486 123461
78138 123179
77725 122518
78187 122910
78148 122856
78124 122822
78095 122868
78262 123023
78309 123154
78232 123100
78279 123080
77720 122429
78141 123137
78263 123161
78628 123871
77999 122904
78196 122940
78057 122689
78093 123024
78024 122661
78195 122946
78307 123131
78500 123523
78110 123037
78117 123170
77705 122558
78275 123129
78211 123066
78281 123444
78303 123077
78124 123122
78253 123035
78100 123022
78174 122894
78071 122721
78448 123387
78256 123023
78244 123014
78134 122854
78300 123229
78379 123298
77769 122557
78292 123087
77879 122880
78345 123167
77779 122568
78178 122909
78199 122902
78288 123127
78250 122981
78136 122832
78234 123089
78361 123355
