63366 105903
63242 105819
62599 104863
63392 106028
63588 106401
63248 105913
63124 105472
63389 106020
63418 106096
63305 106059
63010 105506
63443 106067
61861 103602
63160 105547
62938 105312
63267 106000
63499 106273
62919 105345
62956 105368
63331 105872
62940 105301
62818 105112
63446 106068
63329 106201
62923 105290
63300 105770
62958 105347
63279 105748
63453 106074
62615 104894
63157 105544
63285 105785
63361 106045
63233 105700
63614 106396
63367 105993
63155 105544
63442 106061
61988 103763
62599 104762
63389 106017
63674 106576
62986 105302
63324 106048
63394 106056
63688 106526
63545 106290
63334 105839
63000 105301
62908 105320
63227 105684
63176 105579
63491 106241
62952 105275
63172 105715
63264 105941
63161 105565
63283 106052
63523 106249
62746 105026
63435 106064
63013 105334
62859 105193
63392 106007
63079 105443
62860 105209
63242 105652
63359 105956
62360 104451
62969 105330
63382 105967
63254 105906
63291 105790
63052 105551
62981 105270
63272 105822
63699 106555
62760 105019
63231 105926
62787 105049
63140 105507
62460 104519
63352 105911
62884 105283
63387 106045
63305 105802
63162 105641
62519 104610
63905 106654
63152 105549
63094 105567
62972 105194
62956 105368
63669 106481
63388 105982
63220 105673
63230 105898
63232 105679
63227 105673
63156 105547
