4901 7838
4963 7911
5092 8154
5184 8296
5044 8083
5155 8312
5227 8453
5162 8313
4619 7278
5244 8436
4954 7871
4990 7972
5050 8074
5070 8221
5244 8465
5100 8113
4824 7681
5096 8169
4931 7823
5068 8029
5276 8500
4957 7872
5214 8367
5290 8574
5223 8441
4728 7492
5213 8378
5043 8081
4635 7389
5013 8040
5236 8416
5118 8247
5001 8009
5094 8077
4745 7601
4945 7852
5161 8248
5168 8316
5116 8284
4939 7826
5314 8588
5127 8177
4898 7715
4740 7534
5134 8190
4513 7125
5161 8321
5028 7973
5227 8429
4936 7888
5084 8106
5164 8207
4967 7993
4952 7935
4784 7621
4938 7796
4936 7955
5281 8531
5153 8314
5284 8610
5117 8234
5115 8199
5147 8274
4949 7923
4800 7647
5151 8262
4889 7856
5057 8061
4857 7685
5108 8137
5223 8386
4963 7860
5257 8583
4662 7352
5254 8434
5101 8116
5066 8163
4840 7688
4849 7674
4827 7646
5090 8122
5304 8567
5081 8138
5201 8314
5035 8098
4885 7802
5163 8268
5226 8422
4662 7400
5103 8180
5026 8017
5198 8298
5255 8433
4973 7812
5090 8132
5142 8268
4749 7604
4968 7965
4996 7982
5305 8591
