77064 119295
74972 115752
77128 119296
76038 117311
77193 119836
76431 118193
77586 120384
76340 118174
76675 118663
75954 117448
76120 117551
76075 117530
76510 118262
76891 119250
76998 119017
76642 118440
76143 117712
76655 118643
77032 119490
74528 114941
76142 117599
69668 107569
69218 106502
76006 117575
76008 117336
76647 118532
76918 119037
76738 118641
76490 118132
76266 118096
76380 118101
77356 119579
76906 119183
75994 117556
76510 118343
76891 118816
77841 120859
75563 116903
75267 115874
77289 119659
77232 119598
76958 119013
77066 119571
74523 114941
76496 118590
76597 118686
75700 116928
76351 118065
77206 119603
75300 116032
77174 119660
77489 120121
76048 117042
76701 118911
77634 120656
76056 117377
76602 118446
74647 115405
76469 118435
76576 118689
76555 118523
76508 118330
76856 119039
76632 118604
76238 117560
76294 117959
77412 119815
76759 118967
76265 117746
75968 117376
75520 116561
76336 117817
76868 119017
76681 118890
76877 119096
77097 119107
76296 117750
77250 119696
75904 117262
77248 119896
76937 118951
75674 116689
76011 117501
75915 117396
77030 119275
76747 118904
74887 115443
77051 119100
77178 119660
77301 119739
74668 115597
76744 118768
68414 105099
76814 118833
75876 117273
76547 118680
76475 118385
77098 119382
77140 119547
75489 116667
