29230 46396
29039 46150
29215 46360
29075 46002
29115 46102
29247 46365
29201 46303
28895 45804
29173 46288
29051 46017
29232 46383
29069 46049
29271 46366
29220 46350
29110 46134
29277 46420
29117 46097
29145 46149
29168 46237
29196 46265
29118 46179
29170 46296
29140 46228
29114 46107
29229 46399
29182 46237
29203 46356
29277 46445
28996 46047
29090 46116
29154 46163
29215 46368
29095 46134
28981 46085
29151 46170
29139 46136
29256 46393
29180 46307
29207 46290
29200 46342
29270 46411
29183 46245
28870 45740
29083 46026
29286 46441
29097 46103
29133 46231
29121 46136
29122 46179
29136 46193
29179 46229
29248 46384
29114 46123
29279 46401
29225 46364
28955 45828
29282 46412
29058 46005
29219 46310
29204 46320
29053 45999
29146 46192
29092 46097
29097 46157
29184 46238
29159 46201
29186 46342
29205 46270
29145 46140
29218 46372
29152 46176
29225 46345
28975 45845
29154 46191
29190 46259
29239 46348
29083 46103
29147 46157
29115 46120
29087 46065
28900 45871
29217 46305
29232 46375
29115 46163
29125 46227
29220 46371
29181 46240
29265 46368
29279 46362
29178 46272
28941 45809
29167 46253
29089 46064
29259 46306
28937 45802
29224 46253
29218 46342
29092 46054
29167 46226
29285 46426
