31724 49519
31962 49884
31422 48908
31769 49517
31637 49308
32041 50119
31052 48257
31090 48244
32247 50413
31115 48314
31587 49220
31414 48905
31425 48944
27568 42550
31912 49813
32285 50484
30805 47791
31854 49554
31688 49568
31578 49218
31759 49393
32462 50826
31938 49670
32013 49962
31665 49491
30240 46852
32083 50096
31948 49768
31473 49039
32021 49895
32009 50003
32017 49947
31593 49234
31538 49048
31741 49561
31924 49876
31489 48892
31057 48145
32314 50500
31836 49655
31666 49560
31779 49522
31854 49667
31867 49494
31024 48118
32437 50902
32229 50355
32246 50312
32144 50035
32370 50700
31773 49593
31839 49820
31822 49689
32714 51220
32104 49991
31904 49692
31436 48906
31831 49572
31545 48986
31822 49499
31685 49154
31694 49505
31892 49689
31184 48478
31118 48250
31822 49847
32061 50232
31866 49738
30727 47644
32217 50239
31902 49738
31358 48913
31846 49826
32020 49834
32104 50189
31940 49655
31429 48973
32435 50947
32140 50117
32161 50308
31464 49054
30988 48162
31852 49752
31553 49178
31183 48614
31535 49038
31407 48910
31749 49642
31805 49657
31094 48290
31868 49590
32238 50416
28858 44828
28718 44630
32070 50075
31526 48998
31817 49703
31041 48146
31728 49388
31381 48924
