2932 4790
2973 4933
2917 4784
2212 3547
2758 4391
2883 4775
2884 4695
2852 4670
2783 4595
2869 4658
2552 4078
2961 4820
2813 4530
2881 4705
3118 5179
2789 4581
2920 4756
3035 4984
2989 4870
2979 4842
3069 5106
2793 4555
2883 4679
2934 4786
2863 4644
2773 4479
2846 4692
2884 4694
2796 4515
2718 4446
2841 4642
2235 3550
2854 4617
2897 4711
2841 4609
2935 4722
2797 4555
2624 4184
2800 4505
2695 4334
2562 4037
2725 4476
2860 4620
2898 4756
2810 4523
2686 4329
2771 4490
2668 4345
2677 4312
2906 4751
2978 4931
2913 4714
2908 4732
2943 4851
3005 4913
2740 4497
2739 4453
2329 3737
2729 4382
2797 4588
2589 4055
2789 4518
2942 4804
2947 4795
2942 4805
2613 4196
2272 3688
2884 4720
2774 4480
2965 4764
2925 4779
2440 3844
2871 4736
2840 4656
2238 3570
2156 3427
2885 4694
2879 4586
2990 4857
2662 4277
2852 4675
2764 4512
2920 4744
2918 4774
2903 4748
2767 4571
2979 4827
2902 4667
2716 4337
2919 4802
2944 4820
2807 4505
2810 4496
2894 4695
2735 4434
2962 4750
2850 4570
2966 4915
2659 4195
2780 4534
