62639 97000
68533 105839
68907 106747
69273 107288
68353 105666
68372 105807
68466 105818
67211 103728
68861 106901
68574 106191
62806 97201
68900 106739
69778 108170
68159 105596
68583 106029
69039 106931
68560 106220
68922 106627
68589 106119
68439 105760
68475 105813
68670 106278
68238 105703
68342 105711
67708 104556
68073 105069
69131 106962
69201 107359
68373 105748
68319 105662
65781 101382
68442 105925
68432 105745
68645 106095
69041 106940
68576 106109
68310 105950
68188 105246
69114 107277
67495 104206
68656 106367
68817 106813
69161 107320
68806 106268
66208 101912
68651 106452
68136 105354
68056 105219
68549 105836
69085 107424
68290 105628
68604 106196
69568 107908
68265 105664
68673 106512
68279 105817
67634 104570
68413 105848
68541 106174
69043 106860
68857 106494
68835 106703
68336 106261
62656 96765
68219 105388
68088 104855
67797 104466
68684 106383
69325 107532
67814 104810
67914 105068
69329 107544
69139 107273
68940 106683
68498 105770
68902 106571
68124 105018
68695 106203
68825 106650
68405 106037
67877 104822
68739 106377
68905 106624
66347 102312
67952 105373
68788 106489
68474 105817
68093 105089
68744 106285
67877 104805
69411 107588
69051 106868
68682 106458
68114 105473
69206 107206
67771 104703
68374 105806
69101 106955
68357 105737
69045 106758
