17797 29952
17554 29707
17512 29690
17550 29576
17645 29784
17748 30054
17733 29903
17691 29839
17731 29847
17677 29854
17749 29887
17756 29903
17568 29751
17744 29869
17577 29602
17618 29785
17758 29981
17752 29905
17548 29685
17563 29735
17601 29729
17595 29652
17653 29829
17746 29894
17751 30081
17799 30034
17795 29945
17741 29860
17754 29879
17616 29750
17581 29717
17742 29863
17743 29860
17565 29681
17593 29740
17759 29920
17743 29859
17729 29844
17571 29776
17600 29754
17819 30024
17328 29240
17750 29903
17674 29851
17580 29626
17579 29627
17563 29572
17645 29832
17615 29809
17353 29279
17793 29948
17319 29218
17579 29633
17591 29694
17719 29844
17761 30084
17637 29784
17679 29772
17773 29945
17764 29915
17738 29857
17704 29841
17557 29566
17544 29663
17686 29839
17548 29597
17472 29396
16751 28203
17621 29760
17713 29863
17588 29627
17710 29832
17684 29830
16733 28259
17325 29218
17510 29546
17740 29852
17753 30063
17561 29577
17796 30102
17566 29587
17676 29859
17583 29735
17073 28884
17740 29865
17683 29904
17546 29568
17665 29873
17720 29891
17735 29902
17597 29766
17743 29933
17687 29830
17716 29875
17741 29876
17739 29957
17616 29728
16718 28255
17772 29944
17460 29484
