42114 66758
42332 67178
42121 66754
42024 66741
40551 64195
42129 66765
42023 66663
42122 66780
40935 64789
42144 66780
40535 64167
40585 64316
42112 66726
40540 64154
42045 66639
42123 66789
41138 65066
42263 66802
42293 67118
42124 66693
42205 66948
40412 63937
40616 64259
42065 66662
42091 66685
40417 63902
42149 66798
42097 66704
42112 66863
42231 66950
42109 66716
42144 66804
42112 66640
40583 64247
42100 66728
42289 67072
42060 66703
42349 67093
42117 66756
42173 66951
42099 66696
42117 66778
42048 66706
42129 66801
42364 67256
42128 66710
40926 64826
42545 67385
42091 66742
42217 66952
42120 66778
42080 66751
40427 63972
42110 66730
42102 66728
42487 67365
42181 66822
42142 66684
41989 66616
40530 64182
42094 66808
42078 66766
42115 66746
42134 66811
42077 66816
42294 67046
42321 66940
42151 66871
42030 66647
42093 66615
42114 66725
42061 66791
42156 66865
42108 66723
42127 66808
40463 63816
42331 67220
42210 66999
42295 66964
42135 66803
40332 63833
42291 67107
42276 67022
40544 64201
42196 66924
40376 63767
42157 66766
42316 67014
42294 67099
42131 66768
42266 66959
40713 64532
40434 63845
40739 64541
40435 64040
40361 63911
40542 64197
42227 66970
40761 64514
42023 66662
