60924 96067
60906 96209
60967 96091
61378 96810
61220 96486
61031 96259
60910 95995
60866 96032
60950 96041
60627 95742
60929 96021
61008 96201
60859 95994
60517 95572
60957 96097
61001 96114
60919 96089
61229 96476
60827 95956
61004 96145
60996 96211
60762 96074
60860 95969
60940 96084
61209 96489
61354 96765
61237 96529
60979 96114
60820 96145
60877 96039
60914 95962
60905 95998
61000 96165
61366 96941
60426 95425
60517 95608
60918 96133
60858 95976
60948 96047
60866 95950
60969 96078
60903 95934
60667 95827
60924 96038
60959 96143
61214 96531
61162 96695
60690 95957
61221 96663
60656 95912
61244 96662
60926 96009
60550 95610
61088 96393
60844 95947
60603 95742
60674 95944
60545 95577
61135 96365
61004 96116
60923 96083
60494 95441
61206 96449
60618 95768
60961 96093
60931 95974
60731 96042
61090 96520
60931 96049
60944 96087
61034 96201
60848 95997
60887 95994
60901 95953
61249 96589
61237 96535
60937 96040
60925 96033
60527 95650
60643 95785
60892 96302
60917 95979
60973 96393
61091 96556
60445 95448
60965 96140
60680 95942
60464 95600
61001 96127
60700 96032
61255 96546
60619 95696
60938 96059
61041 96344
61303 96698
60874 95967
60941 96101
60568 95636
60500 95576
60879 96215
