44978 71180
44330 70276
44184 70029
44362 70280
44213 70107
44342 70267
44369 70390
44465 70473
44993 71322
45123 71399
44276 70216
44402 70381
44726 70791
44672 70726
44922 71072
44558 70561
44244 70117
44294 70197
44769 70719
44834 71027
44798 70798
44107 69855
44271 70123
44917 71016
44728 70634
44122 69903
44146 69983
44374 70313
44985 71211
44293 70282
44294 70234
44233 70057
44387 70353
44389 70380
44231 70133
44375 70334
44182 69989
44998 71176
44898 71007
44379 70310
44368 70325
44372 70334
44434 70443
44180 70024
44935 71133
45005 71187
45002 71179
44382 70353
44148 69958
45052 71183
44398 70385
44660 70683
44394 70346
44752 70928
44995 71194
44406 70457
44372 70319
44218 70094
44737 70844
44671 70734
44405 70458
44386 70345
45005 71230
44255 70120
44391 70345
44393 70367
44259 70125
44587 70671
44381 70309
44319 70221
45016 71179
44217 70113
44383 70301
44381 70346
44738 70816
45086 71312
45055 71132
44385 70330
44203 70108
44232 70161
44157 70026
44393 70385
44926 70954
44719 70823
44266 70202
44660 70711
44399 70390
44250 70138
44247 70120
44631 70681
44742 70827
44392 70414
44387 70365
44232 70146
44556 70632
44229 70128
44948 71174
44406 70358
44211 70125
44272 70169
