56351 93892
56499 94128
55993 93283
56039 93256
56076 93365
56369 94070
56049 93365
56123 93366
56335 93788
56401 93972
55965 93187
56079 93367
56053 93273
55866 93035
56237 93568
56111 93419
56023 93224
56075 93357
56377 93886
56075 93385
56098 93462
55916 93106
56259 93683
56435 94198
56361 93794
56558 94435
56418 94159
56135 93611
56062 93508
56081 93361
56301 93791
56483 94052
56323 94027
56289 93792
56338 93763
56071 93373
56310 93727
56317 94001
55987 93231
56051 93487
56057 93293
56287 93607
56349 94184
56375 93878
56066 93523
56265 93894
56042 93350
56305 93839
56116 93438
55989 93319
56396 93953
56588 94366
56279 93978
56670 94545
56075 93364
56288 93715
56047 93280
56067 93363
55978 93292
56070 93426
56081 93401
56476 94054
56021 93308
56088 93276
56288 93735
56415 93929
55955 93243
56037 93338
56283 93970
56352 93860
56228 93578
54782 91445
56320 93975
56024 93304
56340 93848
56099 93398
56558 94368
56169 93518
56390 93925
56391 93897
56000 93275
56514 94341
56485 93998
56308 93642
56605 94531
56311 94013
56013 93186
56424 94010
56234 93870
56060 93447
55504 92752
56046 93298
56250 93664
56077 93367
56066 93347
55530 92728
56016 93259
56480 94027
56298 94023
55894 93055
