35239 56121
35460 56389
35446 56342
35375 56067
35453 56347
35417 56304
35502 56485
35424 56292
35505 56553
35434 56351
35395 56083
35425 56337
35485 56493
35481 56468
35452 56374
35422 56293
35067 55751
35417 56256
35357 56053
35446 56326
35425 56278
35604 56376
35365 56059
35436 56305
35422 56302
35060 55718
35426 56326
35428 56344
35029 55673
35484 56447
35616 56356
35451 56427
35440 56329
35486 56421
35456 56386
35423 56318
35087 55800
35399 56049
35544 56265
35069 55742
35076 55787
35394 56240
35446 56313
35418 56304
35405 56354
35600 56486
35470 56454
35618 56433
35649 56543
35455 56393
35441 56347
35445 56417
35473 56426
34993 55674
35468 56390
35368 56032
35438 56299
35375 56216
35632 56490
35478 56486
35632 56505
35464 56414
35709 56718
35561 56647
35424 56367
35444 56388
35548 56254
35458 56363
35440 56413
35419 56312
35385 56083
35538 56579
35484 56430
35416 56272
35353 56049
35505 56517
35385 56062
35434 56327
35432 56318
35411 56279
35640 56533
35448 56365
35592 56458
35408 56285
35633 56530
35445 56357
35604 56477
35369 56261
35438 56369
35359 56038
35413 56294
35061 55756
35448 56390
35455 56417
35444 56325
35435 56341
35474 56439
35428 56322
35465 56408
35439 56324
