51683 79669
52926 82305
51873 80207
47881 74212
52773 81900
52116 80685
52644 81525
51883 80312
51239 79095
53329 82687
52597 81638
53297 82907
52523 81404
52627 81720
52805 82126
52962 82336
52998 82164
51926 80441
53077 82494
52945 82341
52430 81452
52692 81676
52929 82337
52300 81154
52095 80509
51735 80285
52064 80805
53500 83186
52510 81618
52924 82126
52277 81248
53035 82465
52480 81340
51375 79628
52364 81072
52630 81587
52273 81133
52156 80901
53295 82881
52080 80774
53267 82889
52114 80880
52319 81022
52589 81691
53656 83462
52737 81811
52061 80792
52527 81469
52854 82144
51490 79811
52432 81145
53322 82833
52858 82178
52752 81856
52930 82147
53020 82087
47985 74358
52928 82039
53264 82879
52676 81814
53549 83331
52765 81820
53017 82527
52814 82092
52220 80739
52074 80533
52393 81286
52151 80635
53179 82565
52900 82306
53042 82411
53194 82592
52967 82103
53190 82455
53149 82515
53172 82448
52751 81765
52859 82176
51797 80275
52500 81418
52545 81243
52015 80593
52504 81423
53384 82790
53555 83496
52524 81576
52320 81030
51614 80323
51946 80720
52777 81908
52401 81222
47741 73805
51624 79692
52539 81678
53020 82184
53103 82450
51622 79722
52898 82109
52777 81886
52410 81284
