9523 15058
9596 15159
9820 15618
9748 15448
9546 15003
9704 15341
9413 14731
9489 14958
9836 15686
9497 14937
9359 14873
9592 15237
9552 15127
9598 15150
9708 15376
9717 15374
9755 15506
9878 15777
9555 15117
8458 13234
8703 13601
9686 15370
10074 16129
9451 14900
9719 15420
9123 14394
9730 15468
9820 15659
9970 15880
9814 15586
9888 15771
9518 14960
9928 15802
9744 15533
9629 15319
9419 14931
9649 15264
10102 16198
9738 15559
9904 15708
9654 15368
9540 15062
9564 15163
9599 15165
9626 15299
9714 15481
9611 15226
9792 15581
9486 14886
8695 13637
9764 15439
9504 14960
9475 15086
9803 15581
9754 15511
8637 13530
8840 13977
9735 15466
9467 14940
9936 15875
10102 16181
9549 15147
9672 15358
9764 15491
9341 14698
9579 15146
9929 15723
9542 15064
9827 15640
8992 14264
9612 15282
9621 15275
9710 15474
9861 15722
9749 15476
9541 15023
9044 14298
9658 15353
9655 15330
9599 15290
9620 15214
9856 15664
9654 15228
9930 15771
9105 14239
9862 15656
9843 15615
9626 15230
9693 15487
9747 15537
9606 15193
9726 15473
9750 15530
8767 13796
8785 13834
9009 14302
9682 15295
9862 15609
9468 14992
9955 15891
