37075 57942
36825 57336
36597 57059
36276 56429
36113 55995
36814 57209
36725 57256
34521 53546
36696 57203
37014 57614
36525 56900
36603 56799
36294 56360
36291 56377
36304 56641
37056 57841
35972 55888
36327 56425
36416 56652
37153 58009
36868 57497
36656 56960
33526 51985
36328 56571
35813 55675
35097 54524
36355 56459
36537 56828
35440 54947
35426 54999
37015 57756
36214 56516
36999 57803
36454 56771
36311 56405
36992 57638
35109 54582
37157 58060
36764 57385
36689 57247
36693 57271
36261 56463
36824 57452
36080 55749
36273 56342
36479 56901
35830 55577
36764 57506
36053 56003
36528 57193
36456 56753
36146 56329
36765 57408
36349 56655
37003 57875
37104 57977
36211 56282
36318 56457
36248 56397
36075 56164
36673 57224
36273 56376
36906 57540
36370 56812
37250 58211
36939 57578
35383 55013
36163 56285
37345 58297
36079 56027
36495 56764
36709 57099
36502 57023
36796 57358
36148 56216
36802 57211
37038 57826
35654 55040
36016 55960
37011 57837
36497 56891
36184 56186
37252 58417
36338 56675
36425 56798
36539 56749
36852 57494
36304 56292
36166 56295
36208 56221
36161 56305
36565 57062
36863 57393
35872 55810
35903 55794
37228 58070
36873 57414
35961 55792
33280 51521
37041 57912
