29136 46117
29107 46091
29173 46264
29132 46141
29080 46080
29250 46341
29067 46056
29277 46388
29155 46212
29141 46254
29107 46074
29099 46135
29296 46448
29114 46117
29091 46188
29111 46124
29195 46323
29050 46052
29237 46317
29135 46140
28917 45777
28906 45706
29024 46028
29204 46272
29112 46138
29141 46165
29173 46238
29211 46305
29110 46088
29107 46103
28927 45778
29181 46267
29120 46154
29251 46413
29143 46178
29123 46149
29134 46132
29131 46172
29120 46139
29128 46119
29084 46062
29073 46077
29062 46031
29273 46407
28961 45869
29139 46227
29082 46032
29284 46503
29207 46357
29214 46333
29181 46272
29150 46144
29164 46297
29083 46103
29160 46270
29120 46082
29143 46265
29090 46074
29112 46078
29057 45986
29080 46001
29242 46442
29144 46210
28959 45777
29155 46206
29180 46237
29139 46118
29161 46211
29187 46254
29167 46237
29156 46205
29056 46000
29124 46108
28963 45875
29186 46284
29221 46224
29127 46118
29198 46319
29302 46430
29089 46040
29124 46251
29190 46301
29158 46236
29107 46165
29116 46190
29079 46027
29203 46339
29208 46346
29183 46338
29157 46177
29099 46147
29178 46256
29197 46362
29172 46295
29156 46197
29219 46340
29041 46025
29155 46252
29155 46244
29148 46219
