76035 117650
73561 113502
67511 104104
74048 114464
75110 116653
74782 115556
74676 115326
74461 115160
75276 116447
75472 116876
75157 116668
75622 117127
75549 117132
73384 113192
74810 115981
74907 115927
74229 114680
74793 115760
74017 114245
75546 117247
75701 117503
75066 116414
75642 117427
74795 115600
74284 114510
74184 114701
73916 113915
74516 115701
75093 116153
74215 114755
73558 113724
74855 115616
75270 116528
74784 115728
75478 116588
74326 114893
75086 115892
73909 114248
75135 116603
75295 116650
75763 117210
73683 113673
74420 115123
75397 116748
74841 115546
74471 115123
74998 115995
76393 118723
75042 116473
74563 115202
74849 115713
75554 117092
73199 112708
74818 115714
74986 116083
75149 116255
75275 116497
75309 116606
75211 116187
73277 113138
75649 117168
74502 115424
74473 115267
75633 116906
75449 116597
74467 114989
74259 115031
74696 115650
75077 116038
75234 116525
75675 117125
74520 114876
75352 116580
73823 114364
75382 116372
75224 116164
74902 115763
74760 115323
75737 117475
74711 115549
74944 116146
75171 116379
74353 114819
73994 114192
76253 118174
74424 115289
75223 116444
74641 114990
75078 116217
75100 116127
75455 117005
74452 115173
74633 115178
75010 116173
75286 116588
74456 114973
75131 116311
75375 116412
74917 115847
74699 115652
