48477 80590
50629 84320
48215 80396
48035 79823
48617 80850
48036 79846
48138 80171
50643 84468
48048 79862
48398 80461
48519 80617
48473 80621
48665 80993
48649 80919
48603 80849
48499 80575
50630 84314
48503 80584
48644 80918
48284 80210
50728 84500
50627 84325
48443 80583
48377 80410
48185 80177
48115 80064
48519 80694
48168 80149
50496 84071
48561 80753
48262 80214
50632 84356
48617 80832
48627 80894
48735 81048
50481 84176
50724 84409
48132 80194
48631 80933
48507 80602
50694 84497
48516 80630
48666 80917
48523 80642
48658 80945
48627 80878
50558 84138
48246 80184
48650 80933
48654 80985
48212 80238
48604 80812
48642 80875
48620 80818
50632 84278
48581 80832
48349 80350
50629 84343
48288 80279
50622 84300
50722 84403
48205 80274
48419 80537
48580 80786
48234 80138
50627 84355
48628 80951
48279 80532
48348 80368
47997 79767
48628 80908
48180 80175
50619 84293
48153 80135
48351 80368
48687 81011
48624 80869
48040 79821
48660 80915
48299 80415
50463 84040
48507 80644
48648 80922
48659 80970
48652 80970
48519 80707
48424 80539
50830 84697
48224 80161
48669 80965
48487 80544
48526 80699
50585 84228
48643 80961
48546 80693
48416 80500
48627 80887
48652 80949
48080 79900
48029 79806
