61840 95756
61922 95890
61890 95571
62032 96142
63240 98547
61347 95049
61614 95243
62267 96462
62298 96776
61683 95668
62086 96156
62033 96064
61136 94489
62028 96076
61743 95552
62827 97278
61781 95289
61823 95663
61961 95788
61646 95461
60400 93102
62068 96280
62643 97219
62493 96904
62872 97582
62290 96664
62423 96828
62330 96333
56721 87760
62429 96711
61901 95838
61972 95668
61624 95241
61853 95423
62106 96227
62661 97175
63103 97812
62707 97054
62512 96732
62309 96381
61586 95377
62106 95937
62158 96369
62618 97305
62073 96159
62104 96211
62109 96329
62589 97169
62567 97026
62875 97487
62050 96189
61852 95566
61936 95688
62162 96547
62671 97204
62418 96811
62099 96208
62695 97247
63121 97946
62523 97043
62328 96592
61861 95428
62221 96472
62833 97445
62834 97458
62486 96791
61339 94880
61741 95381
56535 87486
62428 96965
61115 94416
61947 96073
62867 97476
61864 95777
61876 95629
61730 95286
62233 96434
62069 96192
62562 97297
62732 97520
62243 96326
62018 96191
62913 97558
62061 96158
62439 96661
62337 96513
61935 95799
62137 96081
61968 95965
62558 97160
62397 96504
61981 95877
61957 95913
61231 94725
62599 96966
61542 95184
62059 96016
61794 95707
62256 96520
61819 95588
