13405 21427
13887 22239
13984 22495
13841 22147
14004 22456
14001 22464
14007 22468
13315 21242
13950 22383
13433 21513
13905 22282
13874 22234
13445 21540
13910 22313
13886 22150
13981 22444
13951 22292
13505 21613
13910 22329
13441 21543
14039 22568
13393 21345
13997 22438
13406 21444
13943 22346
13956 22351
13936 22275
13956 22389
13416 21454
14000 22508
14003 22481
13435 21511
13957 22317
14019 22481
13926 22347
14031 22598
13901 22247
13960 22427
13345 21233
14009 22447
14001 22422
13839 22097
14004 22433
13905 22286
13850 22142
13859 22077
13994 22439
13896 22144
13993 22407
13837 22160
13472 21507
13852 22085
13952 22337
13951 22298
13993 22425
13882 22244
14007 22486
13944 22342
13959 22357
13950 22287
13998 22450
13997 22444
13915 22304
13888 22181
14010 22485
13999 22444
13219 21111
13894 22288
13925 22314
13940 22344
13427 21469
13953 22430
13963 22379
13893 22247
13852 22099
13940 22298
14003 22455
13326 21200
13977 22465
13998 22431
14003 22459
13949 22391
13995 22438
13852 22161
13841 22129
13986 22428
13832 22128
13996 22430
13333 21268
13437 21528
13287 21234
13296 21215
14000 22441
13908 22306
13743 21960
13881 22237
13864 22154
13933 22233
13299 21183
13795 22092
