23325 39348
23380 39321
23462 39532
23332 39276
23206 39075
23170 38913
23224 39083
23357 39274
23381 39332
23454 39500
23409 39397
23335 39261
23321 39233
22865 38381
23391 39355
23368 39336
22979 38638
23303 39190
23345 39261
23194 38994
23360 39295
23357 39245
23396 39452
23420 39412
22821 38316
22859 38379
23207 39010
23207 39087
23408 39397
23267 39261
23188 38973
22861 38395
23220 39073
23360 39326
23404 39411
23292 39261
22855 38374
23324 39255
23235 39156
23464 39514
23354 39303
23293 39190
23231 39115
23384 39393
23181 39038
23324 39335
23363 39286
23389 39373
23378 39317
23365 39344
22849 38366
23326 39265
23181 38946
23395 39412
23387 39332
22880 38494
23328 39296
23390 39335
22799 38295
22858 38377
23391 39383
23150 38905
23436 39502
23443 39532
23404 39397
23318 39189
23385 39368
23348 39264
23303 39222
23421 39408
23225 39060
23493 39417
23369 39299
23290 39002
23349 39275
23193 39054
23182 38999
23305 39189
23220 39064
23371 39305
23325 39290
23310 39188
22937 38561
23329 39235
23387 39337
23366 39269
22886 38498
23220 39113
23315 39214
22818 38335
22871 38387
23365 39336
23391 39393
23395 39377
23353 39293
23295 39193
23245 39118
23270 39295
23436 39501
23352 39327
