10724 16962
10372 16377
10625 16771
10546 16625
10753 17065
10517 16678
10625 16844
10610 16773
9212 14346
10115 16037
9179 14241
10458 16510
10495 16555
9422 14801
10579 16766
9504 14844
10444 16474
10469 16604
10621 16783
10332 16334
10575 16772
10359 16295
10394 16422
10236 16085
10577 16680
10686 17054
10263 16270
10514 16571
10889 17395
10437 16556
9704 15275
10255 16316
10356 16399
10595 16883
10662 16935
9658 15190
10397 16392
10452 16470
10556 16732
10214 16056
9497 14883
10541 16667
10690 16997
9828 15548
10551 16712
10755 17019
10377 16346
10727 17080
10323 16242
9969 15677
10439 16521
10797 17140
9539 14994
10720 17003
10542 16612
10782 17197
10103 15915
10652 16960
10590 16743
10279 16113
10359 16331
10221 15994
10487 16494
10867 17392
9894 15447
10499 16604
10476 16515
10337 16354
10428 16388
10549 16739
10551 16719
10607 16764
10694 16995
10375 16343
10433 16569
10416 16332
10325 16338
10324 16274
10404 16499
10439 16446
10678 16872
9590 15073
10682 16872
10473 16486
10522 16597
10518 16691
10173 15958
10693 16979
10529 16661
10722 17040
10190 16064
10577 16844
10245 16101
10486 16540
10256 16128
10444 16576
10917 17414
10505 16562
10482 16502
10513 16595
