74440 117455
74006 116426
74491 117486
74088 116646
71980 113530
74326 117175
74399 117379
74173 116796
74190 117242
74101 116769
73983 116405
74371 117280
73446 115977
74402 117389
74156 116854
73942 116348
74423 117424
74396 117319
73894 116272
74029 116568
73448 115874
73954 116278
74065 116491
73956 116410
74358 117290
74381 117277
74465 117482
74184 116961
74382 117350
73839 116117
74338 117273
74427 117400
74274 117061
74007 116500
74364 117307
74522 117521
74350 117240
74105 117009
74483 117457
74394 117372
74006 116478
74353 117244
71465 112631
74236 116991
74408 117396
73988 116441
74054 116635
74345 117276
73234 115517
74396 117322
73002 115418
74094 116700
73957 116401
74129 117035
74257 117054
72170 113677
72328 113952
74297 117060
74414 117396
73420 115846
74108 116634
74249 117036
73420 115758
74225 116966
74022 116449
74285 117210
74389 117359
73952 116384
74182 116818
74375 117301
73988 116438
74312 117253
74254 117076
74437 117310
73790 116077
74195 116872
73756 116297
73866 116141
74358 117237
74406 117413
73458 115863
74273 117017
74378 117315
74431 117393
73952 116363
74424 117367
74410 117324
74405 117354
73005 115373
74392 117323
74054 116540
73344 115697
74360 117244
74350 117218
74301 117105
74462 117493
74475 117466
74334 117286
74057 116643
73468 115954
