12614 21226
12844 21802
12848 21625
12612 21255
12588 21180
12621 21326
12762 21548
12620 21296
12730 21522
12649 21377
12837 21756
12594 21203
12649 21364
12732 21482
12629 21255
12570 21213
12600 21233
12656 21377
12600 21226
12638 21338
12593 21241
12644 21319
12673 21393
12603 21214
12630 21318
12634 21339
12576 21149
12776 21619
12791 21652
12651 21369
12599 21245
12602 21214
12598 21205
12622 21249
12609 21246
12622 21271
12812 21679
12642 21390
12597 21226
12697 21471
12581 21181
12585 21201
12773 21583
12848 21819
12690 21440
12641 21336
12610 21250
12594 21207
12607 21321
12651 21364
12618 21267
12606 21247
12623 21254
12722 21532
12644 21329
12612 21237
12590 21185
12613 21255
12636 21273
12606 21215
12781 21646
12616 21322
12607 21290
12606 21245
12626 21287
12796 21614
12607 21216
12599 21210
12677 21415
12606 21274
12598 21221
12777 21604
12758 21593
12604 21212
12601 21209
12951 21899
12864 21656
12583 21184
12604 21263
12639 21346
12656 21373
12610 21253
12607 21231
12646 21330
12684 21415
12602 21209
12931 21795
12787 21592
12959 21829
12610 21224
12632 21382
12598 21207
12738 21546
12824 21668
12561 21193
12648 21381
12668 21416
12600 21210
12606 21222
12846 21720
