62015 96452
61611 95441
62334 96811
61020 94298
61436 95145
61175 94695
59752 92353
62073 96573
60825 94101
61979 96276
60972 94301
61848 96037
61485 94975
60657 93912
61318 94876
61210 94422
60164 92880
61804 95872
61656 95743
60455 93634
61382 95142
61327 94754
61052 94387
61772 96232
61884 96179
61113 94485
61575 95523
61404 95276
61466 95352
61726 95872
61882 96163
60843 94091
62170 96580
61813 95858
62025 96084
61596 95329
62099 96277
61580 95469
61867 95789
62120 96230
60995 94488
61420 94980
61175 94786
61671 95502
61200 95071
61512 95312
61936 95991
61258 94733
61325 94747
60296 93236
60807 94495
60265 93383
61909 95983
61138 94785
62468 97260
61306 94826
61419 95075
61344 94887
61807 96001
62024 96216
61703 95515
60845 94222
61554 95428
61051 94309
62093 96400
61833 95948
55763 86229
60259 93315
61649 95619
61428 95348
61508 95110
55889 86377
60611 93825
62082 96279
61883 95993
61607 95275
60852 94116
62046 96367
60946 94531
61458 95146
61658 95728
61635 95409
61310 94805
60805 94014
61745 95523
62007 96104
61122 94521
61865 95758
61194 94635
62007 96081
59929 92301
60196 93359
60591 93703
61424 95082
60690 93958
61177 94564
61813 95552
55805 86523
61109 94680
61152 94992
