59909 93045
59644 92402
58998 91248
59487 92079
59792 92645
59828 92470
54045 83409
60136 93617
60033 93016
60348 93397
60276 93381
58750 90959
54593 84380
59502 92126
59891 92761
58975 91216
55036 85159
59880 92524
60054 93046
58885 91056
60678 94389
59572 92432
60009 92953
60167 93242
59323 91791
56792 87781
59749 92383
59908 92909
59569 92292
60112 93358
60400 93823
58800 90798
60635 94298
59014 91533
59664 92569
60169 93131
59960 92833
58923 91306
60078 93080
60728 94452
59334 91585
59413 91897
60682 94281
60311 93457
59171 91379
60012 93000
59393 91954
59441 91755
60122 93048
59609 91976
59720 92534
59617 92461
59366 92226
60115 93098
58422 90077
60412 94002
59163 91752
59535 92047
59663 92164
60532 94149
58412 90592
60478 93946
59367 91879
59855 92776
59717 92379
59901 92937
60109 93237
60476 94086
60305 93671
59899 92931
59587 92213
60017 93288
59434 92055
60291 93539
59684 92392
59225 91894
60144 93251
60385 94050
60646 94224
60153 93302
60341 93629
60040 93195
59611 92249
60108 93189
59240 91583
60138 93146
60328 93661
59579 92300
54080 83468
59867 92726
59940 93295
59566 92011
60230 93502
59983 93091
59959 92715
59245 91804
59324 91829
59516 92249
59647 92252
59910 92978
