47831263 128993298 113764888
47026277 130180452 141972067
47485468 129760542 132391956
47692653 129144132 96711722
47156988 129947463 135673447
47311302 129977010 96582225
47751993 129071640 131445117
47196894 129976383 125535732
47870369 128754279 125778668
47537024 128984433 118690699
47785078 129146547 135594084
47246663 130149738 195554662
47000053 130717839 95971828
47622180 129270423 119230781
47293080 129904593 94533461
46912734 130845918 94354268
47545128 129480426 152142087
47649606 129377205 143305232
47879681 128776263 132969893
46801252 131200836 105997936
47299617 129637818 151466911
47361317 129878082 119093681
47334799 129632547 162533219
47786566 129064653 94157584
47885463 128887434 107339998
47268168 130376550 96077132
47553026 128817411 129614680
47700952 128991948 135555988
46866105 130991631 169308384
47515748 129340548 134521378
47097350 130367949 138838173
48129677 128189274 122331017
47145427 130192842 125862664
47185104 130384722 128283029
47592396 129626091 156091161
47489793 129568692 94854657
47717448 128887293 174817953
47516607 129440031 101904218
47589922 129203802 159720182
47017801 130372137 140454497
46993715 130684791 97400796
47298624 130350258 123834344
47022579 130851567 140586671
47197085 130155045 136920147
47045095 130326030 122559485
47280968 130009674 102200664
47211393 130215459 135062971
47699047 129117915 132939298
47253452 129456135 195862623
47363072 129696291 134871901
47968506 128308413 148415827
46781430 130978908 95665584
47043959 130276272 95667278
47822303 129038226 138929664
47570792 129494958 135603273
47594079 129363318 179455061
47210286 130374183 148572387
48013662 128705244 179383509
47058564 130737654 127147552
47513590 129272256 122275244
47159675 130153788 144145804
47638969 129340923 134917067
47179826 130368999 106343366
47587971 129245217 143379296
47204862 129973128 133152533
47154296 130307256 178698661
47156037 129996588 126937346
47908271 128513535 94443281
47412456 129980952 136824352
47688015 129071358 96952629
47454893 129853116 96427133
47544859 129605415 131688397
47419503 129830826 94691842
47716576 129150675 129002732
47524419 129654090 95427170
47709922 129057021 111649984
47501539 129634329 127663329
47101144 130555236 162491969
47131241 130045452 99423195
47383760 129779952 177144033
47731722 129240936 96146536
47491243 129527361 96784193
47629930 129615516 121042714
47205680 130220364 98262967
47976075 128653050 135608214
47452115 129617382 121286626
47208652 130426749 125997098
47519519 129784692 114825171
47273500 129664005 95051474
47814706 128876829 183604557
47058446 130585593 127129994
47517334 129227136 139857130
47663053 128927370 95046529
46942401 130476645 143583251
47653940 129053268 178134420
47381616 129516189 105944939
47751794 128729928 124505600
47544099 129471033 127222215
47448183 129721827 129451411
47501980 129764118 164487859
