65026 91983 453862
62831 103119 460381
64814 114822 493300
66326 100044 452955
62172 99615 460880
66389 99036 354056
61696 101694 389240
64696 92397 330335
61965 95100 462520
63098 107769 500988
63730 99123 456764
69120 101637 436268
63658 103014 358054
66317 98526 445478
64380 103935 452609
63587 106674 470423
63020 101910 408328
65009 103731 455338
63364 97590 372037
65645 94005 359916
66748 90558 451996
64432 92961 437646
65701 96129 447516
62272 96885 440356
62526 95508 439511
70540 88413 352322
62883 96597 442795
64407 97287 441594
60480 98646 453515
65999 99612 439208
62775 94434 378428
63756 109215 425898
61721 99168 347482
64372 106770 377538
65384 92142 450273
66125 104100 441963
61363 98406 381122
65129 94680 324079
64187 108735 371992
63414 103350 390221
67226 93132 382406
62960 97746 364728
62337 101691 326548
64883 106455 348200
64340 101661 448597
63991 96189 303413
63860 107103 462682
66727 103311 447605
65199 97170 332311
65012 94308 349686
60972 100203 344399
61493 96930 332846
63994 92067 410736
66600 91458 360117
65531 103362 436960
63194 99921 411840
62989 89859 432303
63730 101151 337806
62856 93204 446233
63474 104607 439798
61575 101820 510392
66740 104523 433348
67927 101841 445294
64818 98658 449450
61723 102663 395196
62490 100782 350746
61318 92343 359825
65369 90888 341754
66139 91251 422419
63013 96066 448348
64456 101511 437380
65407 109434 475216
59894 95223 447496
66452 101499 354495
63881 98259 353909
63230 101685 470991
62720 89859 333137
61869 97449 372717
64846 92388 436255
67316 104871 473653
64571 104487 457550
63170 108243 349110
66965 109566 368753
62728 101301 470365
66183 90843 410871
67016 94443 442990
62473 99348 465816
64499 93813 429543
64484 104043 451492
66454 95820 435508
67951 98841 355243
64675 98283 421807
65141 99654 369982
63961 97620 442531
63479 105519 367658
64064 100638 347495
65718 100002 400944
62792 99093 363258
62559 94083 461136
64554 97329 458136
