76586 125601 431305
79595 123021 525642
80715 118545 564408
78464 121176 565723
83265 122871 446211
81980 132267 460643
77320 117321 427830
74557 118365 460058
78233 136644 488065
75982 124287 560264
76393 118737 406736
76005 122625 549671
78591 125856 598438
76119 125586 545119
78103 115830 502201
81664 136809 403007
78789 118230 432755
80758 117057 436300
77994 116334 439084
78604 113016 428162
76669 122721 426824
77678 118251 539441
82797 126090 384975
78581 109575 448238
77146 116424 565137
76380 114987 546837
77247 126774 447981
78325 116169 436329
78626 120291 534238
81256 133338 557365
76998 121575 561864
82268 117366 513102
79605 123651 543705
80051 122202 556450
79330 117777 442703
74869 118029 548193
79604 120423 560531
76706 122076 431455
77259 118008 514925
78971 120555 457472
85765 113658 455845
76770 118623 546927
80132 126801 434389
78360 115176 445990
77569 109713 503451
80113 113907 453286
82662 137790 540882
79421 118950 547768
81643 116694 525788
77569 130185 434114
78012 128841 583398
90189 121260 555572
81233 120087 559101
78180 132705 434156
76310 122241 525715
76790 120924 551477
78677 120573 438645
78920 121110 442466
76591 118074 417987
80902 122787 534409
77081 118809 540007
77879 132366 553246
77859 114048 431415
79158 114363 531033
81913 114894 537527
78483 119541 450376
77466 123540 563035
79592 109281 406952
76695 122697 469948
77494 112140 530714
76715 123591 566495
78843 136671 422255
78816 124095 461789
75401 122976 443294
78859 118260 446080
82022 110811 504212
77126 122091 430575
80681 140304 574342
80143 133740 574342
75470 118377 500635
77204 114948 546800
77569 120162 544384
79849 131802 446148
82184 127353 540299
78886 109494 508894
80871 121812 551531
76698 122763 445471
84418 109554 557629
78774 137271 546046
78754 120633 407395
79380 124053 447877
76341 116091 499760
79829 112758 440318
75017 118587 517243
74609 114612 586945
76596 124161 428357
83091 125406 542014
74776 121008 443330
80363 138558 437116
79652 107064 414591
