25341880 70074432 80347299
25367494 70053741 61010837
25533013 69766359 53038094
25565483 69530628 73753631
25837393 69090729 78732277
25510207 69837255 80814009
25493706 69882018 96400655
25548853 69876465 55604898
25339218 70084719 102275286
25501922 69322932 59639001
25617822 69254112 55499184
25251227 70156050 52086623
25446635 69962754 74508428
25584146 69576363 85347956
25309982 70205370 87622712
25179504 70232289 64075538
25517768 69815235 78983239
25923776 68924583 60356884
25666331 69550434 87804678
25655836 69658536 94479401
25563179 69629205 66815040
25469700 69805986 82710760
25433898 70016982 97447793
25590925 69733929 101820189
25336251 70094448 58201831
25289342 70128354 94541392
25146653 70622610 76350647
25530763 69638895 71965393
25352988 70165056 51342246
25077298 70752162 61653639
25379147 70310553 56391993
25389525 69947400 51293353
25339015 69932289 60752643
25468360 69733926 81325852
25304123 70266420 68601208
25436837 69836490 95363512
25812718 69019530 82567864
25355415 70038378 50721619
25228498 70349553 51563829
25553757 69504996 100492674
25206396 70527297 69862831
25620847 69216198 49936285
25582966 69705435 91608557
25313996 70117995 87924926
25830251 69404535 104143498
25407576 70178727 81160632
25546830 69745086 82060448
25558594 69652848 78838361
25673429 69200682 90517126
25432628 69975429 89648617
25404046 70145340 75024388
25606402 69558132 72493425
25408045 69915141 58106636
25395462 70005999 53495898
25448346 69775791 86446573
25475238 69555057 54559976
25285833 70140774 58109918
25919741 68762454 59245910
25747943 69259203 52019160
25323058 70053732 76004466
25369245 70136643 51372280
25415040 70037517 58984690
25334369 70256259 61727906
25679406 69343722 82660279
25467880 69857304 96289936
25541687 69767769 61893930
25533848 69844407 57391766
25222010 70353408 79303534
25511621 69756180 87672294
25184506 70278978 60741311
25722969 69328113 93012892
25631591 69371952 51190170
25623903 69607389 70958206
25547953 69975288 66198782
25320758 70311927 71051513
25412967 70015263 63491454
25758306 69215685 60306426
25590782 69638997 76052429
25642106 69374823 86993793
25560076 69738627 51941673
25570593 69700578 87749279
25547564 69533334 72989124
25583482 69704850 53607232
25360934 69962244 91827694
25456592 70203273 99990982
25422894 70067118 52607777
25656516 69341646 95178874
25327557 70304448 66702391
25494101 69760473 69099222
25287450 70176600 72729242
25339013 70187472 73892148
25417272 69788955 52737952
25673542 69476364 65149407
25453412 69870267 85615689
25598786 69448629 51080706
25779142 69138255 51764634
25637314 69476751 69213665
25381908 70152618 56682410
25663648 69623067 61016961
25581463 69482655 68743255
