113545251 54420 60348693
113762908 54402 107478250
113712025 54312 78489901
113509362 54216 109085035
113774599 54150 80312482
113662541 54057 68456466
113127578 54252 85491619
113681819 54288 57867292
113412824 54297 56249234
113012741 54357 98991662
113625486 54042 95383132
113855822 54105 105541781
114026407 54141 115025033
113638219 53895 59830324
112451570 54384 92349796
114073204 54117 59292969
112564332 54396 74799725
114016043 54102 55928200
114037071 54156 71879634
113452174 54189 66654230
113489868 54072 56716787
113283902 54018 99795231
113213323 54168 115232468
113600379 54153 87438192
113882073 54189 58819753
112871265 54327 83775863
113812773 54210 108501934
113805336 54036 116769110
113766727 54093 56219747
114157257 54201 57500137
113735522 54177 78167815
113460431 54027 94104819
113849864 54075 59120745
113724256 54213 92175784
114039707 54039 57043879
113100051 54123 114783807
114103349 54207 59083882
112707067 54294 60052385
114306560 53925 112475056
113320381 54276 97416242
114109516 54096 114542925
113891694 54231 58346323
114146380 54102 59491251
113534664 54009 55701394
113069501 54219 55726769
114347430 54000 57939395
113455423 54192 56091285
113925800 54105 93845741
113232468 54162 59049056
113626176 54213 116842737
114334614 54114 57655311
113998591 54300 57826426
113397113 54345 56858626
114250444 54051 57200797
113130450 54237 56004879
113410322 54219 56374427
114231276 54105 58373798
113567950 54144 64152693
114453019 53946 58720844
113153945 54348 55615210
114132074 54183 57828216
113810375 54210 111010601
113484138 54315 97950197
113656102 54516 87882351
112794225 54258 105827497
114214706 54093 70197377
112806036 54258 81421291
112508138 54501 72690002
113504786 54360 113843101
113373107 54261 80705516
113888765 54165 57444460
114202245 54063 86697557
114409233 54087 78222358
113525041 54123 57674789
113841672 54111 64099177
113892560 54234 114778997
113433587 54237 58313619
113386097 54375 100676513
112420120 54495 87832312
114088280 54135 85882470
113230474 54210 75111410
113802806 54111 86686695
113075649 54291 67087501
114126907 54207 117391953
113665409 54288 57948025
113822514 54078 89864411
113295838 54261 81331686
113625382 54108 81542019
113435144 54336 57479113
113551921 54387 65007067
113264289 54300 91316333
113953599 54204 111358193
113825290 54063 58697091
113340061 54213 57319514
113425934 54237 58747519
113383368 54006 69766227
113837733 54042 93650664
113840949 54306 66909538
113870861 54066 59986931
113884557 54132 55718170
