76249069 208024716 159672621
76016198 208597560 201140734
75314689 209667132 242886055
75885565 209234652 212309744
75954734 208427481 171523916
76073172 208570668 263504398
76526406 207364764 152025544
75381225 210082590 191846220
75630486 208854978 198998889
76268130 207689559 272843420
76321224 207296544 288095129
75798328 208506222 165800550
76103714 207741690 179393744
75312109 209210085 151141664
77007818 206413440 150976428
76349575 207395013 161528452
76392544 207255099 180166621
75995867 208576368 267342638
76191036 207697359 154564638
76050213 208199610 227426989
76497306 207326670 206676730
76371561 207113520 202779641
75847769 208712082 151957539
76078237 208208754 169762003
76312799 207892044 247586851
76003988 208074990 163294689
76985452 205731393 311994167
77258621 205804122 170378575
76661378 207078480 184753137
76425880 207659331 235575630
75914889 208378620 152832906
75225937 209222181 273011992
75632459 209260719 183320072
76725747 206825253 193483623
76279521 207940260 150818158
76396364 207387144 220911093
75958388 208482396 201922277
76435992 207158895 189243072
75442100 209571615 219708874
76428281 207517188 178893065
76323603 207553674 163001165
76336379 207819807 192778465
76241661 207565344 154693256
75893403 208760730 212084344
75025861 210036516 281491803
77363017 205483107 189414211
75929611 208571097 153382474
76475968 207200652 199847791
76402360 207784953 157991423
75699370 208871163 225913493
76501370 206938707 178643291
75952076 208053561 238655297
75875838 208694859 212008563
76160180 208177797 258044912
76113374 207700572 189093122
75710011 209307474 186017427
76184615 207781134 155468859
76401174 206976009 185837784
76332895 207573489 235351229
76519430 207405966 152613221
75859375 208666635 155713318
75879538 208278435 175200785
76083032 208170792 258747664
76400763 207478791 246975814
76023349 208566021 214742780
76214700 207715716 191360570
76161511 208145532 156939172
75663981 208594701 217282164
77088359 205481238 184259001
76034215 207825627 190158358
76096463 208680987 200439886
76405693 207491943 185763531
75858834 208694850 295200711
76055387 208147338 190013903
76154106 208454868 249224189
76320208 207566385 160249842
76263985 207555561 222506053
77988378 204206043 175423547
76723615 206383869 188185991
76300038 207651111 178641382
76572555 207125244 151753798
76358358 207682236 203091751
76494527 207006195 155018000
75417986 209956680 181353527
75892449 208645935 238976336
76519984 207540861 188877407
76894045 206327316 177879944
75545932 209125647 158644631
76298874 206990652 192776151
75429673 209908248 153687478
76504231 207651591 240525587
76030896 208198599 157332457
75258085 210253263 211797150
76483056 207486951 176706641
76273293 208267866 197070716
76110955 208319829 154879999
76894178 206872767 264774186
75802462 208666104 193310047
76816318 206702910 155896114
75929423 208357008 170880751
