19641081 30285045 34472605
19826390 30556239 34677071
20199157 31073676 35338157
19819516 30448515 34735933
19715698 30384345 34502972
20007385 30751617 34957970
19759733 30453807 34606431
19474457 29879139 34068996
19776521 30379488 34560044
19513087 30033273 34182285
19654845 30221253 34408125
20023277 30843981 34973341
19323685 29686398 33764163
19786043 30361017 34514794
19848533 30506319 34666949
19681928 30294825 34401331
19628428 30194025 34280776
19900918 30511434 34724929
19609042 30151818 34397364
19923594 30575220 34823620
19609114 29939955 34221853
19671114 30236403 34469913
19681122 30324969 34426796
19815951 30400785 34694514
19606866 30150435 34307966
19943145 30599829 34950746
19980292 30687846 34978153
19840097 30512904 34732846
19908322 30657606 34854117
19526096 30071106 34189384
19606218 30211419 34363197
19659630 30335736 34474927
19377151 29772765 33908749
19462404 29956938 34073376
19501593 30005226 34198214
19960184 30652596 34914493
19961699 30746052 34922341
19928924 30543612 34852566
19532911 30134061 34228415
19613461 30133281 34328923
19915603 30538236 34778785
19866140 30544800 34718703
19407264 29789898 34041214
19682089 30293760 34410989
19690565 30362076 34447930
19711514 30230547 34430654
19842792 30559857 34692750
19548856 30011322 34165100
19719732 30204348 34489564
20020729 30917817 35147306
19783890 30521502 34595881
19883312 30603417 35447744
19757547 30287388 34507902
19704258 30418872 34484737
19562062 29995674 34202614
19897675 30581199 34822776
19849415 30546435 34771643
19759519 30387669 34640317
19872859 30599547 34767431
19746685 30392568 34569673
19909944 30416913 34739214
19830704 30493305 34695810
19970366 30754653 34939546
19967693 30820101 34976431
20023484 30751203 35078624
20015679 30735057 34995894
19666897 30241026 34421053
20263420 31259286 35520960
19723358 30353721 34535058
19529754 29931339 34235013
19808776 30402567 34587523
19567530 30078102 34286410
19495957 29889825 34048290
19583413 30040068 34226445
19606512 30092358 34309055
19786145 30435288 34650389
19990648 30742995 34966047
19901467 30597378 34847442
19756526 30474849 34644906
19853211 30562410 34728719
19571992 30006717 34579829
19533340 29979309 34181098
19867708 30512778 34718570
19795148 30356037 34627744
19530644 30063522 34163817
19664968 30161625 34423243
19372362 29875257 33892866
20159097 30905226 35519019
19585675 30165180 34258927
19777973 30470526 34596342
20000788 30853437 34993636
19855288 30422400 34713949
19613523 30200253 34304193
19536463 30118149 34211661
19913868 30650199 34909254
19854120 30492045 34695519
19453148 29872419 34000322
19750018 30353628 34496450
19800320 30503613 34610684
19683786 30292359 34910055
