32588824 50120562 56871833
32216826 49726278 56302095
32765091 50294193 57181062
32431917 49686921 56568472
32564484 50039067 56919478
32786242 50419755 57146610
32333145 49651242 56396557
32741863 50342115 57151312
32539533 49932765 56800347
32960039 50675763 57539715
32662267 50442903 57027303
32837455 50495211 57280394
32703950 50151627 57001250
32408361 49926384 56615809
32443588 49862805 56676683
32540236 50101713 56783419
32726513 50318067 57193212
33005957 50731737 57580431
32616947 50046387 56983288
32544885 50005596 56745036
32639107 50194797 56946338
32779187 50466432 57145598
33235201 51023205 57990596
32747948 50221107 57126997
32763095 50482374 57185707
33010756 50574072 57581056
32489628 49913619 56669250
32769526 50447223 57212965
32897261 50633016 57426361
32821576 50539335 57364486
32542710 49995252 56811829
32028526 49288647 55975589
32761586 50316990 57144767
32381618 49891365 56649755
32713782 50191293 57085049
32950909 50654817 57450367
32764163 50307699 57134210
32610359 50076924 56869887
32520438 50015325 56800829
32428939 49826877 56516484
32786306 50303133 57235185
32853247 50407686 57252231
33099525 50825976 57752465
32525217 49882221 56638328
32917538 50663331 57542331
32615501 50192637 56918964
32572007 50064975 56857467
32443185 49666677 56556863
32808328 50446566 57280879
32920217 50475261 57430083
32140325 49398969 56033463
32581943 50044191 56803716
32292180 49720098 56299023
32581601 50061780 56796069
32197820 49417395 56153403
32635318 50139729 56945747
32613954 50034468 56816267
32213191 49546191 56200634
32506135 50008467 56804166
32915780 50519352 57397604
32718965 50230863 57049007
32757957 50308962 57168353
33009538 50630115 57545212
32626290 50085696 56842327
32512424 50194071 56823383
32603942 50014365 56861038
32600933 50127129 57040863
32727549 50322249 57091725
32757795 50456361 57259028
32635738 50248377 56992326
32150951 49357629 56127319
32773102 50425023 57265462
32829115 50419536 57328584
32901142 50540598 57376854
32654571 50266182 57003686
32518471 49987725 56707913
33010607 50794569 57691739
32501425 49923867 56679467
32481770 50122635 56671453
32505516 49942284 56728565
32001534 49074405 55790765
32769595 50386011 57187847
33111596 50994630 57777686
32720290 50275857 57141551
32753588 50311569 57130111
32517356 50129691 56806135
32425363 49921398 56575863
32450935 49911798 56569173
32561451 50160648 56782546
32736484 50298057 57106166
32960632 50605035 57526815
32511565 49899387 56705753
32671898 50316372 57077631
32560901 50236254 56840596
32984290 50765676 57560295
32987581 50547834 57532308
32775857 50389254 57141722
32737058 50400228 57163761
32879101 50558601 57395629
32431219 49790799 56570980
