193899 298083 853585
184362 299619 863896
195926 354321 890732
192565 319782 849463
187973 290337 857641
205094 379656 907960
188601 298473 832232
202708 315258 842177
188272 311775 849351
190038 314505 855355
195681 305106 857616
197997 326010 841717
181428 300495 829718
194513 326211 837458
190636 295416 819983
184014 293109 835097
188309 311691 842057
184345 304383 881083
208541 388083 907098
181314 302292 834656
192353 301446 813488
195845 336633 852670
197540 297846 842146
183452 308820 832047
194518 328026 897675
190198 321033 870936
179492 287688 827098
192617 322389 852191
195448 334128 855835
199034 325704 849329
190893 323550 846160
197660 335766 848031
198961 349206 904149
192551 336804 859353
197122 314208 849686
202723 372348 866854
187909 320241 850469
192563 330639 843714
203642 334518 867273
197430 315570 845028
183895 317934 849456
202628 355182 897241
189386 326727 843232
191487 295743 871761
203790 338610 849365
197626 326961 894624
194355 330057 852098
205394 346113 865624
191228 316470 846389
186056 309636 850425
190419 303810 836816
188316 304602 840346
181241 317742 834694
204836 352170 860455
186886 274605 824345
186454 297909 835726
203145 263361 820008
186705 295860 841136
189929 316845 846171
197572 364086 861336
189412 289080 835578
181036 281553 819557
194256 298923 879987
181745 307773 838202
211706 348813 868008
201489 293106 837507
210300 302526 857499
180438 293667 840582
204565 341388 850222
192661 309192 843630
187485 326118 831994
197148 315345 845365
189881 289719 837244
200859 310635 848937
192636 362343 846989
226337 427782 897432
182591 317913 845542
194359 330804 854015
193829 294720 852452
188378 300561 839671
192921 309741 840955
183168 316308 840311
182712 305226 834807
177359 295935 847677
197822 332040 852126
197376 315156 849007
189170 301308 842236
191304 309039 838115
187230 290739 809570
180830 297693 834975
186522 295374 837492
187866 301287 834675
189952 319173 855167
195633 352128 858004
187907 310833 841430
193768 309267 843596
184103 301761 837289
207488 355347 859002
189641 323802 832641
189864 344817 845636
