58297926 89754468 101673399
58684836 90257145 102291618
57979231 89107257 100928815
58434790 89813388 101551488
58476634 89571000 101818768
57640926 88775238 100325310
58499089 89797815 101655722
58403146 89574018 101581630
58320683 89609919 101362696
58649773 90084831 102246169
57680532 88744527 100389586
57982199 89057451 100854642
58314434 89725869 101445797
58065991 89150316 101059330
59030273 90566874 102757936
57781648 88609098 100388764
57949622 89115363 100809741
58008865 89181243 101065743
58203206 89225199 101134528
58384296 89723529 101484611
57927506 89035395 100836253
57984333 88814526 100707664
58200846 89285727 101202977
58442154 89771868 101590657
58064130 89301342 101120822
58447206 90069375 101733304
58415727 89672892 101595920
57520098 88184607 99949506
58895967 90738867 103042884
59080811 90877878 102700578
58477312 89962767 101772101
58321975 89606802 101344917
58035643 89202801 101098333
57876904 89200587 100673485
58476184 89769867 101792270
57970254 89113653 100909051
58542963 89923692 101861184
57734734 88875807 100575177
58307087 89709753 101464381
58022721 89320305 101060849
58367402 89864982 101659868
58074028 89243055 101017250
58112689 89413026 101219541
57669462 88371180 100271022
57978159 89106042 100856668
58209229 89500497 101275288
58330779 89863869 101615891
58186770 89552646 101270873
58075604 89116494 100929789
57940710 88826574 100706355
57764822 88892739 100514893
57597303 88612977 100250848
57530111 88749240 100286890
57597206 88659072 100376701
58317542 89732718 101432555
57844230 88950093 100564278
57954506 89106924 100867739
57448436 88550340 100073180
59002318 90710742 102635823
57479106 88286103 99909874
57867995 88905678 100711983
58043409 89417136 101001501
57830380 88740204 100589106
57927912 89054772 100802691
58427368 89855508 101644885
58240211 89655870 101285913
58260710 89740086 101530118
58132572 89462577 101222653
58407049 89645391 101555870
58568866 89826060 101741867
58060557 89248161 101180594
58264938 89691438 101371411
58808354 90327453 102246563
57982292 89188071 101099291
57853997 88944942 100823204
57797800 88648545 100369696
58161343 89481387 101247012
57238877 87908304 99542511
58363760 89836083 101505383
57876071 88770942 100613898
58261375 89602839 101400728
57599194 88744677 100310788
58027329 89181507 100909431
58035689 88924080 100913814
58157239 89743413 101376108
58357126 89724633 101442392
57719115 88690002 100464427
58259536 89450709 101280005
57990448 89099106 100930711
58142105 89151495 101117881
58874244 90464361 102465185
57893186 88819674 100578609
58067406 89156616 101041762
58457763 90083583 101872286
57683424 88773609 100465293
58173620 89365842 101269837
58487649 89846769 101822894
57827655 88772190 100500726
57800705 88804017 100500325
58069069 89074140 101026216
