102175612 157592517 177667982
103442984 159097488 179628538
103980265 159954126 180527218
103587236 159242877 179797193
104151775 160142748 180921900
102493066 157757889 178301776
102330397 157099269 177387141
103885084 159442788 180216207
102957103 158201265 178798328
104200704 160288728 180856615
104117419 160062843 180926046
102525034 158007750 178157868
103598574 159815586 180027598
103508727 159000405 179762049
102711757 157533996 178238573
103112214 158793450 179002186
102900054 158219367 178782036
103674282 159235320 179802634
103664395 159222168 179931780
103178810 158642430 179334578
104007865 159586389 180352716
103043151 158226588 178850631
104407020 160343394 181234090
103412006 159060624 179474213
103747615 159341616 179961051
104520736 160466247 181293870
103382800 158671092 179363235
104108409 160295760 180869149
102721586 157529205 178943202
102834678 158064816 178611266
104074637 159574368 180496016
103078627 158376045 178970610
103283573 158478339 179156297
103102676 158727936 179035799
103002532 158371758 178696761
102868252 158456088 178815514
102944137 158478087 178807416
103022537 158330049 178764542
102416702 157268964 177656106
103720727 159477156 180128455
103240843 158606088 179270540
102636715 158002101 179114318
103356285 158753436 179787179
102984012 158104800 178702978
103524024 159235398 179747925
102672799 157954335 178217878
103137713 158727900 179214368
102490859 157146207 177707905
103547598 158856816 179611140
102156640 157219329 177317980
104283840 160396107 181032944
103276604 158797509 179235240
103946905 160006509 180381258
103638436 159616146 180076823
102594585 157506099 177938532
103959712 159908805 180634546
103689933 159410319 179992672
104030672 159474084 180409718
102791493 158261397 178403379
103619547 159795216 180049694
102699481 157894353 178183502
102577573 157318200 177997741
102759690 158041086 178327796
102720629 158066439 178292926
102947737 158442024 178819904
103958073 160143042 180738236
102750030 158052717 178350434
102762889 157732017 178206325
103443977 159108633 179635814
103347020 158916540 179431014
103691432 159284823 180007983
103872506 159024987 180005276
103289374 159120546 179536335
103188410 158430606 179020142
103188058 159018696 179305938
102779161 158182827 178453506
104023616 160117461 180619607
103123939 158470980 179069206
103610968 159173385 179812728
103413976 159086379 179517940
103206221 158721165 179250322
103844611 159547620 180262322
102807293 157643184 178175018
103079874 158425167 178925105
102957598 158097777 178609179
103309281 158583408 179337774
102516681 157811022 177924276
101915584 156453171 176927951
102904263 157909845 178465356
102697626 157993869 178314568
102098746 157028676 177256170
103684016 159387762 180038568
103342041 159164778 179475518
103278694 158534412 179215236
103834949 159932676 180273463
103695119 159301305 180030376
103616424 159508911 179918264
103017085 158188515 178691606
103054673 158219802 178823916
103138067 158830368 179163493
