14486256 22380432 25508782
14523919 22329228 25402915
14447100 22240251 25285110
14290030 22041282 25071191
14607690 22500207 25583301
14500663 22258950 25372166
14451710 22234050 25326272
14609579 22497822 25642770
14466460 22264626 25359155
14751192 22671282 25838845
14392054 22171137 25255897
14662297 22665057 25743252
14659623 22485000 25648087
14432835 22195266 25325427
14420898 22206081 25289014
14439708 22243122 25318620
14495922 22381659 25439519
14471365 22263849 25342087
14500215 22287828 25424542
14483175 22281537 25379592
14575287 22423590 25543387
14707741 22681740 25815074
14390895 22079391 25272177
14481826 22303767 25420622
14377289 22200024 25241398
14709858 22541103 25738476
14612316 22533735 25595970
14335959 21967137 25104907
14658375 22512966 25684648
14683070 22595280 25753306
14544336 22399743 25502650
14692988 22523127 25722285
14603293 22400400 25595361
14499363 22223442 25388493
14670085 22614603 25700994
14561342 22366494 25520729
14840333 22808310 25953042
14332928 21967101 25119179
14636114 22568676 25735351
14555293 22370718 25491083
14326604 22028190 25105363
14570051 22331709 25563241
14508268 22253712 25500403
14557384 22399008 25553896
14541871 22304649 25432896
14463161 22202886 25370651
14432146 22159620 25382005
14437722 22212501 25392028
14744416 22580784 25803886
14441145 22210488 25314248
14427335 22137423 25273343
14505071 22224297 25388804
14580651 22479378 25536396
14549433 22426548 25528020
14756628 22725039 25867171
14572801 22374471 25456069
14447354 22395027 25365961
14528678 22323930 25533647
14614405 22475691 25620895
14281735 22082940 25115431
14210678 21824859 24879969
14528740 22362213 25488721
14384412 22131738 25180809
14515828 22301469 25445990
14509076 22225971 25480071
14644745 22430364 25690289
14541793 22358298 25494477
14480240 22279506 25396292
14543040 22379361 25450387
14763826 22850925 25921137
14725702 22663866 25818097
14403396 22171887 25252567
14587586 22478292 25625693
14504841 22382724 25404240
14477224 22279317 25349189
14259343 21928839 24999696
14725130 22601565 25799413
14519212 22356318 25509548
14390242 22218471 25256656
14593966 22476621 25555094
14463338 22271709 25369850
14566388 22445925 25509764
14446336 22142331 25254223
14538244 22482492 25519084
14503020 22318095 25393848
14660612 22517589 25706421
14533416 22331865 25473209
14422465 22317429 25358113
14539574 22293657 25406998
14458955 22230150 25300167
14393373 22125102 25181711
14490932 22260693 25392714
14690904 22546077 25697005
14527321 22289505 25440037
14342881 22002714 25098149
14664151 22540296 25702666
14623766 22477047 25670243
14588306 22382061 25514892
14578330 22397928 25545440
14540624 22321326 25520023
