87877154 48384 108437656
89103206 48006 110098872
89200253 47976 110098729
88645312 48210 109452422
88381826 48057 109076218
88407252 47997 109160839
88788410 48237 109624831
88335246 48351 109248852
88877100 48018 109678472
88622786 48342 109369661
88782623 48108 109758740
88606819 48258 109550587
87921515 48114 108558543
88908827 48252 109819391
88455848 47907 109142182
88979738 48027 109893213
88777057 48390 109728623
88103023 48210 108712340
89080100 48144 110073947
88474444 48294 109275655
88446455 48222 109289958
88435633 48087 109197424
88693479 48024 109490374
88149627 48186 108842228
88412409 47982 109130883
87850802 48177 108585913
88475441 48216 109204485
89145799 47889 110047033
88842648 48123 109719439
88609111 48096 109415248
88469578 48138 109278820
88616009 48321 109693113
88443953 48072 109172486
88568684 48249 109407060
88266659 48348 108966994
88531330 48150 109299564
87676186 48285 108289959
88804007 48045 109650762
88465518 48075 109326220
88298512 48105 109026530
88810713 47982 109777750
88236953 48144 109012950
88267538 48276 109098064
89010279 47949 109929318
88581816 48324 109398452
88306091 48108 109153766
88089008 48135 108798033
88399169 48120 109125423
89068087 48168 110013196
88149343 48420 108863746
88565089 48315 109417484
88541078 48153 109430857
88661486 48168 109487211
88201424 48063 109025447
88207377 48222 108908856
88104864 48126 108708195
88438363 48246 109267620
88890446 48123 109703234
88226306 48288 108980307
88074482 47994 108719700
88705424 47919 109601024
87840601 48501 108487330
88953348 47895 109992898
88518078 48036 109265442
87878079 48105 108525755
89053837 48144 109938827
88616503 48174 109448056
88209849 48246 108994393
89031701 48096 110084487
89296560 47826 110280760
88061382 48105 108725045
88015373 48261 108725074
88263325 47913 109180074
89044162 48003 109977438
88008275 48147 108696576
88471084 47994 109361247
88211876 47973 108958253
87923651 48219 108616834
88256230 48159 109140897
88443781 48015 109309704
88991222 47769 109956236
88405556 48108 109250141
88517937 47901 109373653
88686933 48150 109535698
88056379 48111 108807181
88818494 48174 109765130
88485772 48255 109259900
87971865 48432 108639610
88756848 48054 109553648
88901634 47952 109843172
89076988 47931 110006898
89124501 48084 109979914
89032517 47862 109977774
88396037 48267 110098458
88217307 48195 108836239
88745147 47865 109593635
88902778 48162 109648273
88578512 48096 109318492
88335853 48063 109128054
88011829 48282 108729592
