87529 137814 407752
84351 147969 408826
90793 148314 417321
89832 140445 380383
88097 139698 408106
87533 157914 409079
92363 151992 422028
86012 139368 450318
84325 142752 413303
83460 135030 406757
87275 144294 413668
83368 141066 410961
88665 157434 410297
84832 149724 411262
88104 133395 408073
90391 144843 383286
89113 149109 408750
89000 148584 416822
90102 160593 424462
87844 161361 418156
82479 137682 405442
98197 157269 418089
90755 158325 417953
83536 146682 414906
88820 151503 416511
89008 155619 410825
85175 151797 410097
86261 141162 404207
81630 132783 399321
87537 126639 400423
90189 152634 414165
91778 147960 420757
85123 150657 413731
84905 138372 412564
83829 145998 409566
85145 132840 408334
90306 141930 410580
88971 146955 385691
89096 146478 414138
82669 132528 408620
83450 153339 412315
84039 138492 407488
87228 147936 392542
85194 139161 409031
80634 139515 409185
80865 136599 406590
82760 131496 406269
86072 139749 406784
81340 141636 412451
86634 138288 417117
83418 133218 401144
87534 138828 408346
88434 144627 411896
86585 135804 409862
86047 131661 412676
80577 136833 407787
89952 143769 410790
84807 136329 405611
83086 129096 404744
86626 141282 404445
90941 144780 407702
86753 140832 407481
87508 145008 406143
88841 145494 406953
94270 170754 430449
82432 138459 407571
87370 141450 410638
83311 133827 410097
84561 145458 409922
83477 139107 409036
84744 148479 412958
88061 158241 411574
83231 134433 404977
86434 136209 400800
86277 137025 418869
81823 141282 411312
96053 165486 422331
86117 144234 404720
86733 160530 415027
81508 126864 408141
92623 156138 415820
89966 161871 416626
87385 145503 408350
90955 148530 418680
87460 146421 402919
84967 136398 404567
95038 160866 415398
90011 137631 396533
91438 159054 419408
84790 144189 410785
94947 153696 417706
83717 140235 408141
86984 150258 410013
84690 143304 410619
83545 143223 409168
87626 149346 412753
92247 170589 416316
85848 133614 405953
85610 137022 404160
85496 143931 414331
