718064 1275646 25398070
715523 1268012 25640242
719862 1274207 25281122
718996 1273527 26090482
715928 1269417 25155910
719917 1276178 25197395
712613 1263478 25573411
712461 1266362 25200020
719643 1277007 26046196
716071 1269535 25255569
715713 1270295 26199122
700987 1246179 24486794
715647 1269884 25213437
716025 1268792 25103649
717772 1273105 26181991
718477 1274211 25290413
715663 1267604 25616008
713763 1267910 25337857
714219 1266271 25159392
715068 1268866 25060850
717970 1272154 25358048
720938 1277930 26266003
720081 1279064 25368163
718130 1273513 25680602
712529 1264657 25329209
716002 1272045 25267924
714481 1267072 25312004
718147 1272501 26065533
716432 1269284 25093626
717823 1273232 25405595
716041 1268101 25919517
717865 1271802 25369888
721181 1280294 25519568
719146 1274287 25273821
717810 1274311 26300925
720752 1277607 25503725
719353 1274353 26130889
719246 1276031 25374459
716556 1269711 26081403
720903 1278431 25602540
714947 1267204 25475952
710477 1265071 25106875
718870 1274180 25678927
715756 1270818 25072039
719472 1275044 25672809
714993 1267996 25429388
718632 1274918 25327100
719215 1274798 25685452
719181 1277228 25559165
716448 1272407 25316948
714438 1265673 25290546
720343 1275632 25187689
722889 1280571 25659672
717232 1271607 25718871
714366 1265155 25412108
718144 1274466 25138347
718840 1272804 25573502
717097 1271992 25599528
717124 1271660 25072895
717993 1272113 25261892
719983 1276337 26168599
713932 1264569 25474853
716196 1271489 25577122
720749 1278000 25654380
716368 1271138 25547692
719410 1275449 25625228
722530 1280499 25380556
720753 1276319 26148210
718952 1274204 25079666
717848 1271468 25344843
713243 1263940 24946322
719168 1275843 25616409
717459 1273508 25205884
718761 1274278 25720927
715517 1270936 25565357
722361 1281899 25816461
722226 1278766 25380484
718407 1271880 25274386
714379 1267548 25262248
718344 1272807 25220348
716478 1272053 25112014
716463 1271355 25153603
718550 1272384 25201268
718118 1272811 25338480
715303 1268420 25160881
720242 1277275 25517603
717919 1273615 25158584
716053 1269271 25163782
713162 1264259 25054696
719037 1274762 25330412
722874 1281315 25501544
715300 1266625 24923743
716539 1269162 25288594
716057 1271413 25519454
717684 1273021 25212717
716994 1271481 25778691
718483 1273110 25388281
718125 1273951 25679807
714097 1267795 25803942
714861 1267453 25686264
