49722 82193 1595401
47389 78523 1541899
47915 80189 1634264
48107 79788 1575594
48173 79982 1577812
49117 81295 1608409
49294 81802 1612550
48323 80117 1598588
45395 77017 1509568
48032 80065 1577055
48678 81169 1597182
45151 76669 1532939
45916 77913 1512940
49034 81149 1599920
48585 80931 1596941
48422 80901 1636759
48862 80779 1644560
48826 80591 1638830
45606 77147 1501137
47922 79747 1572757
47098 78174 1540680
48364 80170 1620409
45743 77623 1551025
48449 80714 1601076
48420 80273 1585097
48535 80577 1570358
48537 80839 1571456
50914 84252 1668428
48622 80758 1625006
49872 82058 1669332
48588 80673 1575173
48240 80720 1600257
48365 80268 1580785
49833 82123 1621704
45450 77690 1525044
50243 83341 1645824
47180 79171 1554990
47851 79700 1608931
49113 81662 1628716
48076 80745 1614002
49807 82798 1682521
48877 80959 1640416
48867 81112 1601278
48840 80948 1623940
49260 81414 1584518
48533 80827 1570353
50324 82980 1687870
47753 79561 1611312
48405 79962 1609790
48981 81366 1647797
49833 82214 1678074
48462 80803 1595355
48936 81175 1648324
45426 78048 1540565
50444 83269 1652127
48423 79893 1626300
46368 78544 1571257
44800 76208 1522539
48659 79951 1589538
49703 82257 1660237
44214 75798 1447614
48109 79780 1579047
47966 79830 1558689
49356 82412 1647989
48667 81296 1607069
47089 78997 1556898
48813 81417 1651171
45053 77312 1536672
47832 79551 1612606
48997 81394 1654875
47679 79481 1610726
49371 82050 1661914
45554 77262 1497736
48894 81596 1610833
47197 80274 1610770
48295 80223 1587125
48129 79542 1573449
48425 80750 1584384
44532 75541 1463048
48480 80716 1587469
49286 81402 1630393
47908 79161 1562210
48907 81136 1645868
46847 79337 1546404
44433 75942 1507841
50005 83171 1644247
49087 81847 1618341
48434 80972 1597628
48469 80518 1628182
48100 79792 1665353
48185 80553 1592292
45447 77127 1574880
49126 81330 1653104
49822 83040 1704686
47156 80128 1557717
47765 79474 1566580
48116 80631 1606405
49241 81250 1599482
48604 80570 1673366
45274 76331 1464669
