565545 907340 18345493
560735 898181 18566288
566560 906573 18023646
528584 865874 17630710
562219 901959 17821917
533526 870527 17441038
570853 913684 18183074
561956 901559 18489028
565193 905827 17914345
567771 908846 18548161
572287 918751 18750206
570724 913682 18454486
547332 890225 18343357
555780 893221 17943005
562038 899527 18877657
566033 906010 18031495
569790 914256 19120308
530347 864352 17419597
567225 917948 18340115
564779 904127 18352914
573815 913725 18586476
562404 901874 17669627
589794 935185 19269284
562821 900955 18503550
570670 910959 18299295
555721 891979 18696347
589506 935676 18787467
548347 890055 17369506
582794 929326 18817088
565802 904016 18035368
573762 915958 17884824
578603 918906 18292307
558703 907683 18043473
578865 921722 18386283
532861 869506 17430138
582767 924794 19372973
569832 911045 17856336
558845 902095 18193846
561095 904581 17871663
569599 910447 18349810
559918 898962 17887488
569301 909440 18316312
594759 942540 18784789
543480 884563 17493241
539540 875472 17053269
562562 900233 18083568
586008 932995 18609603
555523 892717 17730209
571144 915154 18767774
542485 880991 17378019
555185 899614 18480536
536825 875647 17195066
537795 874814 17541028
565175 904804 17824864
568375 908618 18541649
570764 912752 17899750
561895 905616 18315506
559007 900274 17633492
576010 919273 18404793
557333 894450 17956587
578685 919457 18199065
579056 924930 18630596
567916 906374 18883843
552611 894865 17708218
558202 896097 17758295
567683 909052 18331077
573684 918197 18197327
574288 918245 18371058
553444 899186 17649127
566170 902448 18173979
582430 927196 18425103
549831 888027 18015422
566018 905421 17941971
572032 915066 18674950
561837 906427 18301999
565277 905182 17767608
536060 874142 17484329
558384 896734 17678064
546068 885498 17612363
581273 923328 19176535
537105 874775 17371983
580549 925301 19311337
577879 922929 18533962
556001 897898 17870452
576079 918258 18668424
558096 895756 17767045
568884 908870 18240654
533806 869036 17103877
571977 914357 18425142
581271 925531 18829824
559078 898524 17770727
558654 901470 18018026
570440 912368 17992083
561112 899146 18054621
545836 886868 17408431
546751 888634 17666871
565689 904175 17775463
567176 908814 18367394
573608 914257 18635846
581923 927225 18269273
