327713 532863 10810745
346501 551996 11265874
345724 554466 11018206
348007 556331 11572516
349569 555412 11068834
347003 553145 11569869
347452 555694 11013878
349160 558168 11134527
355820 564837 11718554
327385 532588 10572986
347498 555561 11301992
324020 529091 10856253
342778 545958 10865416
350241 556050 11710757
359754 570394 11619128
359391 569332 11409733
342341 548362 11262657
349202 558631 11381004
332678 535054 10625841
341295 546534 10992290
341772 547969 11038376
351250 559457 11266750
346927 554062 11081429
344037 551550 11133633
342308 547269 11165638
351899 560456 11212805
336405 540256 11033477
349353 557001 11371745
347589 555379 11571605
330991 534416 10529957
350429 558462 11465903
329073 530474 10580216
344142 550859 11399712
342201 547347 10751522
344215 552002 11253298
352191 560719 11620551
336724 540610 10690217
347205 554729 11327843
357184 565593 11414874
343196 550659 11130646
353406 560873 11053585
344659 549044 10940157
352637 560805 11477244
326346 533765 10917863
347500 556307 11266687
341702 547474 10930614
347009 554061 11089878
323401 525239 10725129
337222 543536 10848400
329306 531064 10842618
338173 540971 10804368
332970 540891 11244548
326282 526092 10370659
337045 542116 11286983
329806 531094 10707567
332268 534562 10586472
353654 561199 11725426
351037 557486 11138787
350891 559708 11360264
328176 534528 10702315
341838 546794 11049990
362076 574488 11778157
362990 575743 11425282
345670 554395 11356752
348829 557317 11352311
328915 534279 10527243
347130 555126 11650936
345886 552113 11226105
322131 527645 10391677
338260 542931 10880607
352845 561996 11664247
339357 543724 10625043
340992 546739 10944889
330808 537779 10742083
338794 545024 11040256
338864 542841 10801732
352161 560631 11378493
345792 553132 11193519
345290 551086 10815221
334759 542627 10952044
318421 519725 10204978
345386 553645 11490336
335960 539128 10744901
333247 535800 11179377
345166 552440 11038130
354953 564679 11883915
358104 568145 11401902
337200 542695 11355289
319073 520998 10162846
348469 553708 11056384
339214 545285 11323913
354822 564318 11215722
348376 555236 11351660
352299 561524 11485056
345407 552634 11036046
336253 541228 10990152
344248 552080 11231790
361390 574302 11510026
337114 541431 11207430
347725 556565 11106687
