835093 1457408 31522334
847107 1478798 30699269
846653 1480181 29785822
841285 1467241 30706866
844672 1475002 29782061
844518 1474050 30682323
843490 1472361 29697919
840907 1468810 30657599
844364 1472360 29805407
843130 1470871 30371687
845338 1476101 31475402
841908 1471576 29544905
840645 1468817 29795120
837853 1463569 29553976
833744 1458818 30345227
847065 1477091 29885295
844141 1474357 30700236
843383 1472141 29679959
844181 1472253 31591461
829914 1452159 30211368
841691 1470564 30818715
845334 1477108 30007132
849747 1482018 31081731
844129 1476550 31039108
836584 1458922 30389267
844921 1475080 29724593
841219 1467735 29715261
843541 1470963 29754738
842232 1469554 30585324
843890 1472405 29624829
841149 1468191 29587488
839686 1466259 30546463
841683 1469123 29568329
845319 1476426 31843035
840481 1467500 30449689
841837 1470531 29690714
844816 1474954 29649294
842290 1472322 30301960
846152 1478136 31042638
841889 1472355 30943052
841391 1469477 30390552
837754 1461906 29967940
846280 1476095 29948802
844269 1476454 30540095
846096 1476455 29719187
838277 1463627 29363804
844430 1474002 29791104
842887 1470712 30974912
842333 1471821 29686490
835427 1460755 29712945
841164 1469406 29848788
840393 1468106 30427660
844328 1475078 29643750
840738 1469628 30670819
844405 1475372 30006597
847342 1478901 29918542
835058 1457838 30122287
844255 1475114 29988889
844317 1474819 29997492
841297 1467636 29530579
844460 1473167 31208994
843718 1473362 30188304
843551 1472617 31370068
834001 1458664 29339549
842219 1470607 29759529
843572 1471076 30727015
842199 1470301 29976838
844311 1474834 30615496
846538 1481062 31314264
844178 1475314 29914224
841677 1467535 29890792
841230 1471002 30568159
838180 1464405 29716267
843316 1473815 30193578
843701 1474357 30215740
845329 1476282 29793672
846362 1478580 31046728
844523 1474656 29744277
841286 1468448 30602294
831321 1452293 29447353
844715 1474194 30790641
846812 1480295 29981640
839922 1466511 30589354
836771 1460867 29605767
837139 1460926 30886263
834403 1458538 29972552
839421 1466163 30632433
846244 1477866 29940238
837820 1462147 30706654
848363 1481325 30635755
841237 1469215 30296025
838997 1465853 30695964
843983 1473789 30722369
843922 1472290 31582097
844527 1476589 30520917
845883 1477367 31285229
838074 1461503 30023884
832497 1457223 29160659
844471 1474141 30507413
847131 1478355 30756701
