1434169 2495562 49917202
1442657 2506093 52808727
1438285 2495894 50312330
1439349 2498901 50737790
1437224 2495704 51941473
1441368 2505066 53265822
1438816 2500965 51501863
1436763 2493662 49831874
1442745 2506655 52884613
1441348 2499270 50173557
1439274 2499555 50851394
1436903 2496903 52718987
1442311 2504711 52022530
1442547 2505784 53334506
1438130 2496861 51491481
1440333 2503387 53438595
1441626 2506282 51438480
1446932 2509043 50142780
1438131 2497957 52687973
1429982 2487241 50317742
1438260 2498408 52229025
1443270 2509361 50686142
1438142 2499152 50584773
1442682 2504438 52842893
1440125 2501422 51935831
1434516 2490235 52590587
1444276 2509452 53022301
1439686 2497181 51681239
1445385 2506450 52389949
1445282 2509176 50174578
1438525 2499670 52470700
1445379 2509812 53268077
1433149 2491091 51856887
1441257 2503044 50682416
1445486 2511893 52528507
1435454 2496601 52980313
1441150 2501306 50971608
1440885 2502806 52293937
1443500 2507112 50502635
1437438 2498123 50692527
1430362 2485015 51447162
1436283 2495540 50736019
1435942 2492758 51549448
1438581 2501054 52595893
1430501 2485652 51333631
1435880 2492927 52750868
1447475 2513675 51829852
1441212 2501509 53118802
1445073 2510881 51781876
1430159 2483936 53172904
1441295 2501962 51528094
1433590 2488891 52922209
1439281 2501702 52164246
1445405 2509436 53970495
1445485 2511750 51779386
1431516 2487928 53291122
1438682 2496636 51408455
1435373 2494291 53091521
1439027 2495561 51430305
1436639 2494559 53163266
1439826 2498903 51342472
1441883 2505453 53387165
1439809 2501582 51577469
1430663 2483452 52777418
1446752 2509998 51805874
1437771 2495304 53009182
1441191 2501342 51409394
1445929 2509107 53081433
1447299 2510357 51786281
1438354 2497371 53181947
1438080 2496872 51360147
1449945 2517129 53404355
1446425 2511893 51710817
1423335 2475419 52447263
1446896 2511347 51925201
1439017 2496744 53043323
1435312 2490436 51475070
1445223 2510712 53309310
1427556 2482731 51229914
1446263 2511920 50737950
1435945 2494719 52466441
1437215 2496389 51626394
1437827 2499344 53273770
1439967 2500228 51589448
1439807 2498486 53255678
1440277 2502138 51870614
1439651 2501618 53035078
1438668 2498769 51566506
1432833 2491623 53083991
1435125 2492864 51552724
1440207 2500985 53155013
1438039 2496758 51658970
1442648 2505089 50850902
1438311 2499508 50311769
1441477 2503714 51033791
1440077 2498120 52085962
1436715 2496709 50871276
1439660 2499403 52215283
1442277 2508634 52910384
1440641 2500596 50611566
