948283 1655931 34721047
948041 1657857 33456008
943789 1649638 34928729
935815 1634385 33117589
938439 1640621 34118086
946064 1655248 33311867
946864 1656721 33246302
946560 1655159 33339016
946232 1654607 34351490
952004 1663316 33482813
950794 1663182 35089994
943816 1647624 33745079
947129 1656556 34355478
951051 1662589 33568852
946590 1654630 34576346
943629 1651055 34022119
942112 1644801 34734320
949023 1658128 34077527
941817 1648046 35040038
944338 1652423 33761893
947823 1657203 33223363
947889 1656748 34284162
948187 1657704 33902100
946522 1654707 34104574
947184 1655227 35175117
943846 1652089 33816467
948410 1657286 34929665
945960 1652415 33875079
952109 1664651 35219845
951323 1661926 34153146
948563 1661163 35075846
945138 1651720 33787760
945823 1653913 34961682
940559 1644747 33462691
946912 1654782 34925904
951760 1664033 33991292
945140 1651372 34923522
947828 1656103 33994878
946651 1654549 35153229
937755 1639170 33433708
943672 1651787 35110538
945675 1652557 33721867
941914 1647615 34931963
945939 1654406 33838966
945849 1652044 34983644
945527 1653999 33877572
946320 1654621 35098158
947246 1657257 34066327
945791 1654320 35058973
948619 1657260 33853863
939955 1640838 34941022
947501 1655997 33907212
945614 1653207 34952740
943148 1651187 33776177
935363 1635918 34564884
947601 1657590 34100904
944953 1650865 34886846
948900 1659295 33806753
949834 1661379 35223846
944897 1651261 33819270
938317 1641350 34679990
946044 1656062 34017238
945485 1654022 34322550
946175 1654300 34848260
946398 1654197 34088530
952100 1664905 33754850
946104 1651592 33972458
944524 1650982 34991016
944135 1650459 33969679
948710 1658021 35149274
953001 1665688 34086552
950294 1662368 35291875
936761 1638490 33576916
942264 1649927 33432471
941945 1649014 35223022
950113 1658390 33855718
939290 1640911 34745961
946438 1657366 33838755
937676 1641167 34699102
948017 1657313 33960798
944591 1652366 35117840
934389 1635360 33437723
948402 1660167 35216156
949875 1659433 33911118
944144 1651564 35092182
938704 1643190 32861990
949846 1661545 34458968
945547 1655232 34371376
943586 1648604 33602834
947375 1652350 33964936
942143 1646514 34698065
946136 1653891 33994082
950710 1663433 35429933
947820 1654442 33964220
944184 1649957 35201753
941851 1648649 34048877
945490 1651299 33284220
945130 1650205 34960474
940493 1645285 33207460
903997 1587284 33618934
