1070360 1705885 36097470
1058413 1690063 35982590
1118955 1762661 36841191
1120363 1764670 38278049
1046084 1670179 35529344
1099011 1734628 36212032
1059578 1694146 35905228
1098048 1740773 35889598
1063225 1692866 33489416
1177740 1836819 38521826
1064914 1701195 36702553
1069057 1702310 33634792
1063754 1691014 35434449
1146524 1800027 39080420
1098687 1733751 36011024
1101073 1748084 34575420
1130335 1777605 37209624
1102773 1742683 37718525
1047862 1662073 34148066
1024867 1643036 35407428
1130411 1773147 39229420
1134878 1791778 36749294
1146293 1800780 38390148
1078110 1709926 36592469
1087270 1721901 36075900
1129442 1773975 37084131
1084300 1724012 36066691
1097196 1734478 37484154
1115268 1758989 36460131
1091687 1733132 34228049
1041261 1671073 33125857
1079856 1711187 35999486
1080264 1714153 36039031
1104253 1746856 37587704
1148243 1805867 37556662
1071624 1704831 36826336
1096070 1735603 36014440
1065989 1699669 33563658
1085958 1726898 35952643
1086170 1719453 34009903
1145764 1801917 35994352
1098951 1734163 36858073
1095010 1736080 36404208
1107568 1743561 37256565
1063397 1694559 36079478
1124044 1769080 36818163
1019662 1633928 35282431
1135415 1787131 37231404
1070764 1697790 36724139
1087228 1719208 35504379
1144705 1803007 38749930
1130303 1770964 36673631
1102146 1740615 34399328
1059439 1688464 35995770
1117068 1763280 36897681
1066253 1695351 33381739
1056076 1687506 33423877
1127953 1773737 38827377
1105462 1747493 37060448
1023587 1648793 32426348
1103056 1749498 37209099
1032373 1651650 34472435
1052341 1678044 33115666
1130806 1776016 37338121
1084086 1724403 37298078
1102070 1737898 36071006
1089828 1722362 34973655
1111944 1761839 35628863
1128848 1774293 35258747
1073156 1704518 35592144
1049433 1678856 36023700
1074803 1702005 36261828
1058423 1685517 32959204
1094658 1733184 36224656
1051791 1675288 36174329
1103319 1744275 36194258
1090129 1725714 37174184
1028641 1650369 34181967
1090262 1733766 37679812
1028594 1661814 34091617
1088833 1724336 34124261
1101122 1745816 36626566
1061105 1697137 36530134
1094729 1737834 35928601
1157765 1814486 36019371
1078319 1712614 35973492
1051275 1677981 36257349
1125217 1772734 37643311
1128155 1780871 37113673
1062389 1690673 33463090
1076989 1718555 37507561
1098359 1738690 36005569
1085209 1717371 37606646
1069436 1704614 35064518
1035554 1651040 35733862
1139745 1783530 37100926
1105604 1745370 36728582
1047281 1676177 33030291
1122819 1774004 37268455
1049434 1672274 35392316
