358786 645421 12705704
362541 653365 12801508
359269 646154 12675020
360695 649280 12711484
361076 649561 12733467
360969 648234 12693642
359524 648231 12695495
357654 644004 12621748
361090 650408 12729061
359482 646722 12798345
360269 648466 12677847
360193 647767 12734805
361077 650794 12905990
358388 643987 12676247
361604 650388 12730527
362570 652043 12795266
359120 645199 12717867
359500 645691 12753023
359487 646211 12647065
357685 643202 12619979
357294 642469 12543681
361727 650347 12745780
360129 647592 12623403
361449 651154 12768567
362106 651445 13293594
361605 649333 12729697
360641 648729 12731343
362065 651000 12723746
363354 653187 12918504
356427 641429 12624244
360047 647598 12675289
357815 644118 12727654
358506 644541 12664396
358575 646162 12658124
358785 645678 12714907
361654 651110 12754002
362831 651969 12783417
361072 648758 12747133
358398 645510 12682060
335118 607430 11864086
361726 650668 12745710
359096 647252 12689348
360022 649091 12760617
360505 648701 12747952
358680 645381 12667856
363607 655200 12890717
361431 650461 12836473
358785 646339 12592608
359694 646145 12645104
361119 649578 12784863
355930 641519 13268790
358219 645127 12637086
356796 642331 12720657
361778 650562 12773223
361117 649008 12828930
360691 649749 12745526
358812 645237 12601247
358588 644141 12690058
362073 651501 12775797
359445 645318 12639806
360493 648574 12751910
362519 651007 12787170
356673 641891 12691285
359969 647134 12712647
360121 648117 12871671
361598 650944 12765514
360486 647998 12773524
360185 647474 12767624
359923 647349 12707337
358240 644132 12623796
361813 650168 12820374
360475 649351 12741484
361745 650553 12682859
360182 647242 12716967
358877 646832 12660007
356567 640746 12548372
356785 641105 12693616
363899 654682 12796294
359603 645126 12672650
359898 646505 12684875
362705 652626 12828365
359833 646528 12677138
361479 649899 12695976
360084 647618 12754312
362657 652116 12805323
360800 648316 12711623
361431 650743 12766406
357542 641955 12618045
359525 647478 12758979
360043 647852 12717067
360345 648651 12860687
361303 649867 12845307
360660 648339 12720784
360155 647031 12608476
361428 650984 12737147
361525 650343 12773721
360549 648251 12761462
361648 650253 12818317
360550 649013 12721554
359564 645891 12622021
