929154 1631071 32754785
932033 1634518 32674253
929420 1627101 32728807
938640 1643789 32546292
934062 1637064 32686845
937459 1643115 33366464
939068 1645092 32893449
939890 1646494 33123868
932224 1631655 32544241
935913 1639972 32848620
943318 1652623 32945725
935312 1641391 32789125
942558 1654345 33474262
937448 1641110 32505033
936196 1638706 33170229
932258 1633261 33135846
933432 1634458 32288923
916394 1611268 32317750
937563 1642913 32545417
940405 1647825 33603484
940124 1648588 32837890
937953 1644552 33368034
933338 1634741 32556478
930352 1631382 32975627
934211 1638330 32631348
935403 1637707 32906949
934863 1636684 33996978
930111 1631304 32466150
939669 1648637 33279837
934161 1636882 32491022
937220 1641983 33431670
927866 1625536 32128562
928936 1629078 32677767
943882 1655164 33400124
932307 1633552 32311416
941634 1651551 33835697
938810 1645429 32544934
939373 1645339 33428069
935652 1640719 32526947
939020 1645538 32801869
937749 1641751 32629999
940925 1648800 33380646
938010 1645271 32580505
931057 1630708 33186398
939948 1647776 33622637
939049 1646850 33218839
942296 1651652 32826271
921988 1619325 32715264
917254 1609479 32931756
934778 1637259 33122464
939261 1645087 33340796
936922 1644375 33475534
933116 1635005 33037416
933491 1635383 33197663
938235 1642810 32580222
937864 1643685 33532311
937239 1642903 32472054
937461 1640872 33389791
944723 1655289 32732754
945792 1658086 32765349
933148 1635245 32283618
936362 1639608 33029741
939053 1645459 32708578
939641 1646636 33419846
936168 1641246 33728763
939918 1647396 33230975
939916 1646661 32827529
940359 1648704 33503252
941306 1650413 32805072
935116 1637350 32955580
935844 1641647 33926250
929511 1627740 32732744
931979 1634628 32491728
935714 1638797 32559054
937930 1642522 33434854
936614 1641474 32881745
937818 1643869 33340792
940708 1646107 33161333
940855 1646489 33423069
931805 1632383 32982926
936111 1640060 32631809
933756 1638891 33002060
941823 1654561 33639855
942482 1651491 33418222
931079 1631332 32348542
933987 1636198 33928652
935943 1641528 33219201
936727 1642200 32544347
939208 1645978 33671944
939858 1647330 33444095
939004 1646092 33062535
937224 1642441 34015288
930279 1631391 32866055
934714 1636572 33064449
935991 1640970 34043000
941914 1649271 33150270
938699 1645157 32519843
927125 1624907 33073142
931645 1631014 33112028
938119 1644885 32797793
