48399 80063 1649128
48531 80473 1613934
46040 77274 1575315
48051 80117 1604737
46531 78411 1555972
46280 78383 1587572
48405 80042 1649003
48031 79750 1643873
48482 80551 1666316
45664 77033 1611230
45015 74961 1530064
46301 77212 1573439
45958 76969 1570865
45499 76694 1555694
48417 79949 1646930
45004 75801 1545623
47710 79456 1580546
45947 77447 1541111
47245 79234 1599742
47213 78408 1592472
47533 79296 1595069
49800 82655 1652441
47908 79460 1594837
48196 80180 1610167
47141 78718 1574620
46881 78948 1573871
50681 83330 1685711
51243 85358 1710589
49746 81552 1666006
46876 79332 1615706
50571 83567 1718149
47994 79786 1611155
49334 81458 1637603
48414 80285 1601379
45348 76456 1516887
47061 78405 1603216
46868 77427 1539383
45465 76274 1530077
48084 79749 1600110
45034 76357 1511379
47841 79283 1577539
53155 86463 1732665
46924 78278 1559102
47306 79392 1583782
47792 79685 1587714
50113 82638 1649468
46847 78457 1553375
47733 79857 1589202
45947 77512 1534227
46727 78541 1554355
48299 79988 1627099
51712 84769 1706506
47336 79254 1622752
45122 75765 1538888
50412 82325 1674717
48564 81152 1616231
45766 77753 1586435
43607 74051 1474294
43848 75064 1487400
49620 81799 1649467
44178 74509 1490517
47520 79059 1599699
46030 76855 1579680
46859 78083 1557032
48075 79792 1598175
51480 84427 1686448
49287 82078 1624905
47512 79181 1580125
46115 77299 1548229
47700 79596 1588008
48617 80483 1615373
46446 78322 1558702
49551 81867 1674247
47301 79716 1626875
47506 79305 1630101
49206 81612 1637826
50772 83415 1705692
51944 84890 1714979
50025 82979 1695342
45957 76742 1562736
46608 78016 1597917
52772 86728 1755743
44137 74372 1475720
45161 76475 1520308
47761 80343 1588527
46779 77701 1551068
46700 78157 1554330
45975 77447 1540287
49669 81867 1635897
50439 82917 1662024
49310 81238 1603886
44910 76129 1500091
48283 80319 1624629
45626 76556 1526742
47864 80068 1645243
52568 86050 1770358
45934 77601 1553581
50870 83430 1679010
48929 81519 1665777
47285 79204 1622837
