1596726 2486301 50926525
1631350 2531338 50121566
1578479 2457297 49650165
1556840 2441405 48178508
1496779 2348748 47977104
1431884 2280308 44608673
1604324 2497676 51414918
1629434 2526315 53384906
1541267 2409499 48869956
1454233 2320007 45773323
1548504 2416059 49815342
1565257 2457959 48887681
1560090 2429958 49321556
1496219 2364458 49467856
1604900 2494024 50903526
1616673 2510761 50235134
1577333 2454874 51331054
1625395 2522556 51748731
1584910 2465039 49954387
1482753 2357765 48981991
1602109 2488638 50687824
1570819 2453504 51785648
1620604 2516634 51445440
1577827 2456255 51443273
1490458 2353488 46418591
1524200 2403076 49512881
1569934 2448761 50037300
1552523 2424013 50699724
1511864 2385201 47002651
1552083 2424507 50026375
1602595 2490596 51197022
1582668 2462659 51712298
1475503 2333104 47033106
1592264 2476818 51965928
1529114 2391412 48439245
1491786 2355348 49179385
1592295 2476549 50549758
1451467 2307600 47932171
1520489 2381455 48256209
1610054 2502958 52592155
1606549 2494772 51139925
1617981 2513850 49790739
1601182 2489387 50614821
1535514 2399936 47473566
1466395 2323370 47742430
1601977 2491440 51049004
1560606 2451235 51544191
1592498 2494180 50656014
1626231 2523239 52870518
1554080 2425830 49495729
1554983 2429617 50939674
1559943 2432880 49376335
1431344 2287609 44775396
1531560 2396229 49575107
1582054 2458956 48755161
1571175 2463883 50746841
1533317 2399096 49130701
1580160 2458882 48932678
1544544 2418712 50290377
1546122 2428704 47965619
1541768 2409940 50112455
1622230 2516603 52205421
1601461 2492928 52109623
1606046 2494785 51659505
1588340 2472459 49297083
1568006 2446603 50426489
1630424 2532200 50346776
1461047 2316614 47389200
1583078 2464158 49870419
1561176 2435629 48165061
1521478 2384682 49371326
1519882 2380552 46718064
1595183 2479392 51573585
1562471 2436959 47921888
1571633 2451410 50870253
1534811 2403004 47235789
1567213 2443680 50087678
1524874 2388786 47084379
1576261 2461660 51110556
1588845 2471110 49000531
1622499 2515638 52041180
1562553 2450754 48480202
1618843 2511026 51990863
1525997 2387585 47207314
1482587 2357026 46607165
1542860 2410025 50805292
1454669 2316545 45390787
1592726 2479340 50733861
1580606 2462688 48854704
1552669 2439330 49099981
1598792 2486513 52453496
1519246 2379651 48127823
1601556 2488913 52311936
1552719 2423386 49216263
1589386 2472644 52149884
1499191 2369770 47821319
1582194 2467099 52201688
1593030 2478548 50463429
1585763 2468747 51913753
1577011 2461482 49988630
