1349353 2348982 48414798
1336803 2329644 46711895
1337817 2332792 48265184
1341025 2336803 47016633
1335873 2329100 48127237
1349710 2349160 47294237
1352008 2354788 48883303
1346251 2346691 46960577
1345821 2344029 47285715
1346228 2343011 49198807
1344980 2345951 49553914
1334546 2327154 48009064
1337090 2331388 48822680
1342027 2337755 46647907
1339416 2333096 48856388
1348612 2349200 49434295
1341846 2339413 48362098
1342751 2339093 47104543
1348099 2346232 47316931
1339476 2332765 48859718
1341819 2337203 48593518
1346489 2348482 49543189
1340560 2337300 49334537
1344622 2341719 46983414
1344942 2342889 47955811
1338224 2334649 49413198
1343401 2340168 46832032
1335218 2328051 48931046
1345653 2345247 47425308
1338877 2331722 48538627
1340771 2336105 47076678
1346848 2346317 48959471
1346027 2344173 46844395
1342666 2341200 48823149
1343086 2340634 47451871
1342362 2338088 50301147
1337910 2328926 46886054
1337970 2332648 48851463
1338858 2333743 46648564
1344268 2340237 47320024
1348202 2350096 46966831
1345247 2345425 49333512
1343729 2342239 47197099
1344767 2343172 48919600
1342989 2341389 47053986
1343009 2339668 49201107
1340212 2335069 47000000
1349835 2348751 47519547
1340507 2334089 46637591
1342059 2339573 47440159
1342185 2338151 46777504
1344076 2341064 47145265
1332846 2322861 49906709
1343000 2338228 48109968
1339629 2335608 46680579
1343928 2341249 50217656
1342644 2340582 48902042
1344396 2341441 49507749
1335070 2327231 48240601
1346333 2345171 49493992
1328371 2314998 47786033
1345471 2345109 47532227
1342793 2339725 47665483
1336993 2330495 47327008
1339359 2334537 49872822
1346039 2345482 48284978
1341426 2337957 46537781
1341007 2338629 49162695
1346983 2345089 47165292
1345185 2340916 49140383
1344661 2343987 47546216
1337426 2331240 46814903
1341550 2338057 49298190
1341118 2336828 46984840
1342174 2337065 50449305
1343519 2339610 48794403
1336864 2331380 47130779
1342687 2337747 49070020
1341559 2333024 49360829
1349357 2349867 48989911
1336466 2326672 46661404
1342804 2340730 49284998
1347207 2346035 49693621
1338825 2332397 48594791
1340036 2337964 49409319
1346258 2344604 48718934
1342322 2340086 47144448
1347311 2347667 47315996
1344947 2345094 50382935
1347363 2344333 50169862
1339967 2336980 48050396
1341656 2338725 48583743
1342317 2336068 50025214
1339639 2334393 48938429
1335721 2329696 49139081
1349704 2347874 48426194
1340460 2335924 49893596
1341717 2338599 48015260
1337404 2334051 46335674
1341868 2338520 49219505
