502441 802125 15933680
498765 796628 15903529
490975 784942 16097083
496160 793691 15617454
495200 793195 16022595
484748 780160 15329164
481654 776907 15590962
472333 763067 14973323
483277 775937 15831802
495738 791538 15503900
496751 800282 16171059
514422 818680 16135387
512040 812718 16597094
504384 803146 15789211
510165 812494 15935635
498527 794729 15899431
507190 805824 16345137
484146 779619 15343120
499560 803589 15625949
496666 791449 16467891
497765 794986 15725362
513036 814743 16125752
510354 810736 16515220
510244 810169 16075418
499136 796700 16110361
470345 764014 14830383
498555 794512 16574985
511589 813725 16249427
507631 808486 16705723
501780 800336 16247946
509013 809983 17083171
502701 800370 15949223
491131 789320 16222485
499420 796289 15816249
496447 791318 16096189
509613 811250 15942999
501232 799724 16359627
513007 812891 16107622
500255 799368 16230588
498889 796495 15671593
494376 790571 16215775
481294 776511 16078223
498164 792639 15840242
501737 798756 15857246
499076 795952 16191275
488675 781639 15233852
504666 806112 16461436
493938 789104 15565380
497670 794450 16157146
498288 793066 15593802
504527 804713 16282588
490426 784789 15487002
494145 787729 15925214
507303 808157 16026569
505482 803991 16244705
500658 797405 15656486
485069 776395 15766682
495765 793060 15410346
515630 819526 16817578
501425 797706 15828792
502755 800520 16252549
500296 796040 15712616
502993 800903 16230214
511545 813966 16084274
506622 805733 16354875
494041 787454 16142057
508521 809153 16103848
494333 789976 15604859
502340 801028 16736279
498894 794486 15842911
506016 806117 16706878
472160 768858 14970313
498429 795850 16198955
481603 776719 15084774
488580 787150 15760256
510568 812730 15939276
495831 791310 16013847
467132 761622 14730135
479519 773714 15511754
489919 787197 15457064
502508 802858 16981284
502647 799258 15751374
499002 796124 16291298
496543 792461 15465585
502061 804030 16385939
509411 809955 15903543
477590 771971 15431601
502946 807384 15797187
477355 770858 15489366
484327 780296 15281197
487946 783907 15744346
484020 775479 15135496
503670 803825 16363746
504225 804199 15881413
493809 792274 15917472
499646 797707 15805710
479979 781431 15209489
502936 800503 15798768
485819 778122 15825277
509876 810877 16051578
