643408 1135338 22813070
638257 1124278 22278611
619722 1092892 21966535
634314 1117956 22180978
647570 1140519 23028690
638794 1126144 22534979
638156 1125154 22487540
642293 1130857 22637532
637314 1123247 22503439
643648 1135123 22556405
636376 1121131 22553942
640868 1131181 22667009
635305 1119272 22789955
622312 1098827 21646027
641957 1129478 22891108
636350 1122379 22242733
639970 1127996 22818487
635081 1118006 22248973
639593 1128215 22879215
636430 1121427 22229398
636594 1121348 22830164
638879 1127031 22426204
638106 1125552 22669467
623718 1101081 21870030
646912 1140044 22506040
635848 1120853 22355513
636925 1119459 22055735
633532 1118608 22440011
640846 1129287 22366951
641465 1132293 22669515
618292 1092334 21477298
636411 1122101 22466287
637083 1124836 22605035
636336 1120714 22820430
647175 1138535 22514707
640508 1129738 22700099
638595 1127083 22858504
639261 1126070 22420647
635667 1120354 22585294
640136 1129760 22360424
636470 1121064 22580689
637480 1121792 22309414
635870 1121404 22666202
629468 1110149 22311682
638708 1125427 22642187
639086 1126250 22797365
629971 1110981 22011244
637924 1124958 22700221
642744 1132513 22387788
638336 1126794 22820152
625446 1103132 21751732
639395 1126278 22829439
633187 1117270 22568211
637632 1122456 22442522
635788 1120603 22236771
621563 1097069 22082195
635662 1121411 22109897
635851 1120140 22646549
646427 1138711 22523728
635210 1118715 22663408
646724 1137780 22482136
631983 1113579 22282709
622492 1099116 21709013
638762 1126324 22128060
643863 1134484 22902591
644596 1135581 22815670
634772 1118441 22050035
641374 1129590 22871011
633087 1115157 22250849
640750 1129050 22536565
650714 1145783 22717762
637020 1120324 22359743
647086 1139515 22811255
641088 1131772 22987253
638532 1124200 22533005
645968 1137485 22742961
632289 1114560 22166193
641447 1131080 22952495
637430 1122980 22421336
634832 1118768 22474690
632888 1114365 22207263
636240 1121882 22352069
637988 1122113 22378540
642136 1131405 22808236
629454 1112862 21980538
644701 1136302 23003499
641723 1129379 22406808
643494 1132711 22840627
628056 1108035 21910709
636357 1121943 22622131
631184 1112011 22272640
638184 1124300 22695482
639902 1128223 22317923
646163 1138748 22455887
637083 1122536 22552843
638274 1124608 22223493
642079 1131308 23126610
624947 1102057 21849162
621740 1096798 21554047
625319 1104153 21692373
