540898 851014 17315257
546469 857481 17116740
532026 837219 16354864
525038 828185 16483468
524597 830413 16842718
524073 828335 16339305
528906 833347 16332804
532119 838691 16719815
531573 840289 17295028
538900 846751 16819247
505841 802101 16408801
529687 835118 16442385
525644 831061 17019138
539100 849294 17460302
522677 825832 16424543
513807 814594 16217341
529740 833482 17006063
528802 835903 16578797
542250 851649 17495121
525267 827073 16420694
536476 844945 17296151
533847 842632 16631394
526208 833500 17199450
511385 809511 15948339
529711 835751 17149214
526538 831525 17041475
539056 848238 18074338
526356 829925 16603187
537426 843137 17275623
516566 817321 16256130
519381 819654 17070105
517715 819769 16288149
541212 850120 17460218
521421 824210 17026711
512899 810723 16099542
532895 841881 16632568
529245 833015 16919743
538378 850218 16825951
517205 819656 16742562
522609 825302 16301565
529906 835386 17106813
535053 840721 16633724
527723 833129 17510432
542609 850466 17010069
532912 840145 16780199
540855 850499 17468824
527424 831860 16373786
528798 835810 17008128
522344 825304 16380521
524007 827835 16345109
527012 830342 16846007
517088 817329 16708297
522506 827574 16411428
536780 848144 16837020
537386 847502 17382368
534607 841967 16788502
525249 829045 16989141
541298 849817 16891049
534713 841350 17244364
531873 838209 17224768
528013 834440 16607927
523106 825481 16202671
549940 861865 17724756
531845 836544 16594378
541134 850133 17413256
531986 842409 16675734
525622 829943 16820699
534724 841407 16695570
508505 806454 16470866
535093 842801 16696021
534212 839005 17982380
512418 811349 16226077
532057 837824 16362691
528568 835522 16701560
538162 845592 17285004
534278 840684 16846840
525666 830087 17014773
519382 821299 16222517
524881 827484 16621973
535204 845075 16790050
530397 835820 17051080
535324 847125 16672285
529261 832765 17139794
547432 859934 17617561
518228 821071 16178328
539321 850921 17471017
541231 852530 16930603
520681 826444 16849203
524009 828258 16416316
512493 812143 16481933
548009 861202 16978204
541520 850993 17543930
538075 844073 17286150
547185 858217 17688704
536830 845417 16755974
529488 835532 16359475
543323 855093 16909737
533635 842093 17073706
533229 839601 16641864
511290 811795 16402935
