7314 7319
7146 7150
7071 7076
7473 7477
7676 7680
6799 6802
7508 7510
6502 6506
6893 6897
7949 7956
6847 6849
8136 8136
6999 7008
7511 7519
6751 6755
7728 7734
7417 7421
6964 6968
6959 6963
7576 7580
7303 7306
7167 7170
7957 7961
7625 7627
7112 7118
7341 7344
7141 7145
7639 7645
7867 7870
7005 7009
7824 7831
7564 7569
6676 6680
7711 7715
7430 7433
7362 7369
6763 6766
6995 7002
6580 6584
7066 7070
6804 6810
7069 7075
6910 6915
7703 7707
6990 6994
7820 7825
7355 7358
7588 7592
7777 7781
7472 7476
7548 7552
7165 7166
7939 7943
7617 7619
6896 6898
7816 7819
7417 7419
7184 7188
7888 7891
7573 7579
6546 6550
8188 8191
6109 6112
6707 6709
7260 7265
7316 7322
7674 7682
7813 7817
7540 7543
7203 7206
7379 7383
7589 7596
7332 7341
7359 7361
6801 6806
7134 7139
7746 7752
7319 7322
7640 7646
7149 7152
7032 7037
7144 7148
7934 7942
7713 7722
7435 7439
8039 8040
7634 7639
7212 7215
7400 7406
6757 6760
7874 7877
7702 7706
7826 7834
7897 7902
7659 7662
7323 7325
7470 7472
6917 6920
7275 7280
7177 7187
