8306 8310
7876 7879
7792 7797
8461 8465
8359 8364
8179 8183
7784 7790
8287 8290
7894 7899
8332 8334
8635 8641
8384 8387
7697 7699
7910 7915
7475 7476
8488 8493
7971 7973
7810 7815
8231 8232
8156 8162
9106 9113
8244 8248
8043 8049
8447 8453
8064 8069
7071 7074
8501 8508
8660 8665
7278 7285
8383 8389
8377 8381
8153 8155
8640 8646
7998 8002
8776 8780
7895 7900
8103 8106
8204 8207
7812 7815
7984 7988
8478 8483
8582 8585
8666 8674
7810 7815
8116 8119
7982 7986
8575 8578
8104 8108
8521 8526
8732 8736
8177 8178
7551 7555
7966 7968
8457 8460
8779 8784
8184 8193
8273 8277
8381 8384
8247 8247
7147 7150
8413 8417
7864 7871
8452 8454
8748 8753
7985 7989
8475 8478
8077 8080
7488 7496
7735 7740
7772 7777
7772 7773
8165 8168
8039 8045
8562 8564
8500 8502
8423 8428
8501 8505
8230 8233
7959 7963
8515 8518
7970 7973
8523 8525
7867 7873
8482 8486
8132 8135
7815 7822
8351 8354
8024 8026
8208 8213
8461 8464
7738 7743
7957 7964
8472 8474
8296 8298
8287 8294
8963 8965
8483 8487
8316 8321
8264 8266
8515 8522
