12710 12831
12715 12839
12719 12846
12714 12846
12713 12835
12716 12839
12719 12847
12718 12849
12713 12834
12717 12843
12715 12839
12711 12831
12710 12832
12712 12829
12710 12829
12715 12844
12707 12827
12717 12846
12718 12844
12712 12826
12713 12830
12709 12826
12717 12845
12714 12837
12716 12844
12712 12828
12711 12834
12716 12846
12711 12831
12711 12833
12716 12848
12717 12848
12708 12830
12716 12839
12716 12846
12717 12845
12715 12843
12705 12824
12715 12842
12714 12840
12714 12833
12713 12839
12716 12839
12720 12851
12714 12839
12717 12841
12715 12837
12715 12839
12716 12843
12713 12835
12717 12842
12708 12825
12715 12844
12711 12837
12714 12840
12716 12847
12714 12835
12715 12833
12713 12835
12712 12833
12714 12838
12712 12832
12716 12838
12715 12839
12715 12842
12715 12842
12719 12852
12706 12832
12718 12843
12715 12837
12716 12839
12717 12840
12715 12839
12716 12842
12714 12841
12715 12837
12713 12837
12718 12851
12712 12838
12711 12838
12718 12848
12713 12835
12715 12841
12712 12833
12715 12841
12716 12846
12718 12841
12714 12845
12715 12839
12717 12847
12716 12845
12715 12837
12713 12840
12715 12836
12716 12845
12715 12844
12714 12840
12716 12843
12715 12837
12715 12843
