5486 5490
5611 5615
5845 5850
5599 5602
5506 5510
5831 5834
5575 5580
5675 5680
5528 5533
5469 5473
4894 4898
5862 5865
5602 5604
5557 5565
5885 5891
5701 5706
5553 5555
6476 6480
6005 6008
5756 5767
5805 5811
5215 5217
6257 6262
5841 5848
5907 5909
5287 5292
5997 6001
5500 5507
5699 5700
5508 5512
4976 4981
5839 5842
5497 5500
5655 5665
5824 5827
4920 4921
6214 6218
5421 5427
6127 6131
5236 5240
6026 6034
6090 6096
5600 5603
5535 5539
6432 6441
5499 5505
5943 5944
5675 5678
5537 5539
5793 5797
5162 5167
5945 5947
5989 5992
5856 5860
6094 6099
5698 5701
5913 5920
5532 5533
6104 6108
5904 5905
5326 5329
5727 5731
5599 5603
5891 5900
5884 5888
5263 5265
5664 5667
6476 6480
5756 5760
5810 5813
5339 5345
5508 5511
5659 5661
5544 5551
5841 5847
5581 5585
6177 6183
5727 5734
5853 5856
5922 5929
5854 5857
5741 5743
6149 6152
5418 5420
5811 5817
5607 5615
5964 5967
6073 6076
5815 5819
5519 5525
5954 5958
6000 6005
5847 5850
5920 5924
5753 5755
5725 5729
4936 4936
5606 5611
6003 6005
5761 5767
