3158 3222
3160 3218
3155 3213
3159 3227
3153 3209
3157 3221
3158 3220
3158 3218
3155 3215
3159 3222
3158 3218
3158 3222
3159 3221
3159 3220
3157 3220
3159 3226
3159 3222
3159 3223
3153 3212
3158 3220
3157 3214
3155 3212
3155 3213
3159 3219
3158 3223
3158 3219
3156 3219
3158 3218
3159 3224
3158 3222
3158 3221
3156 3219
3158 3214
3156 3214
3156 3218
3154 3215
3159 3218
3154 3210
3159 3224
3157 3216
3155 3214
3158 3223
3159 3222
3159 3225
3155 3213
3157 3221
3156 3214
3158 3220
3160 3225
3160 3224
3155 3215
3158 3220
3160 3221
3157 3221
3156 3217
3158 3220
3153 3214
3154 3213
3158 3217
3153 3209
3156 3220
3157 3217
3154 3215
3158 3224
3158 3220
3156 3211
3158 3220
3159 3221
3160 3228
3160 3227
3159 3224
3158 3219
3155 3213
3159 3224
3159 3223
3156 3218
3156 3224
3160 3224
3159 3224
3159 3225
3159 3219
3158 3226
3158 3216
3157 3219
3159 3225
3156 3214
3158 3216
3155 3214
3160 3220
3157 3218
3158 3218
3156 3220
3158 3221
3158 3223
3155 3214
3155 3214
3153 3214
3158 3224
3157 3219
3157 3215
