434 456
434 458
431 453
434 457
434 457
435 458
434 454
433 456
434 455
435 459
433 456
434 457
435 459
434 454
434 458
429 449
423 443
433 455
434 455
433 455
435 462
433 455
435 460
435 460
435 458
435 459
433 456
435 460
434 457
433 453
434 455
434 454
434 458
435 459
434 456
432 455
433 456
433 454
435 459
435 460
434 459
435 460
433 455
434 458
435 459
432 454
428 450
435 459
434 455
435 461
435 458
433 455
433 455
432 453
432 454
435 459
432 455
435 457
435 457
433 455
433 455
435 459
432 451
434 456
434 456
434 456
435 459
433 454
431 448
432 452
434 456
434 457
434 457
434 459
434 458
434 456
434 456
434 457
434 456
434 459
435 457
434 458
434 457
435 459
432 454
432 452
434 457
435 460
431 451
435 462
434 455
433 456
434 456
434 455
435 458
433 454
433 454
435 457
435 461
434 456
