14362 14503
14360 14489
14357 14494
14362 14500
14363 14503
14359 14492
14361 14495
14359 14493
14358 14485
14357 14493
14357 14489
14359 14498
14359 14492
14362 14501
14356 14490
14359 14494
14362 14493
14354 14486
14360 14498
14356 14483
14362 14503
14360 14498
14361 14500
14359 14492
14361 14497
14357 14491
14363 14498
14357 14493
14359 14494
14360 14496
14356 14483
14352 14477
14355 14488
14359 14486
14360 14490
14360 14495
14355 14488
14360 14491
14357 14494
14362 14503
14354 14482
14358 14486
14359 14489
14358 14491
14357 14486
14358 14492
14348 14478
14362 14493
14362 14495
14358 14489
14355 14486
14356 14487
14360 14488
14360 14498
14358 14490
14356 14489
14359 14494
14361 14495
14358 14495
14359 14487
14359 14489
14361 14497
14359 14492
14354 14483
14354 14487
14356 14489
14360 14486
14363 14493
14362 14499
14360 14495
14349 14479
14361 14500
14358 14489
14360 14488
14358 14494
14356 14484
14352 14475
14357 14485
14356 14488
14360 14496
14355 14483
14361 14491
14358 14492
14362 14501
14361 14492
14362 14499
14360 14491
14359 14495
14360 14498
14359 14495
14359 14491
14352 14481
14363 14493
14355 14485
14359 14493
14364 14500
14355 14489
14354 14484
14362 14495
14360 14495
