660 662
688 691
652 654
651 655
723 727
639 641
605 607
722 724
675 677
631 635
650 652
686 690
737 742
702 705
552 554
661 666
676 682
681 683
735 741
668 670
655 658
605 607
590 592
640 644
658 662
770 771
594 598
582 586
633 635
749 754
649 651
801 804
611 614
765 773
660 665
691 693
618 619
635 637
660 666
649 654
572 574
741 746
662 669
677 682
732 734
673 678
641 644
573 575
703 710
677 682
615 621
653 654
560 562
662 664
655 657
594 598
741 746
641 644
509 509
668 670
530 533
669 675
613 613
542 543
648 650
662 666
709 711
670 672
577 579
677 678
618 621
669 670
584 586
581 585
784 788
727 732
669 673
629 635
662 664
600 603
738 743
721 725
732 733
619 620
673 676
691 697
617 621
711 712
656 657
618 619
601 603
679 682
607 608
631 633
619 622
662 665
648 651
651 654
707 712
693 695
