4690 4698
5114 5115
5316 5318
4784 4791
4733 4739
4700 4702
4876 4880
4472 4477
5127 5133
5321 5325
4865 4867
4948 4951
4906 4909
4761 4765
4904 4906
4785 4787
4672 4676
4795 4798
4829 4834
4377 4379
4478 4482
4494 4497
5094 5097
5043 5047
4565 4568
4622 4625
4793 4797
4922 4926
5068 5069
5022 5024
5157 5159
4735 4741
4601 4605
4622 4626
5063 5066
4985 4989
4650 4656
5405 5410
5034 5036
5298 5304
5211 5214
5042 5044
4844 4849
5007 5012
4655 4660
5178 5184
5421 5425
4909 4915
5098 5104
5208 5211
5115 5122
4874 4880
5095 5100
4614 4618
4937 4944
4699 4705
4833 4839
5368 5373
4861 4865
4850 4853
5168 5172
4915 4918
5010 5014
5251 5256
5001 5006
5142 5148
4770 4771
5252 5257
5227 5234
4874 4876
4925 4928
4680 4686
5137 5139
4991 4998
5084 5090
4741 4748
4680 4682
4697 4699
4945 4948
5043 5046
5124 5128
4644 4647
5346 5348
4499 4503
4835 4841
5180 5183
4688 4692
5117 5126
5243 5246
4842 4845
4832 4835
5171 5172
4967 4970
5611 5617
4468 4472
4585 4590
5113 5116
5221 5225
4820 4826
5319 5323
