838 839
891 893
873 876
934 937
907 912
956 959
907 909
1001 1005
793 796
844 847
961 967
769 771
897 900
958 960
947 952
903 907
1020 1025
965 969
951 956
1073 1075
897 903
889 892
909 911
933 938
1030 1035
879 881
1012 1013
964 967
876 879
921 925
856 858
998 1000
968 971
856 864
955 960
1057 1063
843 844
927 931
944 946
1055 1057
948 952
839 842
880 882
953 957
952 956
820 822
946 948
986 986
911 913
820 823
792 797
841 845
910 912
949 952
930 936
988 994
838 842
852 856
928 930
1109 1115
1009 1013
952 960
707 709
944 946
910 911
823 824
924 928
1018 1023
943 946
1054 1055
813 815
751 754
1036 1042
875 878
907 912
1044 1047
900 908
867 872
875 881
1092 1094
951 954
856 860
932 934
870 872
918 922
1102 1103
945 950
816 820
922 926
1129 1132
902 905
945 946
924 927
684 685
1056 1061
851 855
934 937
1044 1050
924 929
932 935
