11170 11290
11169 11286
11173 11293
11165 11280
11171 11293
11170 11281
11165 11280
11170 11287
11167 11282
11166 11280
11171 11291
11166 11282
11165 11283
11167 11278
11171 11288
11165 11277
11173 11294
11171 11285
11170 11286
11167 11279
11172 11289
11170 11293
11173 11294
11170 11285
11172 11296
11166 11282
11173 11292
11168 11287
11171 11293
11169 11285
11171 11283
11167 11286
11169 11286
11169 11284
11171 11290
11171 11291
11172 11291
11174 11292
11171 11289
11171 11287
11171 11289
11172 11295
11169 11289
11167 11287
11170 11294
11166 11284
11171 11286
11173 11298
11172 11293
11174 11298
11170 11288
11172 11295
11172 11290
11166 11278
11165 11278
11172 11292
11172 11289
11172 11288
11167 11284
11162 11274
11173 11295
11172 11282
11166 11283
11167 11279
11173 11294
11172 11291
11172 11291
11168 11278
11168 11278
11168 11288
11172 11288
11166 11282
11172 11288
11173 11290
11162 11282
11170 11283
11169 11278
11164 11280
11168 11282
11169 11283
11171 11283
11171 11290
11174 11295
11166 11283
11172 11292
11172 11299
11171 11287
11159 11274
11170 11282
11172 11286
11171 11292
11166 11277
11166 11277
11172 11290
11173 11293
11173 11296
11169 11289
11172 11289
11169 11280
11172 11292
