132421 255232
132406 255232
132395 255232
132387 255232
132337 255232
132448 255232
132403 255232
132449 255232
132481 255232
132442 255232
132402 255232
132416 255232
132450 255232
132412 255232
132363 255232
132421 255232
132410 255232
132393 255232
132454 255232
132373 255232
132393 255232
132456 255232
132380 255232
132388 255232
132421 255232
132436 255232
132472 255232
132367 255232
132461 255232
132505 255232
132395 255232
132377 255232
132330 255232
132375 255232
132431 255232
132366 255232
132425 255232
132478 255232
132401 255232
132435 255232
132402 255232
132428 255232
132406 255232
132333 255232
132358 255232
132468 255232
132468 255232
132462 255232
132470 255232
132420 255232
132431 255232
132429 255232
132417 255232
132435 255232
132391 255232
132419 255232
132400 255232
132435 255232
132369 255232
132353 255232
132366 255232
132471 255232
132487 255232
132361 255232
132473 255232
132388 255232
132279 255232
132486 255232
132431 255232
132528 255232
132460 255232
132375 255232
132339 255232
132341 255232
132432 255232
132420 255232
132437 255232
132414 255232
132414 255232
132452 255232
132387 255232
132525 255232
132403 255232
132443 255232
132420 255232
132492 255232
132418 255232
132436 255232
132418 255232
132377 255232
132385 255232
132342 255232
132409 255232
132416 255232
132386 255232
132353 255232
132389 255232
132315 255232
132454 255232
132396 255232
