39595 75808
39605 75808
39579 75808
39602 75808
39578 75808
39593 75808
39572 75808
39626 75808
39551 75808
39607 75808
39573 75808
39567 75808
39589 75808
39570 75808
39584 75808
39587 75808
39597 75808
39618 75808
39617 75808
39588 75808
39582 75808
39635 75808
39590 75808
39607 75808
39578 75808
39596 75808
39575 75808
39582 75808
39618 75808
39591 75808
39606 75808
39583 75808
39582 75808
39539 75808
39551 75808
39608 75808
39611 75808
39627 75808
39586 75808
39555 75808
39624 75808
39621 75808
39614 75808
39609 75808
39595 75808
39566 75808
39614 75808
39591 75808
39552 75808
39596 75808
39592 75808
39558 75808
39590 75808
39601 75808
39603 75808
39616 75808
39573 75808
39599 75808
39608 75808
39624 75808
39590 75808
39565 75808
39629 75808
39566 75808
39560 75808
39597 75808
39624 75808
39622 75808
39628 75808
39551 75808
39630 75808
39622 75808
39578 75808
39606 75808
39590 75808
39607 75808
39609 75808
39571 75808
39602 75808
39637 75808
39580 75808
39585 75808
39552 75808
39532 75808
39577 75808
39614 75808
39613 75808
39546 75808
39566 75808
39614 75808
39635 75808
39580 75808
39561 75808
39591 75808
39578 75808
39581 75808
39612 75808
39561 75808
39603 75808
39587 75808
