147680 163616
147749 163616
147734 163616
147614 163616
147602 163616
147607 163616
147682 163616
147702 163616
147658 163616
147702 163616
147664 163616
147708 163616
147691 163616
147637 163616
147703 163616
147627 163616
147673 163616
147623 163616
147621 163616
147807 163616
147763 163616
147750 163616
147662 163616
147694 163616
147694 163616
147624 163616
147701 163616
147564 163616
147781 163616
147690 163616
147531 163616
147840 163616
147552 163616
147722 163616
147628 163616
147653 163616
147621 163616
147730 163616
147775 163616
147635 163616
147585 163616
147540 163616
147654 163616
147673 163616
147672 163616
147774 163616
147633 163616
147685 163616
147640 163616
147542 163616
147723 163616
147642 163616
147682 163616
147647 163616
147650 163616
147721 163616
147542 163616
147668 163616
147743 163616
147601 163616
147726 163616
147745 163616
147786 163616
147710 163616
147716 163616
147543 163616
147522 163616
147691 163616
147532 163616
147643 163616
147590 163616
147625 163616
147622 163616
147784 163616
147626 163616
147644 163616
147617 163616
147571 163616
147700 163616
147633 163616
147658 163616
147631 163616
147696 163616
147710 163616
147656 163616
147644 163616
147783 163616
147671 163616
147725 163616
147747 163616
147549 163616
147733 163616
147720 163616
147686 163616
147728 163616
147685 163616
147754 163616
147731 163616
147696 163616
147652 163616
