157 286
158 286
156 286
156 286
156 286
157 286
156 286
155 286
155 286
156 286
156 286
155 286
156 286
155 286
158 286
157 286
159 286
156 286
153 286
160 286
157 286
154 286
154 286
160 286
158 286
155 286
160 286
157 286
160 286
158 286
157 286
155 286
161 286
159 286
156 286
155 286
156 286
159 286
159 286
155 286
154 286
156 286
154 286
157 286
156 286
156 286
152 286
158 286
157 286
156 286
153 286
155 286
158 286
155 286
158 286
155 286
160 286
154 286
158 286
157 286
160 286
160 286
158 286
154 286
160 286
157 286
157 286
155 286
155 286
154 286
158 286
156 286
155 286
158 286
151 286
157 286
153 286
161 286
155 286
157 286
159 286
158 286
153 286
155 286
152 286
155 286
160 286
155 286
156 286
156 286
159 286
159 286
153 286
161 286
154 286
157 286
155 286
158 286
160 286
157 286
156 286
158 286
157 286
154 286
155 286
157 286
162 286
156 286
158 286
159 286
156 286
154 286
157 286
159 286
157 286
158 286
158 286
154 286
155 286
157 286
155 286
156 286
156 286
158 286
154 286
157 286
156 286
154 286
153 286
157 286
156 286
156 286
156 286
159 286
155 286
155 286
157 286
156 286
157 286
159 286
156 286
155 286
155 286
158 286
158 286
153 286
155 286
155 286
159 286
155 286
157 286
158 286
160 286
161 286
156 286
155 286
157 286
157 286
159 286
160 286
158 286
158 286
158 286
155 286
158 286
157 286
157 286
156 286
159 286
153 286
154 286
157 286
155 286
159 286
154 286
156 286
157 286
152 286
156 286
156 286
160 286
159 286
162 286
154 286
157 286
154 286
152 286
153 286
157 286
154 286
158 286
156 286
159 286
159 286
158 286
159 286
155 286
158 286
156 286
157 286
