19 34
20 34
21 34
19 34
20 34
20 34
20 34
19 34
21 34
19 34
20 34
21 34
20 34
20 34
18 34
19 34
20 34
20 34
21 34
20 34
19 34
20 34
19 34
21 34
20 34
19 34
19 34
20 34
19 34
20 34
19 34
19 34
20 34
19 34
19 34
19 34
21 34
20 34
20 34
20 34
19 34
22 34
19 34
18 34
19 34
19 34
22 34
19 34
21 34
20 34
20 34
19 34
19 34
20 34
20 34
21 34
19 34
19 34
21 34
21 34
20 34
19 34
19 34
21 34
19 34
20 34
20 34
18 34
21 34
19 34
21 34
20 34
20 34
21 34
19 34
20 34
21 34
21 34
21 34
19 34
19 34
19 34
19 34
20 34
19 34
19 34
20 34
19 34
19 34
21 34
19 34
19 34
20 34
21 34
19 34
19 34
19 34
20 34
19 34
20 34
19 34
19 34
19 34
19 34
20 34
19 34
19 34
21 34
20 34
20 34
20 34
20 34
19 34
19 34
20 34
19 34
19 34
20 34
21 34
21 34
20 34
18 34
19 34
19 34
20 34
20 34
20 34
19 34
20 34
19 34
20 34
19 34
19 34
19 34
20 34
19 34
19 34
19 34
19 34
20 34
20 34
21 34
19 34
19 34
19 34
20 34
19 34
19 34
19 34
19 34
19 34
19 34
21 34
20 34
21 34
19 34
20 34
21 34
20 34
20 34
20 34
20 34
20 34
20 34
21 34
20 34
20 34
19 34
19 34
21 34
20 34
20 34
20 34
19 34
21 34
19 34
18 34
19 34
20 34
20 34
20 34
20 34
19 34
18 34
20 34
20 34
20 34
19 34
19 34
20 34
21 34
20 34
19 34
20 34
20 34
19 34
18 34
19 34
20 34
21 34
