85182 163616
85179 163616
85176 163616
85204 163616
85147 163616
85184 163616
85152 163616
85230 163616
85151 163616
85172 163616
85156 163616
85193 163616
85157 163616
85164 163616
85183 163616
85181 163616
85208 163616
85165 163616
85189 163616
85182 163616
85156 163616
85211 163616
85145 163616
85194 163616
85191 163616
85175 163616
85167 163616
85158 163616
85173 163616
85185 163616
85135 163616
85185 163616
85109 163616
85149 163616
85204 163616
85153 163616
85132 163616
85220 163616
85241 163616
85139 163616
85184 163616
85202 163616
85203 163616
85129 163616
85184 163616
85164 163616
85188 163616
85163 163616
85210 163616
85125 163616
85136 163616
85165 163616
85147 163616
85174 163616
85154 163616
85188 163616
85253 163616
85200 163616
85127 163616
85166 163616
85185 163616
85131 163616
85202 163616
85217 163616
85189 163616
85180 163616
85158 163616
85250 163616
85136 163616
85161 163616
85188 163616
85239 163616
85177 163616
85180 163616
85191 163616
85141 163616
85195 163616
85203 163616
85181 163616
85195 163616
85133 163616
85187 163616
85184 163616
85165 163616
85212 163616
85160 163616
85142 163616
85161 163616
85213 163616
85156 163616
85187 163616
85156 163616
85179 163616
85233 163616
85204 163616
85120 163616
85207 163616
85248 163616
85200 163616
85157 163616
