635 1184
636 1184
641 1184
637 1184
638 1184
640 1184
641 1184
639 1184
636 1184
629 1184
638 1184
636 1184
638 1184
636 1184
645 1184
636 1184
635 1184
639 1184
635 1184
637 1184
635 1184
638 1184
644 1184
645 1184
634 1184
638 1184
645 1184
640 1184
640 1184
637 1184
638 1184
636 1184
637 1184
630 1184
631 1184
637 1184
636 1184
645 1184
636 1184
632 1184
633 1184
643 1184
638 1184
633 1184
642 1184
636 1184
631 1184
633 1184
634 1184
635 1184
633 1184
637 1184
638 1184
636 1184
638 1184
638 1184
637 1184
640 1184
631 1184
636 1184
641 1184
635 1184
637 1184
636 1184
642 1184
639 1184
640 1184
633 1184
635 1184
638 1184
634 1184
640 1184
639 1184
628 1184
646 1184
647 1184
638 1184
644 1184
640 1184
642 1184
638 1184
632 1184
633 1184
638 1184
640 1184
638 1184
638 1184
634 1184
634 1184
633 1184
636 1184
636 1184
638 1184
638 1184
633 1184
634 1184
631 1184
636 1184
648 1184
635 1184
634 1184
636 1184
631 1184
644 1184
637 1184
642 1184
632 1184
638 1184
637 1184
633 1184
634 1184
637 1184
638 1184
637 1184
635 1184
640 1184
638 1184
635 1184
633 1184
648 1184
639 1184
633 1184
635 1184
633 1184
637 1184
640 1184
638 1184
635 1184
637 1184
643 1184
642 1184
635 1184
645 1184
640 1184
637 1184
635 1184
636 1184
638 1184
634 1184
644 1184
641 1184
639 1184
639 1184
639 1184
632 1184
631 1184
639 1184
637 1184
631 1184
644 1184
634 1184
642 1184
643 1184
639 1184
636 1184
634 1184
633 1184
639 1184
643 1184
634 1184
634 1184
640 1184
639 1184
640 1184
636 1184
638 1184
643 1184
640 1184
634 1184
633 1184
634 1184
636 1184
636 1184
641 1184
632 1184
634 1184
638 1184
642 1184
637 1184
641 1184
636 1184
640 1184
641 1184
643 1184
642 1184
635 1184
640 1184
639 1184
637 1184
636 1184
639 1184
640 1184
635 1184
641 1184
638 1184
633 1184
636 1184
640 1184
639 1184
641 1184
