98256 4590
98270 4635
98240 4503
98197 4407
98195 4380
98243 4533
98260 4578
98225 4506
98229 4443
98287 4743
98241 4530
98304 4683
98265 4581
98241 4551
98271 4605
98233 4467
98278 4644
98293 4602
98311 4617
98235 4515
98278 4638
98251 4542
98281 4623
98267 4623
98234 4428
98253 4527
98218 4431
98219 4413
98236 4488
98287 4659
98239 4497
98246 4545
98238 4548
98231 4641
98248 4500
98270 4626
98273 4626
98349 4833
98264 4524
98211 4407
98296 4593
98256 4578
98245 4563
98245 4539
98282 4722
98253 4632
98312 4731
98260 4515
98277 4608
98245 4542
98285 4665
98326 4704
98286 4659
98286 4695
98281 4617
98302 4674
98225 4461
98253 4527
98247 4587
98230 4494
98250 4533
98252 4605
98246 4530
98292 4662
98254 4506
98187 4284
98271 4641
98233 4542
98183 4428
98255 4548
98258 4569
98232 4491
98315 4674
98230 4482
98246 4473
98222 4461
98280 4614
98231 4500
98285 4659
98199 4431
98236 4569
98242 4527
98279 4632
98277 4590
98290 4683
98267 4614
98256 4602
98272 4623
98268 4593
98253 4524
98239 4464
98209 4362
98262 4617
98231 4509
98223 4452
98262 4596
98248 4482
98278 4638
98239 4515
98276 4608
