397249 191745
390900 193002
379874 193608
371239 195585
380747 193446
382560 193368
416719 190503
390433 192165
390167 193806
398369 193788
362881 196665
366946 195456
401980 193251
389145 192768
386303 193512
398049 192630
386723 194400
376037 195222
374479 195552
390901 193095
385681 193992
376250 194352
389529 193917
407270 190368
374671 194877
410950 191643
364254 195387
396278 193074
379956 194151
387303 193443
397225 193851
402223 192045
405859 191946
385402 193119
374030 193611
385264 193806
378320 193053
385062 193065
396402 192903
387553 193503
385352 194160
395255 192636
382796 195003
382044 193353
382380 193713
397726 193878
382183 193530
378516 195015
373362 196059
390285 193329
378295 193059
379286 195429
393249 192723
376978 194268
364393 196788
388408 195570
378661 194874
378544 193821
379749 193473
382609 194661
372803 194940
401625 191589
370074 195234
380600 195168
371362 195579
385634 193275
384349 192333
409496 192357
360645 196224
381270 193791
379768 194487
393905 192831
388045 192504
379087 194529
386419 193080
377273 194628
398669 192624
370986 195102
398474 192027
397667 191352
370444 194925
395839 191871
377293 194709
396979 193233
372333 195528
391513 193062
395096 193128
387413 195768
393395 195021
378985 194055
373716 195339
374349 194532
378884 194373
402159 191553
390069 194292
374251 194055
393824 192849
413681 191754
403455 191292
379478 194148
