183 21
185 24
182 15
186 24
186 24
183 18
188 24
187 24
181 12
185 24
186 24
181 18
183 24
184 21
190 33
183 18
182 15
184 18
179 9
182 15
185 24
182 15
186 24
187 33
185 18
187 27
187 24
184 24
185 24
185 18
186 27
183 15
185 21
184 21
183 12
181 12
183 15
184 18
182 15
185 18
188 24
183 18
185 21
182 9
187 27
186 18
181 12
182 12
183 15
184 24
185 18
183 18
185 21
184 18
184 21
185 21
184 18
182 12
183 15
182 18
182 15
183 18
185 18
187 27
185 21
180 9
186 24
186 15
185 27
181 15
186 24
186 27
185 21
183 18
186 21
181 15
181 12
185 21
182 18
182 21
180 12
185 21
183 18
185 24
182 18
180 12
181 9
187 24
182 15
186 21
185 27
188 30
181 12
182 15
184 21
183 18
183 18
188 27
185 24
185 24
184 18
187 24
182 21
183 21
181 12
183 24
187 27
186 24
186 21
180 12
182 18
182 15
181 15
186 21
182 18
184 24
183 15
188 24
185 18
185 24
183 21
181 12
184 21
184 24
187 21
185 21
183 21
182 15
188 33
183 18
182 12
187 24
180 9
186 24
184 18
185 24
184 18
183 12
188 27
182 18
182 18
182 15
181 9
185 27
185 27
186 30
182 15
184 15
185 24
186 24
184 15
188 27
185 21
183 18
180 12
182 18
185 18
183 18
183 18
183 21
186 27
186 24
185 27
182 12
186 24
185 15
180 6
187 24
185 21
186 27
184 18
186 33
184 24
185 30
181 9
182 21
187 24
185 18
181 9
184 21
180 12
186 27
183 21
183 21
184 24
186 24
183 15
182 15
183 15
183 18
184 18
185 21
185 24
184 15
184 18
180 6
185 24
181 15
187 30
184 18
