181400 96579
204741 93576
188554 95865
183923 96648
197203 94761
192346 95097
187255 96117
184114 96129
183180 96420
186446 96168
188524 96384
203174 95364
186535 96243
192322 95889
186299 95871
188320 95376
187277 95112
198688 94674
188180 95145
187296 96135
188904 95835
183557 96969
191139 94938
193145 95409
186317 96237
182543 96786
192116 94497
191893 95790
188596 95994
194732 95322
199693 95169
182853 97179
178746 96549
186161 96021
189492 95436
190269 96069
181116 96378
184630 95634
194737 95637
186857 95721
183656 96678
194353 95364
191185 96528
192342 95649
188271 95055
204397 94689
199143 95247
192762 95589
186944 95511
186474 95247
187960 95583
185405 95472
194487 95178
184069 96399
191793 95724
190945 95973
196492 94929
202805 94272
195174 95247
184555 96207
178366 97089
188602 96288
196830 95139
183648 95853
189294 95964
187306 95715
190212 95913
195011 94344
178957 97011
214891 94494
189767 95652
187220 95775
195951 95196
187033 96348
192032 95922
190417 95835
188139 95346
199592 94770
187268 95904
187862 95808
191424 95394
204345 95250
193440 94737
185522 96048
191335 95268
201068 94593
202169 95220
200936 94785
193446 95646
195784 94968
184084 96339
188594 96015
188262 95598
183925 96816
187474 95838
186551 96012
194117 94263
185823 96810
185724 95613
203757 93843
