185 66
186 69
181 54
182 60
187 72
187 69
181 54
184 63
183 60
186 72
188 66
183 57
183 60
185 63
183 57
182 60
187 66
186 69
183 63
183 63
188 72
185 66
187 69
182 57
186 69
189 69
183 60
183 57
185 63
184 66
184 63
185 66
188 75
189 69
184 63
182 60
181 57
183 57
185 63
183 66
182 57
183 63
186 66
186 69
186 66
185 69
185 63
187 72
186 69
185 63
183 60
188 69
187 75
187 63
187 69
184 72
185 60
187 72
183 63
181 57
185 63
184 57
184 57
184 60
188 78
182 57
188 69
183 60
183 57
183 57
185 60
180 51
182 63
186 69
183 60
185 60
184 63
185 63
182 60
186 75
184 60
181 54
182 54
187 72
183 60
185 60
184 60
183 57
186 63
182 57
186 72
184 66
183 57
188 75
186 72
181 51
182 57
184 63
186 69
185 63
184 60
184 60
184 63
185 66
185 63
188 63
181 54
186 69
187 72
185 66
187 69
184 57
185 66
183 57
184 63
187 72
183 66
183 57
185 63
185 60
186 69
184 60
181 51
184 63
186 72
183 60
186 66
187 69
183 66
183 57
184 63
187 66
182 57
184 66
183 66
188 75
186 66
189 75
182 57
189 78
185 66
185 63
184 63
185 60
184 60
183 57
184 63
183 57
186 66
187 66
181 57
184 63
185 66
188 69
188 69
183 63
189 75
184 66
183 57
183 57
185 60
182 54
184 60
186 66
189 72
184 60
187 66
182 63
187 66
185 66
183 63
184 57
186 63
185 63
186 66
182 60
187 66
184 63
186 63
184 63
185 63
185 63
186 66
184 60
186 69
184 60
184 63
182 60
184 63
182 57
186 63
186 63
185 66
185 66
190 84
185 63
186 66
187 69
182 60
183 57
