304977 148011
296088 148779
295930 149448
292612 150306
301348 148968
329821 147333
289201 149256
285824 151338
298685 149097
301761 148269
294761 149205
305728 149727
292194 150246
278141 152154
290865 150696
299480 148647
305607 149358
299877 150237
302348 148317
293673 150093
286636 150015
293232 150399
311960 148503
296470 149256
317371 147690
296737 149250
293332 150855
290523 150234
283668 151242
291031 149304
321855 147612
288760 150552
287439 150198
300341 149154
295610 149565
296188 149673
290049 150987
295629 149742
290180 150114
301997 149370
306774 148569
297364 148836
298854 149280
306334 148371
283345 151215
290813 150462
304188 147879
290972 149940
313030 147891
303454 150120
292306 151026
292353 150489
286562 150951
301502 148560
302794 149109
300932 148620
293503 149310
307168 148140
300841 148683
284276 150093
284555 150816
286390 151758
290050 150612
308751 149298
305262 149067
312154 147492
291369 149580
289719 149850
301527 148740
293139 148764
324699 147561
287654 149700
285953 149820
291810 149934
295624 149088
295194 148785
306873 149448
312153 148578
300274 149304
295516 150810
307755 149388
289680 149952
291615 149808
293290 150306
289224 150015
294860 150660
295902 149199
293318 149628
289618 150222
298156 149085
286542 150243
291206 150207
285519 150978
293559 150246
340217 145143
292919 150270
305658 148653
295854 149967
298984 149688
302239 148938
