87482 44322
95945 43458
93648 44118
86950 44472
89506 44271
87062 44334
88627 43902
87515 44412
85963 44448
87356 43932
85889 44757
95406 43965
94654 43539
90488 44094
87805 44148
90375 43674
87703 44268
85399 44607
84555 44613
92041 43641
87500 44145
87254 44559
88727 43878
85322 44421
83745 44313
93793 44325
86079 44304
92448 44142
87810 44226
85208 44856
85504 44541
88375 44166
87930 44385
84039 44868
85668 44598
92211 43959
84246 44637
87207 44394
87609 44403
85780 44328
89636 44841
84947 44328
83982 44646
86297 44829
88579 44298
90422 44187
84345 44973
86951 44259
83082 44880
84031 44754
84122 44883
86263 44463
89092 44082
88166 44298
92495 43629
89636 43797
92171 43662
87044 44355
84304 44901
87223 44469
92643 43551
87312 44316
84535 44346
85575 44382
83678 44994
95062 43689
94941 43437
94631 43182
86165 44556
98092 43479
85189 44673
88529 44109
95645 43929
83255 44961
84980 44874
84688 44790
85219 44667
84345 44820
87378 44148
88973 43725
83639 45105
88934 44487
89301 43833
87421 44268
85601 44583
84473 44598
85792 44328
87472 44595
92807 43896
85517 44781
83415 44664
81846 45084
86301 44664
88049 44139
86073 44679
94385 44226
87250 44082
87448 44334
83878 44898
89176 44121
