38480 6474
38482 6546
38490 6519
38524 6606
38447 6345
38473 6474
38490 6549
38479 6498
38458 6402
38481 6498
38472 6462
38495 6528
38468 6441
38512 6606
38478 6507
38465 6402
38472 6447
38476 6504
38470 6462
38474 6441
38485 6465
38432 6348
38457 6408
38474 6450
38488 6507
38498 6486
38473 6465
38478 6477
38485 6510
38465 6426
38490 6483
38498 6549
38476 6441
38483 6471
38475 6426
38463 6429
38473 6456
38491 6480
38475 6447
38456 6399
38496 6561
38484 6522
38474 6456
38452 6351
38480 6498
38505 6570
38446 6375
38489 6465
38476 6429
38479 6459
38482 6480
38453 6372
38495 6513
38475 6516
38469 6393
38469 6399
38496 6489
38468 6459
38476 6426
38503 6513
38490 6513
38468 6417
38474 6456
38473 6414
38449 6384
38481 6447
38468 6399
38514 6579
38469 6444
38470 6450
38464 6411
38465 6423
38472 6429
38467 6453
38476 6438
38467 6420
38466 6408
38504 6579
38486 6501
38466 6393
38457 6408
38502 6516
38480 6510
38475 6447
38442 6339
38499 6531
38469 6459
38440 6330
38464 6447
38495 6528
38481 6483
38491 6504
38478 6441
38455 6369
38481 6522
38486 6504
38468 6414
38481 6444
38443 6381
38494 6510
