1809 966
1704 924
1813 963
1795 960
1985 879
2003 933
1742 906
1793 963
1895 936
1692 939
1843 903
1760 933
1699 963
1877 936
1811 927
2105 879
1917 921
1852 921
1886 882
1926 906
1822 924
1797 933
1916 894
1927 909
1807 975
1943 879
1752 942
1806 945
1851 870
1707 954
1920 960
2048 888
1818 930
1698 930
2179 900
2090 942
1798 948
1677 975
1918 972
1822 915
1759 900
1810 954
1811 960
1736 936
1850 951
1757 963
1753 924
1755 972
1789 939
1819 924
1670 927
1763 927
1877 930
1781 906
2095 927
1832 897
1780 921
1980 924
1713 909
1898 903
1857 990
2101 927
1868 966
1712 969
1726 957
2040 924
1830 945
1930 936
1991 870
1763 984
1846 969
1956 876
1823 861
1863 945
1833 924
1967 912
2064 885
1793 948
1873 915
1782 951
1794 942
1886 915
1911 912
2098 894
1771 939
1817 891
1700 981
1779 978
2072 927
1918 942
2203 915
1797 954
1804 918
1772 906
1839 921
1793 930
1804 960
1779 933
1786 948
1758 921
2067 888
1682 948
1909 918
1860 957
1793 996
1809 978
1734 951
1820 921
2360 921
1791 894
1832 876
1708 969
1854 912
1985 885
1827 945
1827 966
1754 945
2178 897
1740 990
1947 939
1791 948
1890 915
1773 975
1845 936
1833 951
1749 972
2025 894
1805 936
1745 936
1936 975
1897 942
1954 924
1881 921
1766 930
1751 888
1802 957
1890 918
1696 960
1714 927
1960 948
1820 948
1791 906
1755 987
1867 942
1811 906
1785 933
2065 900
1904 939
1769 954
1799 939
1843 957
1774 948
1945 870
1805 993
1802 969
1784 936
1849 972
1783 981
1810 915
1835 900
2037 939
1757 909
1906 954
1920 951
1830 969
1852 933
1734 942
1887 957
1739 951
1911 909
2022 927
1992 939
2028 903
1756 969
1747 960
1765 903
1803 987
1737 936
1748 924
1744 930
2026 936
1776 951
1741 960
1809 915
1877 951
1893 879
1981 942
1720 918
1991 882
1853 906
1817 951
1951 909
1733 954
1825 912
1934 921
1967 918
1823 951
1660 921
1732 966
1754 933
