1886 1032
2198 1029
2045 936
1993 1008
2145 1008
2201 993
1873 1029
1841 996
1882 1029
2128 1026
2022 975
1917 1047
1972 1008
2139 963
1952 1044
2046 1029
1896 999
1929 1005
2093 954
1949 999
1952 987
2159 987
2043 963
1859 1017
1898 1002
1854 984
1915 978
1907 1017
2028 1005
2085 1014
1912 984
1858 984
1856 978
2066 1041
1908 1002
2196 1005
2060 990
1931 1008
1907 1014
2025 1002
1847 993
1901 1014
1907 996
1964 978
1924 1017
1945 978
1850 990
1873 993
1866 972
2287 930
1902 1020
1814 1047
2033 993
2080 1029
1964 969
2022 996
2024 969
1911 990
1899 999
1964 1008
1986 987
2044 984
2067 969
1923 996
1863 924
2067 1017
1831 1059
1980 1029
1861 1038
1916 993
1822 1032
1936 972
1901 1005
1903 1044
2022 996
2085 1029
1955 1038
2214 996
2147 984
2026 984
1879 1041
1924 1023
2020 996
2082 987
2003 975
1916 1014
2102 1005
2415 996
2069 990
2098 1002
1947 1047
1934 1014
1956 969
1848 987
1944 1041
2149 939
1969 1029
2078 960
1927 975
2134 972
1971 978
1826 999
2002 1041
1858 1041
2042 984
2000 1023
1853 1026
1958 984
2044 1002
1812 1011
1883 990
2139 957
1815 1017
1839 984
1871 981
2239 951
1958 945
1929 978
2147 1002
1953 1014
2102 945
1923 1008
2092 1020
2014 996
1909 993
2102 1023
1981 1008
1914 999
1946 990
1901 969
2224 1008
2021 1038
1874 999
1922 1011
2007 1077
1854 1020
1834 960
2006 1044
2006 1011
2087 969
1931 987
1832 939
1913 987
1897 969
2152 936
1851 996
1981 1011
2023 993
1899 1011
1889 984
1827 990
2081 1008
1820 963
2022 1002
2042 1032
1933 972
1930 960
2215 960
1876 1011
1883 978
1993 1002
2049 969
1929 987
2020 960
1964 999
1947 963
1890 981
1938 969
1865 996
1964 1005
1943 993
1933 1020
1889 999
2002 1014
2021 951
2002 1038
1921 1005
2017 999
1956 1023
1915 975
2081 957
2104 981
1975 1005
2075 945
2001 948
2000 1026
1876 972
1909 1002
2074 1017
1897 1008
2093 981
2019 1002
1790 1002
2094 963
2109 1002
1952 975
1855 1002
1919 1041
1911 1011
2073 978
