311288 43518
311101 42987
311134 43017
311110 42867
311124 42933
311143 42909
311142 42912
311163 43068
311167 43095
311129 42966
311154 42999
311089 42972
311140 43023
311119 43062
311091 42828
311126 43131
311148 42990
311134 42933
311150 43011
311154 43059
311081 42876
311142 43008
311205 43233
311077 42789
311164 43035
311254 43338
311195 43311
311174 43170
311072 42771
311176 43107
311131 42951
311138 43041
311149 43011
311120 42936
311156 43065
311118 42858
311154 42942
311140 43029
311108 42873
311180 43131
311243 43170
311131 43062
311190 43137
311135 42846
311137 42984
311227 43212
311265 43344
311127 42897
311168 43089
311222 43350
311078 42774
311142 42915
311208 43293
311149 42963
311105 42978
311183 43233
311042 42684
311129 43035
311164 43134
311141 43023
311145 42918
311169 43143
311135 42987
311170 43179
311101 42909
311187 43200
311266 43317
311130 42951
311251 43335
311117 42966
311144 43005
311144 42960
311127 42987
311156 43098
311128 43035
311173 43209
311198 43209
311211 43155
311065 42642
311206 43236
311198 43140
311112 42951
311155 43065
311155 43053
311060 42738
311146 42960
311169 43080
311100 42849
311152 43005
311152 43017
311123 43047
311124 42948
311148 42981
311117 43041
311144 42993
311148 42969
311169 43068
311294 43407
311135 43017
311158 43038
