194164 8394
194192 8607
194103 8211
194167 8463
194152 8460
194158 8394
194158 8355
194223 8619
194071 8181
194132 8259
194128 8232
194156 8415
194191 8502
194165 8433
194163 8448
194135 8409
194162 8415
194197 8610
194154 8487
194196 8520
194181 8496
194156 8337
194169 8412
194224 8535
194190 8403
194135 8364
194135 8379
194198 8478
194199 8454
194151 8454
194122 8319
194211 8637
194135 8394
194174 8475
194185 8517
194197 8580
194137 8331
194199 8607
194102 8238
194184 8493
194177 8427
194138 8340
194173 8481
194158 8391
194141 8268
194203 8604
194196 8610
194174 8508
194083 8298
194090 8217
194195 8661
194180 8451
194122 8349
194178 8544
194189 8517
194135 8376
194120 8325
194095 8145
194135 8286
194215 8592
194241 8601
194216 8598
194207 8490
194139 8292
194148 8409
194176 8517
194152 8277
194124 8343
194156 8505
194145 8454
194169 8493
194149 8421
194195 8529
194130 8349
194196 8601
194142 8319
194154 8364
194161 8472
194130 8346
194190 8601
194174 8481
194140 8343
194184 8523
194185 8418
194213 8556
194205 8655
194133 8286
194182 8463
194153 8421
194204 8646
194129 8382
194186 8388
194154 8349
194201 8550
194148 8391
194129 8298
194133 8361
194164 8397
194130 8415
194147 8403
