226967 32292
226965 32358
226933 32232
227023 32433
226927 32238
226944 32166
226992 32466
226952 32190
226919 32235
226953 32244
226908 32187
226949 32133
227002 32271
226980 32391
226928 32262
226949 32292
226972 32358
226949 32253
226948 32211
227006 32412
226922 32088
227000 32382
226947 32376
227011 32325
227075 32667
226999 32394
226962 32193
226861 32109
226863 31983
226924 32223
227003 32451
226877 32061
226963 32247
226914 32235
226923 32151
226908 32208
226963 32235
226937 32235
226905 32127
226880 32199
226984 32244
226979 32382
227043 32382
226920 32193
226928 32241
226905 32121
226874 32067
226982 32415
226952 32247
226986 32232
226982 32334
226995 32187
226945 32292
226833 32007
226948 32112
226921 32181
226967 32271
226987 32352
226989 32289
226926 32163
227028 32403
226952 32292
227056 32541
226899 32109
226853 32004
226991 32283
226955 32241
226964 32310
226940 32259
226922 32136
226990 32412
227024 32463
226924 32046
226977 32322
226975 32289
226883 32145
226832 31911
226948 32244
226961 32394
226985 32229
226959 32397
226956 32298
227009 32475
227014 32472
226913 32118
226961 32331
226867 32160
226926 32094
226906 32070
226890 32238
226888 32034
226819 31947
226976 32337
226982 32301
226862 32016
226950 32205
226948 32304
226920 32211
226995 32397
226873 32136
