24420 4251
24464 4395
24430 4317
24434 4314
24443 4290
24420 4314
24461 4407
24465 4386
24449 4311
24472 4395
24420 4206
24447 4302
24445 4302
24441 4326
24450 4347
24427 4278
24442 4326
24430 4302
24445 4326
24469 4416
24451 4278
24454 4314
24414 4245
24414 4299
24437 4308
24441 4299
24435 4269
24465 4356
24442 4287
24430 4290
24436 4308
24432 4311
24413 4239
24423 4299
24437 4290
24447 4422
24440 4317
24454 4317
24453 4341
24451 4344
24456 4323
24433 4317
24430 4269
24460 4341
24426 4332
24432 4263
24441 4305
24446 4308
24420 4257
24452 4311
24442 4329
24452 4356
24422 4263
24443 4317
24453 4275
24412 4254
24454 4350
24414 4260
24440 4293
24415 4224
24439 4311
24416 4257
24437 4332
24465 4380
24458 4398
24440 4296
24445 4329
24459 4359
24466 4371
24425 4245
24444 4389
24466 4356
24454 4332
24446 4311
24419 4260
24417 4275
24432 4338
24434 4347
24476 4422
24444 4326
24416 4245
24426 4293
24409 4206
24470 4347
24415 4224
24424 4311
24469 4413
24443 4329
24423 4305
24460 4371
24448 4332
24423 4269
24434 4308
24444 4314
24437 4302
24437 4275
24457 4347
24468 4398
24414 4302
24391 4206
