2095 1158
2079 1149
2131 1137
2054 1104
2224 1161
2239 1113
2018 1176
2303 1149
2131 1152
2446 1125
2284 1068
2098 1137
2207 1095
2214 1122
2237 1149
2169 1077
2475 1080
2279 1146
2520 1095
2433 1119
2363 1083
2206 1134
2182 1107
2125 1149
2507 1125
2167 1128
2228 1146
2216 1149
2399 1092
2271 1092
2106 1113
2172 1137
2287 1191
2116 1107
2399 1095
2153 1125
2328 1089
2312 1092
2273 1095
2232 1089
2422 1128
2148 1089
2362 1095
2316 1158
2248 1083
2271 1104
2283 1110
2400 1089
2258 1092
2051 1173
2033 1188
2232 1068
2075 1158
2328 1086
2223 1116
2439 1095
2263 1131
2126 1134
2166 1122
2204 1116
2151 1077
2346 1146
2124 1164
2134 1161
2333 1113
2158 1119
2119 1131
2263 1185
2195 1149
2320 1101
2169 1125
2194 1086
2161 1101
2222 1113
2210 1116
2065 1116
2317 1101
2139 1122
2122 1140
2311 1131
2391 1125
2165 1128
2101 1173
2386 1098
2359 1092
2077 1077
2170 1179
2182 1107
2307 1173
2395 1092
2177 1116
2292 1047
2112 1146
2169 1191
2376 1101
2420 1101
2234 1110
2393 1158
2331 1185
2216 1098
2536 1107
2128 1119
2502 1113
2162 1122
2088 1125
2167 1092
2134 1149
2207 1098
2186 1125
2203 1182
2290 1110
2184 1128
2447 1110
2356 1155
2079 1179
2374 1110
2099 1119
2317 1131
2212 1113
2346 1140
2324 1110
2377 1143
2227 1080
2113 1152
2195 1134
2052 1242
2070 1149
2148 1134
2347 1155
2427 1110
2257 1110
2286 1149
2170 1128
2238 1122
2376 1155
2508 1110
2130 1092
2493 1086
2267 1161
2108 1143
2450 1119
2266 1098
2369 1107
2342 1134
2158 1146
2255 1083
2236 1143
2162 1182
2322 1110
2317 1095
2110 1143
2377 1110
2209 1140
2086 1131
2167 1173
2381 1089
2294 1152
2253 1104
2445 1134
2290 1134
2132 1098
2716 1080
2275 1104
2143 1152
2300 1098
2324 1143
2134 1149
2265 1140
2130 1140
2235 1128
2246 1116
2228 1167
2130 1116
2153 1164
2280 1095
2153 1167
2268 1110
2224 1137
2137 1137
2416 1077
2161 1140
2219 1170
2076 1155
2383 1140
2138 1149
2321 1143
2179 1137
2126 1179
2074 1140
2094 1137
2324 1095
2279 1089
2049 1119
2341 1113
2131 1140
2586 1089
2206 1143
2132 1152
2305 1137
2582 1095
