210542 30180
210533 30138
210435 29901
210442 29979
210534 30129
210525 30129
210499 30000
210550 30198
210446 29835
210515 29973
210485 30078
210473 30012
210503 30075
210539 30186
210508 30078
210496 30033
210517 30102
210508 30114
210462 29994
210441 29811
210563 30285
210522 30135
210509 30081
210524 30162
210583 30279
210457 29904
210520 30147
210453 29961
210546 30165
210529 30096
210437 29823
210546 30186
210540 30084
210525 30180
210539 30204
210549 30141
210460 29901
210516 30111
210485 29952
210560 30294
210466 30057
210552 30186
210485 30003
210433 29853
210529 30084
210544 30183
210485 30027
210475 29949
210509 30090
210550 30072
210545 30312
210521 30135
210463 30072
210498 29970
210532 30165
210565 30195
210544 30138
210430 29841
210519 30027
210556 30267
210495 30234
210550 30195
210595 30414
210461 30045
210516 30006
210431 29913
210527 30168
210556 30312
210480 29925
210464 30081
210509 30036
210492 30105
210491 30105
210545 30225
210555 30267
210518 30120
210567 30369
210508 30093
210521 30126
210534 30090
210538 30237
210512 30090
210470 29979
210517 30126
210455 29967
210435 29865
210539 30252
210612 30279
210517 30099
210480 30051
210564 30249
210556 30132
210512 30027
210506 30072
210515 30072
210516 30180
210555 30228
210511 30144
210481 30099
210492 30012
