277096 11691
277146 11895
277087 11556
277115 11715
277138 11790
277116 11640
277222 11943
277088 11616
277178 11829
277116 11646
277121 11754
277064 11457
277144 11799
277119 11817
277012 11535
277116 11685
277106 11619
277056 11658
277129 11664
277012 11472
277100 11724
277019 11574
277053 11460
277116 11646
277121 11733
277118 11700
277147 11769
277064 11538
277080 11610
277091 11634
277061 11580
276996 11427
277019 11487
277094 11655
277115 11664
277102 11751
276989 11385
277096 11577
277221 11898
277123 11766
277156 11820
277103 11742
277015 11385
277187 11835
277092 11640
277100 11703
277145 11694
277160 11880
277104 11715
277081 11547
277110 11562
277094 11652
277106 11565
277082 11583
277167 11823
277129 11733
277076 11595
277179 11892
277112 11790
277074 11565
277129 11679
277117 11913
277121 11736
277015 11490
277041 11493
277106 11679
277165 11739
277177 11931
277112 11625
277035 11406
277105 11694
277039 11499
277139 11865
277199 11895
277102 11694
277203 11937
277157 11730
277155 11889
277068 11478
277062 11541
277148 11862
277071 11598
277119 11619
277120 11847
277059 11613
277131 11703
277026 11481
277120 11859
277064 11574
277124 11529
277110 11742
277168 11721
277141 11811
277157 11928
277113 11598
277211 11985
277051 11538
277102 11586
277118 11811
277070 11550
