1016 156
1007 162
880 159
1006 150
918 165
1057 153
977 156
986 150
1006 156
984 162
1001 156
850 162
1030 150
945 156
1095 150
1078 150
994 156
923 156
965 159
978 162
973 159
967 162
1030 147
976 156
935 174
922 162
1025 168
747 177
907 153
968 159
979 156
933 171
1001 153
970 162
950 156
947 159
963 162
1019 162
936 150
933 150
990 156
864 153
931 156
878 153
976 171
840 174
899 159
972 168
933 162
927 165
965 156
982 147
890 168
1031 162
891 156
958 159
1091 150
868 156
989 168
868 159
1148 156
1046 156
957 156
842 174
958 162
1008 150
1140 147
918 150
885 162
894 162
1025 162
1058 153
1085 153
1080 159
931 156
925 153
1054 153
945 156
999 147
922 153
1010 165
1010 159
1084 150
1011 153
892 150
894 150
1069 156
999 162
1058 153
946 168
966 159
1100 153
881 162
994 153
1069 156
1009 156
1016 150
918 156
1053 159
1070 168
