9292 21159
9360 21510
8922 22230
8974 22269
8314 23769
9820 19857
9455 21600
8399 21744
8823 21825
11197 18156
9463 21486
8276 23652
12455 14715
8550 23310
9485 21270
8547 23310
8780 22839
8548 23301
9905 20115
8314 23769
8314 23769
9343 21642
8568 23283
9881 20391
9202 21822
8995 22422
8681 22722
10226 19911
9274 21219
9268 21237
9387 21777
8156 23304
8320 23769
10000 19743
11112 17640
8156 23304
9165 22191
8512 23187
8974 22269
8806 22890
9126 21978
8663 21381
8796 22638
8386 22851
9494 20493
8780 22839
10564 18384
9397 21594
9342 20211
8528 23169
8703 22998
8230 22395
9739 20280
8588 22467
9314 21045
8462 23211
8314 23769
8512 23187
9371 21594
8983 20802
9994 19602
9427 21375
8621 22386
9202 21822
9777 20988
8357 22728
8844 22731
8744 22725
8171 23121
9600 20760
9912 18261
8744 22725
8443 23514
9526 21390
8353 23676
8725 21999
8841 22692
8773 22668
8702 22080
9237 21933
11285 16488
8245 22980
9255 22077
9927 20781
8314 23769
8701 22968
8276 23652
9448 21354
9329 21720
8314 23769
8512 23187
8276 23652
8441 21828
9800 20823
9517 21549
8276 23652
8360 22302
9174 21729
8974 22269
8848 21930
