13520095 36933981
13350963 37160499
13595937 36620004
13723636 36423384
13469194 36681783
13315239 37304466
13593443 36688635
13498101 36742809
13582087 36820716
13550401 36726462
13545359 36781992
13658523 36659880
13495433 37102320
13540537 36856626
13372675 37212285
13568589 36712602
13405131 37095849
13634606 36689007
13568309 36756594
13528708 36811431
13250544 37332003
13244751 37450956
13395256 37196994
13603506 36693543
13517530 36819333
13550489 36828942
13247175 37465086
13453021 37104999
13482495 36834387
13405067 37147593
13530389 36817146
13358471 37356738
13477720 36953322
13461841 36884883
13757040 36438882
13438344 37013139
13543602 36742356
13541380 36773775
13419771 37111710
13755648 36352125
13371264 37105515
13334698 37182849
13302468 37254351
13564936 36777717
13512503 36895806
13589001 36620241
13457064 36915789
13402798 37002714
13248413 37359990
13643020 36411048
13535000 36840669
13509332 36915432
13395344 37082748
13312705 37355463
13472114 36846843
13518867 36893829
13416311 36985737
13387657 37158450
13562597 36724902
13373668 37145412
13505891 36958629
13335557 37269243
13665250 36518997
13466573 36909792
13875911 35966016
13854968 35949636
13757831 36389319
13598907 36616515
13164111 37608171
13493978 36991842
13328795 37258215
13458113 36969087
13736453 36401427
13373100 37140009
13510149 36960924
13703185 36451452
13493815 36947454
13587923 36719763
13582438 36675477
13631472 36662148
13557930 36852822
13619096 36668073
13576542 36820452
13240335 37465077
13605734 36722799
13479129 36896202
13723664 36432201
13367597 37169010
13407530 36986790
13466779 36955647
13519606 36760794
13424504 37011312
13689210 36430227
13600854 36721329
13469143 37098345
13432200 37106304
13487505 37037829
13332524 37195155
13722558 36478881
13431265 36936486
