190 87
141 114
106 225
166 117
93 192
145 153
104 216
106 225
104 216
140 153
106 225
124 183
104 216
140 159
93 183
92 186
140 153
104 216
106 225
131 144
146 120
150 96
113 162
140 153
124 189
104 216
124 183
151 132
124 189
106 225
132 114
138 90
165 117
140 159
178 87
124 183
104 216
124 183
125 126
107 156
124 189
113 153
106 225
124 189
121 126
106 225
124 189
105 132
154 129
124 183
104 216
140 159
154 129
168 81
106 225
124 183
165 117
128 180
124 189
113 153
166 117
154 129
104 216
106 225
183 90
106 225
124 189
105 219
103 129
124 183
185 84
124 189
105 219
140 159
154 141
106 225
104 216
140 159
140 159
124 189
154 129
140 159
124 183
92 192
106 225
104 216
113 162
104 216
189 84
140 159
175 102
113 162
124 189
140 159
104 216
181 87
124 183
148 90
106 225
124 189
