1224 1767
1054 1728
1071 1938
1067 1926
1087 1746
1012 2019
1178 1575
1013 1773
1075 1635
1062 1827
1040 1815
1070 1665
1062 1722
1075 1890
1091 2127
1018 1977
1053 1968
1008 1965
1077 1650
1050 1767
1079 1782
1105 1938
1141 2049
1064 2130
1250 1593
1033 1965
1134 2151
1058 2154
991 1827
1066 1716
1011 1833
1056 1854
1187 1617
1017 1977
1053 1638
1061 1926
1138 1896
1346 1545
1002 1842
1000 1851
1085 2175
1054 2010
1152 1650
1034 1815
1029 1881
1117 1716
1049 1944
1106 1851
1076 1968
1084 1767
1080 1653
1023 1827
1151 2052
1047 1719
1063 1875
1084 1845
1021 1881
1098 1674
1132 1869
1097 1665
1165 1542
997 1941
1104 2130
1090 1746
1062 1803
1084 1935
1084 2235
1096 2253
1126 2079
1087 1878
1202 2451
1187 1788
1199 1587
1086 1854
1064 1851
1079 2064
1066 1998
1308 1383
1031 1878
1089 1689
1003 2025
1151 1632
1037 1671
1081 1857
1116 1944
1028 1683
1119 2340
1018 1992
1069 1554
1009 1818
1082 1971
1034 2004
975 1707
1150 1590
1116 1656
1122 1692
1050 1905
1006 1926
1046 1812
1054 1572
