162 60
182 57
150 63
173 60
160 60
170 57
128 69
164 66
131 72
188 57
157 57
172 60
154 57
166 63
165 57
149 60
168 63
172 57
154 57
163 66
161 57
137 63
140 63
174 63
143 63
138 72
172 60
165 60
155 63
164 60
155 63
142 66
173 57
161 60
149 63
181 60
174 63
155 60
142 60
187 60
128 69
122 66
134 69
154 60
136 60
122 66
185 60
157 57
138 60
157 60
166 60
142 72
155 60
174 57
174 60
157 57
151 57
149 60
128 66
151 66
163 63
173 63
149 66
190 60
131 60
140 66
164 60
142 66
165 60
161 57
180 63
146 60
141 60
155 66
156 66
148 66
126 60
176 57
140 66
173 57
162 60
136 66
161 60
139 60
156 66
164 60
166 60
131 63
151 60
156 66
146 60
169 66
174 57
167 57
144 69
163 66
118 66
117 66
146 69
177 69
