1497 3306
1269 2412
1325 2616
1288 2034
1349 2676
1300 2232
1245 2190
1385 1905
1325 2688
1239 2121
1287 2289
1238 2124
1338 2589
1374 2151
1403 2001
1504 2562
1255 2085
1293 2118
1291 2313
1370 2145
1502 1989
1461 2133
1306 2202
1314 2388
1462 2103
1307 2526
1209 2460
1320 2091
1425 1920
1404 2139
1554 2439
1293 2370
1542 2151
1291 2472
1716 2889
1581 2364
1366 2421
1414 2232
1559 2364
1450 2238
1323 2268
1239 2457
1315 2529
1485 2118
1362 2514
1382 2841
1324 2070
1264 2313
1295 2406
1292 2289
1235 2247
1219 2109
1359 2436
1341 2043
1233 2472
1424 2529
1254 2364
1358 2073
1242 2286
1317 2322
1349 2616
1362 2007
1240 2235
1320 2394
1655 2019
1293 2040
1246 2277
1268 2358
1211 2349
1268 1971
1394 2718
1510 1815
1345 1983
1277 2322
1285 2673
1458 1980
1330 2073
1293 2043
1389 2157
1427 2118
1385 2274
1279 2037
1463 2199
1352 2067
1266 2238
1337 2061
1208 2349
1357 2544
1486 2817
1452 2199
1258 2412
1213 2241
1281 2541
1303 2421
1219 2244
1359 2070
1303 2016
1253 2274
1329 1959
1432 2421
