6443 16380
7076 15312
6857 15456
6112 16362
6746 15822
6046 17145
5985 15993
6046 17145
6244 16749
6364 16395
6046 17145
6544 16239
6011 17049
7442 12981
6722 15837
6604 15879
7168 14229
6374 16623
6440 16359
6014 17046
6568 15255
6440 16359
6796 15507
6244 16749
6813 15471
6440 16359
6244 16749
5947 16164
7839 13668
6825 15597
5783 16371
6489 15453
6066 16680
6638 15765
6404 16548
6291 16518
6244 16749
7619 13881
6662 15807
6498 16200
6014 17046
7259 14247
6046 17145
6739 15120
6046 17145
6046 17145
5911 16620
7231 15045
6425 16380
6014 17046
5883 16653
7046 15231
6244 16749
6014 17046
6373 15540
6214 16653
8057 13224
6362 15762
6259 16146
6800 15504
6213 16653
6698 15225
8525 11136
6046 17145
7032 15291
6311 15984
6374 16467
6542 16308
7033 14226
6316 16299
7469 14037
6844 15795
6771 15774
6719 15828
7404 14427
6636 14892
6244 16749
6244 16749
6888 14829
7250 13980
6519 16179
6028 17037
6222 16917
6014 17046
6014 17046
6382 15963
6858 15207
6895 15378
6046 17145
6046 17145
6014 17046
6796 15507
6014 17046
6046 17145
6840 15420
6958 15273
6040 16869
6329 16596
6046 17145
6617 15732
