53731351 148268172
53538380 148602405
53294646 149056320
54235597 147303276
53778260 147997017
53888399 147981213
54450073 146473392
53745375 147995325
53653497 148143225
54427850 146470995
54155003 147564456
53624934 148565310
54096191 147177492
53852935 147738216
53938553 147786426
54335673 146950230
54002413 147366975
54589691 146246901
53255972 149109024
53913995 147469350
53412039 148657698
54317280 146706591
54164631 147299946
53463894 148367892
53578065 148571073
54368877 146894010
54167223 147292449
53388182 149125575
54363273 146667888
54653303 146151069
53535850 148785882
54474283 146837241
53689305 148538985
53970983 147909057
54164617 147498513
53529813 148814067
54514843 146678691
54213348 147022242
54387786 146955399
53501577 148861818
54214012 146581359
54144826 147204711
53815158 148269219
54379560 146987769
54004617 147850797
54073448 147477201
54295347 146943633
53700910 148320399
53993827 147897003
53326332 148966968
53878540 147282219
54413311 146579379
53704908 148120035
54147610 147586233
54730323 145863702
54251193 147092436
53421119 148717764
53827279 148040253
53692877 148317756
54168792 147246852
53666880 148307022
53507151 148452186
54475510 146241636
54320896 146536902
54064322 147393966
54464687 146842833
53411130 148813746
53844578 147531456
54051046 147331662
53732136 148212138
53723977 147990504
53933908 147773619
53474388 148697610
53719533 148216809
53858070 147769653
54072954 147233892
54312574 146711739
54145810 147394515
54217925 147025995
53862009 147711294
53766152 148308807
53588522 148322364
53700328 147633030
53627556 148206459
54229119 146957661
53622380 148261659
53788684 148193451
54010348 147821862
54391896 146584446
54658555 145821765
53638668 148180068
54072402 147439737
54114189 147244050
54103845 147574125
53721086 148047840
53846579 147794502
53540663 148698366
53700743 147824268
54135263 146994315
54093381 147519705
