256894 364086
255860 406392
256098 407628
245675 406755
256318 385236
251822 415851
255583 365871
252171 374781
249563 388017
248510 390591
252366 389334
254748 390390
276352 376668
262987 416733
252020 397131
250929 376650
249969 400734
257010 410250
260579 386064
259921 390288
256473 381513
260308 387192
257947 424695
248070 378975
269223 372930
248890 395841
253583 390486
255698 385308
261500 408318
254951 379758
253527 402087
246884 375021
268851 364698
251410 381432
259552 363873
261896 385395
259248 408294
252351 405435
248147 389700
264131 405402
253633 350256
254726 363237
272054 430557
254640 370062
269520 347265
265189 374367
255236 385968
243493 399828
251305 393528
251588 393060
258067 381522
247962 383169
256331 361407
250990 361479
253187 361509
255086 377490
270366 438009
260454 411963
267646 389301
252130 370488
254618 391602
260110 370005
258198 398883
258477 382026
250343 390528
259821 375882
253752 399492
253119 418122
246848 388386
261108 409839
263446 343851
250300 394293
250374 370950
244201 378108
250733 393633
242831 361221
262654 436446
253944 357039
250400 386085
262279 347649
249660 389142
274311 378477
250712 404493
261791 413709
250939 364653
259274 412428
258247 375453
254527 402417
257895 377487
248958 364425
245211 371094
255569 364869
259728 425211
251483 401544
255216 353094
251209 407574
250058 385467
260290 388392
259619 423855
253380 378966
