235180 348876
231654 348615
244149 339687
236858 341754
245404 342831
235156 374760
256840 362661
245793 361083
248957 354183
233612 360315
232639 347727
237592 345114
243887 368196
242739 404394
231441 358464
245076 354258
239869 379083
235174 374586
239356 394683
234149 339912
236472 368319
249626 362469
232836 344922
236623 372867
255207 359883
238707 361764
234992 360486
234549 347787
232492 346449
235856 345978
233886 350859
235153 360723
240374 368718
239958 385773
232476 389781
248514 333339
235124 369900
242353 420117
250798 390477
238847 347928
238417 347322
276990 333579
255340 335517
228725 363342
231848 350025
244031 340077
253210 373428
233835 367629
235271 361350
227395 347370
231103 357084
259561 365448
238327 362226
235208 363099
236900 357579
253357 351492
248831 354714
243981 388800
230927 364863
247489 394518
243606 380544
246847 345483
232423 368031
252633 366018
232639 377925
247434 354861
250811 332043
246952 346566
268038 393702
239352 335409
237402 373491
237154 334455
242231 421293
232726 356733
236673 354546
242905 384594
236865 355083
235605 368736
239932 329250
241562 350901
235317 382410
256353 348366
246179 365373
237220 371265
242026 339420
228677 382713
240001 362337
247590 335664
235927 354624
226836 353529
236524 359061
226049 368607
241975 345633
236538 358254
231481 362358
239087 356001
231605 355374
237934 364278
239240 371220
235613 358308
