1479 195
1630 186
1423 186
1361 186
1490 186
1400 183
1321 177
1463 204
1437 180
1238 183
1357 204
1398 198
1361 186
1401 189
1575 180
1421 186
1460 186
1275 189
1393 195
1488 183
1428 189
1376 180
1275 201
1449 186
1443 183
1432 183
1493 195
1430 189
1284 207
1405 186
1454 177
1469 189
1329 186
1422 198
1474 183
1432 183
1393 198
1453 186
1404 192
1393 189
1359 192
1318 183
1326 192
1199 198
1371 195
1344 177
1423 177
1272 183
1164 198
1257 201
1443 186
1358 180
1435 180
1439 198
1347 192
1534 177
1476 189
1328 198
1516 180
1478 186
1443 189
1505 192
1510 192
1301 195
1339 198
1194 204
1307 195
1423 201
1398 177
1376 192
1268 192
1475 186
1363 195
1199 189
1531 183
1421 198
1464 180
1416 192
1524 186
1502 180
1457 177
1441 186
1333 204
1453 180
1432 177
1432 183
1403 180
1344 195
1366 189
1532 177
1240 183
1531 177
1434 189
1392 186
1444 177
1435 195
1414 186
1441 192
1460 186
1529 186
