2490 5229
2136 5832
2076 5664
2133 5835
2139 5592
2435 5397
2136 5832
2607 5073
2597 5013
2136 5832
2136 5832
2668 4881
2253 5604
2195 5520
2252 5607
2136 5832
2380 5439
2290 5352
2456 4881
2380 5439
2355 5520
2490 5229
2331 5640
2733 4344
2173 5391
2509 4938
2136 5832
2606 4551
1863 5037
2538 4353
2136 5832
2154 5889
2792 4254
2177 5385
2380 5439
2204 5811
2154 5889
2628 4965
2364 5385
2268 5661
2361 5388
2268 5661
2136 5838
2573 4776
2252 5607
2281 5166
2472 5268
2154 5889
2154 5889
2900 3981
2756 4350
2187 5436
2716 4785
2872 3768
2303 5613
2501 4620
2268 5661
3357 3480
2396 5460
2383 5352
2350 5082
2136 5832
2183 5838
2490 5229
2703 4806
2612 4632
2396 5460
2514 5028
2417 5016
2154 5889
2404 4494
2687 4755
2679 4560
2271 5208
2155 5802
2154 5889
2141 5802
2268 5661
2136 5832
2243 5610
2129 5508
2246 5646
2411 5403
2268 5661
3202 3294
2043 5022
2270 5301
2743 4368
2502 5157
2268 5661
2303 5238
2380 5439
2615 4668
2367 5298
2582 4965
2114 5607
2144 5217
2791 4554
2136 5832
2267 5586
