262 360
199 441
286 303
222 513
222 513
233 402
352 141
271 270
252 453
390 165
280 399
254 459
218 498
252 453
328 303
222 513
252 453
222 513
280 399
218 498
254 345
199 444
329 309
252 453
313 327
275 390
222 513
259 276
218 498
307 372
278 387
304 258
252 453
235 408
218 498
218 498
277 309
222 513
253 351
218 498
238 288
218 498
252 453
222 513
256 444
222 513
199 441
252 420
261 339
260 342
201 456
278 387
304 339
291 378
280 399
252 453
328 303
218 498
252 453
250 441
218 498
222 513
362 162
218 498
252 453
280 399
218 498
293 372
250 441
324 327
227 396
252 453
251 474
198 444
304 339
250 441
276 306
250 441
183 411
329 309
253 438
225 384
252 453
218 498
252 453
201 456
260 444
304 339
232 402
250 441
222 513
278 387
201 456
263 360
201 456
218 498
280 399
263 360
263 360
289 303
