1063 2424
1074 2826
1154 2673
1154 2673
1908 1053
1154 2673
1103 2523
1386 2037
1074 2826
1462 2157
1166 2718
1205 2574
1154 2673
1164 2709
1164 2709
1154 2673
1269 2463
1093 2796
1243 2244
1023 2673
1164 2709
1407 2193
972 2523
1074 2826
1113 2562
1086 2865
1193 2598
1074 2826
1074 2826
1154 2673
1466 1905
1647 1656
1445 2109
1132 2715
1154 2673
1086 2865
1304 2379
1439 2208
1136 2787
1543 1992
1086 2865
1074 2826
1154 2673
1187 2103
1346 2346
1032 2712
1154 2232
1240 2559
1086 2865
1181 2418
1164 2709
1154 2673
1688 1653
1230 2523
1232 2532
1165 2712
1217 2550
1337 2397
1230 2523
1074 2826
1212 2118
1227 2313
1074 2826
1213 2352
1055 2382
1240 2559
1191 2424
1455 2142
1113 2562
1074 2826
1385 2277
1085 2754
1100 2538
1175 2634
1230 2523
1230 2523
1103 2526
1667 1731
1265 2280
1075 2829
1240 2559
1154 2673
1074 2826
1083 2817
1185 2418
1646 1845
1074 2826
1641 1425
1086 2865
1086 2865
1086 2865
1086 2865
1445 2109
1309 2343
1074 2826
1074 2826
1376 2244
1086 2865
1164 2709
1086 2865
