12150 573
12992 582
12883 582
13425 552
12194 576
12259 597
12336 600
12264 585
12245 564
12638 582
13061 552
12351 573
12249 576
13089 546
12946 564
12472 570
12688 564
12307 573
12243 582
12474 576
12930 567
12741 549
13010 558
12629 579
12711 576
12066 585
12700 573
13629 549
12612 558
12402 570
13327 552
13307 564
12929 573
12614 585
13051 570
12769 570
12536 558
11681 582
13196 555
12484 567
12495 585
12477 570
13252 564
12654 567
12424 588
12196 573
12866 549
13666 561
13027 558
13054 564
13579 570
13473 558
12769 564
13244 579
12311 582
12619 552
12910 561
12421 567
13208 570
12953 591
13392 558
12168 579
11965 606
12225 588
11795 573
12966 579
12174 585
12984 561
12417 564
12189 573
12751 570
13245 561
12335 585
12445 576
12544 582
14123 549
12467 570
12140 585
12439 585
13012 576
13050 576
12637 549
13124 576
12334 570
13117 558
12287 615
13378 564
12020 609
12559 579
13286 555
12494 555
12626 567
12186 579
12590 558
12346 579
12321 564
12851 585
12592 561
12793 567
12927 579
