567 1425
580 1416
574 1449
622 1317
698 1056
628 1341
684 1050
624 1176
817 945
823 966
772 1035
762 927
975 654
622 1317
622 1317
606 1371
574 1449
1051 429
721 1122
628 1341
574 1449
566 1422
772 1032
876 837
622 1317
593 1242
680 1239
563 1425
574 1449
622 1317
997 486
607 1062
581 1212
724 1119
777 1053
772 1035
566 1422
680 1239
587 1215
566 1422
622 1317
779 1038
574 1449
782 1059
574 1449
780 861
622 1317
543 1239
566 1422
679 1032
684 1050
931 585
973 585
724 1119
730 1149
628 1341
680 1239
537 1344
631 891
756 1068
566 1422
566 1422
628 1341
730 1149
828 783
680 1239
592 1242
639 1356
948 570
672 1251
566 1422
537 1344
574 1449
537 1344
730 1149
622 1317
777 732
622 1317
622 1317
561 1158
531 1320
680 1239
574 1449
817 777
730 1149
574 1449
818 948
537 1344
817 945
609 1344
622 1317
574 1449
628 1341
655 990
674 1215
578 1089
674 1215
639 1329
622 1317
530 1320
