357 699
333 660
398 732
419 582
363 702
370 744
360 708
369 597
387 822
355 762
371 597
349 681
345 714
376 549
380 522
333 630
416 567
381 783
349 693
367 621
359 612
497 630
395 828
361 747
368 807
369 732
424 588
347 678
352 738
345 720
364 723
362 600
413 525
359 696
395 732
387 636
365 690
354 621
425 744
430 570
373 822
351 735
349 624
454 534
359 693
393 708
381 762
332 651
384 822
342 591
348 699
341 627
337 729
340 798
363 615
344 741
357 825
350 786
341 687
354 774
378 822
353 657
441 687
340 612
351 627
353 642
422 687
379 780
374 783
426 660
405 606
366 693
339 711
344 756
352 591
384 600
403 579
436 582
379 708
366 696
400 546
357 618
387 723
355 558
374 762
369 741
369 597
368 657
369 612
358 690
375 723
364 690
453 678
384 612
420 519
381 681
381 615
359 669
379 840
366 672
