5594 384
5215 393
5944 366
5476 390
5673 363
5323 387
5436 402
5856 369
5511 372
5988 372
5778 372
5489 381
5672 378
5720 387
5319 369
5683 363
5231 378
5795 372
5956 372
6003 375
5363 375
5881 381
5484 399
5679 387
5453 369
5535 369
5711 366
5647 366
5538 375
5659 372
5991 378
5917 396
5608 384
5262 378
5863 366
5525 372
5746 384
5782 378
5409 372
5458 384
5853 369
5371 378
5807 381
5589 384
6080 369
5656 366
5420 387
5409 381
5566 387
5778 375
5400 387
5783 375
5438 384
5945 396
4926 387
5332 384
5900 378
5476 393
5932 372
5418 387
5747 372
5763 384
5447 378
5816 375
5717 384
5343 396
5302 399
5958 378
5722 381
5739 369
5446 381
5343 387
6306 369
5730 384
5849 378
5618 390
5494 375
5711 384
5989 360
5837 375
5356 378
5619 360
5783 381
5457 381
6085 366
6109 372
5846 378
5903 384
5941 381
5353 390
5206 396
5348 384
6053 387
5535 384
5770 372
5532 384
5910 366
5957 375
5376 384
5938 384
