85051317 229054338
83260147 232811346
83289364 232544163
84314204 230429397
84314798 230895402
84225054 230313843
84831748 229692939
85775983 227671890
84661031 229751151
84595763 230359986
84188191 231115740
83894094 230628552
84340523 230541105
83731722 231635175
84270025 230723916
84155348 230576898
83732342 231679353
84281357 230723412
84310769 230638974
84025879 231126009
84228749 230942085
84563183 229675917
84529460 229688757
83927911 231912477
84545937 230143320
83942418 231264306
83598821 232084044
84538724 229986774
84429928 230793144
83765498 231817929
84195518 231085389
84217540 230869248
84551558 230128266
84503375 229967823
84251850 230561307
84186427 231197484
84419123 231161943
83529696 232124802
84624527 229420542
84011987 231330510
84058429 231007266
83524616 232051530
83856115 230892714
84444111 230572524
83909627 231597276
83759132 231642828
84069425 231559365
83741896 231877938
85307957 228475560
83543084 231971385
83861432 231191622
84457203 230418675
85621633 227934981
83941768 231519684
85180578 228619203
83410237 232768638
84034530 231501537
83746765 231739785
83762936 231940494
84528479 229683321
84714758 229677144
84494898 230266923
84592412 229985262
83946342 231663921
85294494 229135038
84588896 229827699
85180812 228377790
84118113 231060024
84702283 229285401
84328706 230024676
84881818 229647915
84874086 229749924
84637199 230471382
83761866 231869025
84491737 230611605
82982515 233461914
83666020 231906456
84401350 230071407
84477951 230416914
84282213 230283249
84576577 230307486
83567206 232423398
84618944 229551216
84701020 229593777
84188274 231096801
84819606 229542468
84115711 231335127
85112458 228818727
83976325 231655386
84667669 229590465
84243123 230639094
84481260 230533452
84867861 229473471
84005609 231235341
84780646 229333017
85065170 228325194
83597145 232641009
83788338 231922119
83547172 232146024
85428234 228597903
