68108626 187166949
68703797 185905020
67619843 188122635
68365015 186822525
69175241 185120550
68750710 185423778
68267171 186736248
68365241 186318321
68073616 187127070
67244218 189276693
68186943 187211907
67481259 188866347
68501481 185808774
67411780 188306214
68141553 187050585
68388084 186951891
68790929 185796240
68150236 187170450
68607784 186522555
68550265 185900235
68216226 187051917
67897674 187382769
67748742 188090520
68269246 186878883
67269719 188792664
68443771 186975945
67544894 188386824
68021808 187487475
68140920 186863667
68466025 186645627
68292535 186911505
68254967 186691203
68983856 185130294
68119952 187147734
68441481 186928566
67922418 188215773
68727773 185766432
68741380 186228516
68341920 187028958
68673824 186501012
67935764 187778451
68656016 185647230
68460061 186776976
67964010 187664145
67975352 187363284
68697271 185754480
67992077 187261095
68178912 187106391
68245639 186881388
69293281 184787622
68437866 186572289
69114347 184720647
68515521 186430902
68948934 185836638
68549374 186151014
68282499 186898647
68517664 186661722
68675409 186332190
69261137 184504224
68506033 186350946
67595159 188576355
68091995 187445763
68907489 185682945
68420066 186738366
68149595 186840384
68201114 186884046
68594463 186084591
67604077 188396364
68387179 186733842
68118317 187290654
69052812 185183181
69893763 183074376
68045576 187486623
67771657 187701861
69100419 184829136
68788035 184985883
68732837 185921349
67978229 187351389
68233847 186899958
68733027 186117600
68130279 187056408
68138230 187318386
68596214 186296358
67986189 187689006
68319809 186874992
67780730 188193636
68305471 186830712
67793374 188165622
68233039 186526074
68019129 187417275
68433308 186487422
68384740 186222102
67962650 187719864
67814520 187732497
68914594 185707236
67990499 188110347
68148247 186645432
68281657 186814116
68121360 187292550
68766460 185769042
