54019 72339
48070 77325
52685 77484
48339 79836
49222 78684
48750 69663
49691 76983
49958 75216
49699 75147
49172 80088
50200 74109
48892 77115
48536 78012
50924 75120
49888 71604
50089 80268
50837 73689
49923 75450
48682 80643
48752 80169
51162 69024
51642 73116
50020 75978
50300 78018
53163 76962
50064 80568
52985 84609
53400 76794
49062 70389
49518 80976
49266 82953
49560 69003
50021 80376
51792 78174
47786 70254
51441 74616
52411 77001
49345 73776
50632 81084
48355 75285
51901 71526
48495 82050
54905 72024
47167 75747
48030 76815
50977 78252
49112 74523
48928 80049
48337 78969
50617 76521
50820 76716
49594 74499
51741 71967
49402 73647
49785 79476
52132 72276
53033 76779
48817 78942
50657 77289
50795 80889
49715 81225
48551 74175
51837 81096
50251 80472
48482 76791
51952 76236
47687 81864
48995 80952
56962 91413
51662 75777
48826 74694
51069 76983
48094 70959
49186 74850
50900 73764
51834 72237
50024 70662
48453 79044
48790 81660
48719 76401
48970 77814
47818 81324
48030 70017
52312 77739
49848 75291
56425 73620
51411 68772
50242 82404
50825 72567
48472 74952
50439 71037
50997 78993
50141 81012
48685 85536
48216 71922
48084 74436
49832 79752
49122 75549
48489 72072
48636 70875
