25233504 25500 14739420
25258015 25482 12866612
25372111 25518 12580613
25117474 25527 24930089
25074151 25428 25656475
25547541 25311 13000499
25005157 25611 23027096
25338515 25482 12209706
25401800 25341 18908865
25300338 25572 13315020
25211966 25449 12526624
25058493 25596 18618045
25118342 25467 16393908
25091277 25569 15687583
25223130 25584 24731501
25361444 25527 25449748
25372066 25380 12634100
25143954 25485 13599434
25277966 25350 13542289
24818382 25647 25301195
25281684 25395 13157899
25023739 25491 18257132
24852141 25746 23800544
25376258 25395 25156112
25092913 25506 12576152
25160173 25509 12834984
24997699 25593 12339931
25308312 25359 12438538
25089157 25584 12999623
25161799 25449 22921083
25191748 25611 24434957
25056791 25542 18620747
25248811 25434 13887002
25146363 25686 13123430
25427664 25383 24932472
25302588 25278 24376560
25320665 25533 16033308
25239433 25467 25135855
25005558 25578 17259674
25225283 25623 12701416
25232457 25380 13455732
25197249 25464 25829672
25218086 25467 12053490
25149024 25515 12474072
25267402 25389 12897553
25315969 25440 23689991
25342872 25512 14148839
25213946 25524 23673970
25014129 25557 12809904
25237512 25545 24351661
25066850 25536 13297877
25219117 25281 12864592
25217838 25395 23680322
25067724 25572 25287609
25062604 25548 25153269
25138682 25497 13307268
24980045 25587 12949860
25178626 25548 13006468
25012730 25611 12728321
25211325 25392 15995913
25049624 25650 22750097
25214302 25314 17678157
25425916 25356 12574217
25077324 25389 12558513
25035196 25503 12865157
25188816 25560 12353896
24935784 25509 17592125
25149305 25539 20859062
25019030 25671 12768384
25354194 25326 12371225
25037193 25620 12485879
25300090 25488 12788286
25114763 25506 24474938
25126492 25401 14837811
25296793 25593 12780465
25371752 25452 14965350
25261141 25473 20180701
25169285 25524 17003641
25092203 25419 21629300
24961060 25689 13140639
24942927 25473 24823628
24976941 25566 16821234
25195715 25455 25614194
25313503 25407 24482294
24940512 25710 15998300
24823080 25566 12413491
24976181 25455 12202266
25039108 25605 21594651
25222664 25398 13437509
25212467 25389 12293967
25256249 25413 13061547
25092634 25452 12671023
25311216 25350 13148713
25093544 25605 13300072
25126453 25506 12732710
25322727 25365 24152181
25353523 25563 23676750
24973625 25410 20109379
25157711 25647 15880824
25259607 25512 24105397
