3328974 9323019 13274510
3394367 9214644 13302416
3390024 9164802 12920431
3337398 9282408 13035428
3414085 9142428 10713981
3468644 9007881 6720828
3406867 9178398 12927717
3437328 9051378 6394643
3326658 9322497 6703312
3395971 9150729 12191509
3310801 9319959 11810958
3337628 9333978 6991886
3354817 9306267 13313662
3367843 9224208 10297239
3324382 9282432 6849123
3454709 9059178 6893248
3347192 9277320 7338952
3355883 9252180 12741816
3372201 9269370 13069002
3326706 9338979 6940502
3373660 9185214 12327245
3424725 9095172 13470190
3456274 9084717 6629020
3379736 9219084 7957975
3432143 9142038 13065023
3330447 9318051 7775285
3404084 9200538 6660098
3322075 9328638 6850105
3427961 9102552 6884025
3434768 9021960 6682487
3334969 9330660 6747899
3443907 9059490 6777625
3284670 9426438 6763211
3381837 9210186 9714922
3415845 9177150 11530621
3386725 9215724 9976045
3389924 9176925 9557158
3381354 9155322 11722097
3473495 9009954 6652983
3324392 9341643 7164107
3474334 8987841 6503424
3437054 9080538 6867402
3332193 9338799 8088089
3398279 9214683 13406553
3343174 9334908 8180824
3372460 9219282 7444534
3330586 9293388 13269541
3430637 9114432 9658305
3381497 9192843 6504420
3359467 9284121 6569693
3364052 9254640 13460801
3368508 9284883 14064477
3354020 9289128 12610696
3360457 9254946 6550001
3400130 9220608 7082027
3347622 9286347 6561435
3409763 9110376 12737882
3387886 9214956 9624206
3400599 9171585 6947115
3337987 9324624 6546033
3353993 9248985 6851873
3321864 9318156 13979842
3370993 9202236 13593801
3414235 9124929 10487494
3434643 9106734 12374734
3330197 9291459 7118651
3366345 9246987 6803712
3429912 9117585 13427807
3343094 9300228 6799304
3396764 9138471 6639160
3373090 9238242 6712872
3378323 9198435 6752312
3467347 9019287 11765266
3447607 9104292 6669798
3458123 9054813 9749706
3382349 9234945 12233971
3352354 9302679 13754651
3356958 9293880 6669746
3362598 9247527 12926009
3409083 9131352 8489711
3405801 9130764 13211671
3376983 9209874 11069309
3350610 9293112 12994642
3357854 9279339 9974410
3357444 9219522 9179779
3410405 9088119 13305168
3375541 9236952 13576632
3394535 9166668 13632755
3449408 9106689 7021159
3378222 9226797 6423302
3348429 9237639 7028164
3341028 9310329 6711288
3393085 9170964 6685965
3377421 9199047 12435556
3352902 9233184 11561769
3383292 9198951 6960938
3335356 9319866 6802983
3413547 9135441 6655144
3351828 9244212 8966479
3348688 9276993 8232423
