134969 210912 781600
148102 216456 972264
141277 217554 1022286
139943 204351 967911
159696 224958 739378
139956 219483 984777
137731 207945 937013
140407 219420 777489
134825 207468 782365
140939 223323 971860
144075 208206 852884
138624 205227 898491
136500 204936 932563
140123 198729 957582
137354 204804 946538
143745 246204 944204
141105 220614 871768
138622 225285 997449
133770 200844 745396
140996 200217 894303
135048 205374 1038811
136134 235953 963226
147445 210345 1029829
138020 205947 723707
139289 199476 771827
147504 209133 984327
157444 221526 985468
140440 223626 737679
141375 216117 953636
145096 244413 758190
136216 226479 753241
137989 213399 779608
137566 200415 943145
140771 224742 758380
146627 201975 946630
137553 204090 993625
145832 194331 760805
137785 208074 788038
138773 205398 931185
140705 217587 944837
142629 202977 971808
141033 200040 897109
137214 210300 982167
139369 188922 939820
139643 206166 909505
139460 238989 747884
147269 227715 1012448
138491 207726 787193
138201 204954 969276
140400 217638 946330
138492 240549 993601
146549 205500 687018
139588 202914 738034
141819 208014 930333
136531 202956 954026
136030 209466 992789
144868 219792 949521
138496 200220 762909
139961 243150 816500
140424 211101 1004406
136697 214539 932771
139432 202293 765012
142679 234165 982370
147738 198474 1040320
142007 229440 906847
148594 194022 980803
135765 197490 949166
141315 205239 704657
136615 206268 907108
140590 217476 952138
146065 214359 982891
142268 191661 921555
144516 214605 721615
143760 211530 919627
135152 203127 1074081
139697 231066 990764
136418 203115 782734
135258 206829 1021944
148988 214776 1042849
153464 188253 732037
138317 226686 973026
138699 215661 705485
141268 200559 863500
148720 216984 765033
143946 200154 954962
149562 205035 1008471
146655 212622 981517
139028 219744 813782
138085 219714 747392
146973 196320 730044
138940 240753 737875
142696 217671 799248
145128 202881 779238
145996 194022 956296
149541 216150 920755
144361 206973 902995
154094 193107 888267
137814 226842 957067
146872 207054 1014626
135088 217905 830556
