216452 567795 823479
204686 590220 447588
215899 561717 480117
215790 568305 727757
208378 573684 751271
215575 563742 697214
219718 560148 708902
205265 581244 583856
212476 572841 755095
215321 567294 735789
211725 576198 476025
214331 567063 442870
211040 580647 435990
209875 581586 490522
216571 562668 494799
209164 576987 446018
203429 595344 492754
203908 586005 445630
211024 577371 457516
214667 568758 451505
207196 587637 759930
211363 577380 471892
224630 547020 454872
211157 573822 486869
213585 566352 437989
212347 574590 461881
211445 577839 460996
207613 584568 430128
212567 576939 411929
211237 579924 820157
208303 586248 387166
231474 532104 771074
212169 575607 727521
220075 562350 797990
214768 565017 705775
225795 546345 747419
221237 554433 763258
208543 581547 421466
210380 575037 674950
206937 588852 454039
210770 578973 484353
200796 596424 476731
213165 576432 812885
211853 574131 763706
230783 542112 461878
213001 570951 845845
207011 587001 453848
207482 578877 460562
216717 565116 440541
215051 573822 782239
209495 583548 797461
208399 574386 457649
223556 550998 450892
210235 581802 455456
209279 583800 815551
234111 528171 808737
211192 582330 880062
215934 570777 425194
219911 558750 615453
210311 580185 384182
207112 584640 476347
207462 584709 475295
216112 560016 455451
217519 553557 694545
208136 585129 773132
216156 570273 765034
213316 550662 747479
215566 565818 770884
217636 558909 473419
210444 579420 802492
213734 568983 418848
214052 570789 419366
212309 579675 699803
212889 573714 447180
208461 585105 476183
218774 562008 453083
240428 516063 680019
223838 554091 460285
214202 566580 805583
211023 579930 466738
213357 570570 455076
209725 580980 836589
225995 540474 791010
213141 574086 667978
214434 568584 367598
216119 561453 528648
226849 539841 789206
212082 580029 444371
213373 570000 718218
217514 566475 485435
207421 584010 421238
210792 576498 703582
214671 571029 839868
220365 558837 780937
208339 578904 439751
216036 560283 478319
221088 557781 773831
211593 573672 749034
207976 588138 452178
214317 567933 806629
