25956481 40091697 94905663
25696200 39463554 95535153
26094896 40064697 110422154
25787948 39591990 86028987
25650269 39424422 86650921
25806622 39610455 72943840
25633215 39585339 81888738
25848155 39807093 79976857
25916437 39781041 60429220
25864985 39824877 100144626
26110447 40170525 74937209
25721779 39539433 65873081
26006232 40074327 59644184
25741356 39678201 84474982
25868920 39900882 62065590
25554129 39127245 84473176
26148968 40151187 59364072
26185902 40154634 63047841
25893900 39757221 74235854
25961701 39856788 96089028
25867937 39842151 60955991
25922641 39965994 59712968
25944867 39980256 96390447
25601305 39489948 83376945
25741170 39384195 59429292
25883409 39840690 88033679
26072654 40131390 60219047
25801744 39807411 80428261
25430704 39294231 59975253
25467359 39148851 60520103
25841336 39711462 61475597
25579505 39326781 85179155
25799478 39721764 77494958
25990051 39973650 89040339
26160861 40169049 91599708
25812330 39668946 61416689
25414360 39103608 59035144
25906763 39896370 61066542
25746943 39627537 113472095
25803141 39645786 72810168
26176595 40308180 86548493
25736865 39521412 74269613
25750952 39471681 58749443
25885278 39663351 65314380
26048208 40393146 96689933
26115836 40171980 73044219
25788517 39681408 89828380
25343483 38973618 58852960
26022261 39948831 61041324
26243861 40356252 61482815
25646841 39530760 60031914
25424995 39001365 90994951
26315319 40359447 61264416
25892871 39841974 79359752
25624543 39448659 93257845
25793905 39794364 59909672
25977473 39897030 81169469
25560643 39350844 62802057
25926909 39725256 59234431
25615458 39314061 85608629
25898122 39771507 82406830
25877625 40027572 96961017
25934419 39968844 84994595
25664691 39505671 60775367
25606462 39358032 60695083
25781322 39547074 74978294
25467224 39105672 59900509
26093853 40257705 85561729
25531661 39310734 60200683
25976252 39937428 75450346
25797646 39646638 60482847
25576317 39462696 72119802
25480516 39270252 88165984
25971836 39879396 61835276
25505154 39358617 100416682
25965012 39975621 81714235
25763014 39566970 94018347
25520862 39323850 85830364
26069500 40036854 61489278
25938678 40035735 60050654
25849158 39773649 64853353
25826943 39669324 58428656
25853460 39701451 81736699
25564332 39272757 67347897
25758117 39480063 59198921
26044893 39851583 90967333
25918579 39995292 61071887
25731225 39496053 69530163
25738679 39633108 90054225
25931134 39819315 81779093
25848220 39721272 97438128
25759223 39468711 94420729
25901085 39891384 59681999
25400012 39433350 91109666
26296039 40520472 68072337
25716660 39537279 60759267
25832422 39765216 78532417
26187299 40228542 95806770
25467122 39309237 78194896
25700726 39384318 97140348
