242279 426036 2008823
237082 401205 2027675
260236 398496 1367156
238077 387927 2066187
248205 422319 2244739
243701 390135 2076996
236649 424704 2134399
258750 394521 1464838
232151 415335 2067832
245838 379050 1475547
266165 494094 2148137
235630 415287 1991280
235090 399138 2108096
232060 383913 1476743
244157 396300 2016201
261413 421833 1515738
238160 375324 1353581
238694 355335 1435573
249573 385383 2065838
255726 470118 2156670
248664 399219 2097235
236429 386937 1753168
246855 398064 2142503
234782 407955 1471112
264090 460476 2263917
230516 369081 1410092
244005 383238 2060842
252892 409107 2145113
239137 367554 1457934
240851 374829 2070734
244473 392607 1960160
234449 402417 1471720
257035 390948 2133739
240931 384726 1433681
244980 384750 1447716
244810 372459 1482513
275771 407610 1340157
251415 462906 2130397
248249 419607 1336766
235616 386718 2114983
258637 412182 1385957
242180 365031 1276114
231974 398742 2007467
262111 398802 2075180
244691 383964 2073079
232189 372609 1511604
238187 414525 2078378
233433 383973 1506235
240119 373170 2197372
235951 391479 1453597
240519 403356 1425116
245843 377286 2096340
261850 409764 2169638
239786 416802 2115756
230435 375552 1453495
254178 430656 2191606
238565 404025 2139008
250285 370113 1447819
244639 388674 2035123
276037 469017 1483313
243782 393024 2100534
239058 410535 1506556
235464 381969 1378344
239355 378000 1325814
240416 415515 1933081
236344 369411 2043012
269863 466056 1482302
231434 376896 1402385
246987 415155 1740366
238498 376530 2067757
254627 414093 1443629
250329 407754 1477670
239462 395571 2050694
243885 361626 1424624
246449 430767 2247336
243318 405639 1851160
258021 416061 2157524
248853 387576 2082223
236413 367338 1459468
272388 418218 2127246
244287 442134 1448376
238616 391482 1441244
248468 430359 2035988
252877 417159 2163187
248740 366861 1394418
261285 480783 2169355
236357 391686 1488974
241838 392040 2078275
241937 397689 2146999
251298 408744 1401175
246937 454689 2103449
240115 398706 1821441
249660 349065 2114135
242843 427041 1620965
254543 476382 2176456
237120 410238 1404371
260180 403668 1427558
227853 369066 1470872
249850 384087 2081334
236214 419184 1737663
