10357 18606 83789
10509 18810 85187
11139 19353 74261
11045 20331 88422
11694 16986 85449
12026 19200 87087
12375 20334 104201
11214 19587 52645
11008 18939 84368
10209 16731 77197
13429 27288 88650
11378 19275 75656
12152 18675 78615
11673 17577 79442
11863 21345 95177
10179 17172 76428
10292 16725 57416
10746 18780 62017
10616 20664 96053
10253 17136 87342
10388 16902 74796
12220 21192 86879
10647 20289 86254
10806 16818 81861
10570 17577 76024
11722 20859 54904
11542 19485 92503
10674 17169 81735
11809 21075 52389
11128 20490 85591
10977 19719 85364
11505 20019 57393
12007 18207 79470
11987 19677 92637
10151 17250 86842
11797 19011 55112
10799 20013 59414
11164 22254 86944
11200 15822 88776
9840 16872 86163
10536 18498 87241
10419 17193 84950
10328 18906 92296
11314 18513 87663
11816 16089 89372
9990 17376 52744
12455 24759 87104
10958 19521 79256
10538 15429 85733
10045 16488 86871
11136 22047 83872
10712 18405 81701
10068 17166 81019
11659 18753 90920
10442 17700 80280
11083 18285 54741
11002 19917 87152
10914 15882 76770
10943 17907 57580
10521 17703 83660
10748 17286 61871
11090 19524 81193
11222 17025 83197
10418 17499 84373
10418 17901 73425
12223 20748 87845
10911 18342 62267
10994 18849 82770
10652 19830 83522
10778 18723 78837
11373 19194 76504
11009 19431 62276
10919 18429 89415
10292 17958 75318
12257 22524 89125
11499 20814 82777
11358 21465 84901
11131 20424 91282
10685 18600 81894
11094 20928 98780
11710 18096 83677
10907 21603 81578
10748 16920 89203
10926 17871 80630
10163 16521 83429
11049 19371 101908
10646 18894 90364
10143 17562 78545
11541 18825 105652
10647 19056 86422
12277 21438 96172
10375 17016 80312
10729 18453 81193
10444 18852 83735
11611 20406 89477
10665 19953 78408
10582 16944 89996
10496 15186 83184
10024 17121 92104
10664 20628 89250
