1601026 2484408 6694825
1628889 2501655 3639439
1613393 2492316 6268815
1591245 2449488 3591187
1615377 2496933 6331552
1636490 2505339 6158404
1588275 2452473 5261031
1569468 2418966 5591586
1558712 2411796 6549877
1575806 2425734 3547990
1644388 2529513 3591821
1637848 2521152 4324099
1580849 2448441 3141219
1629428 2505024 6672239
1635167 2516925 6480740
1609132 2462019 6097523
1602982 2459247 6372480
1603168 2470287 4450736
1615948 2480097 3496271
1592708 2456184 6787953
1603868 2458647 3548956
1639311 2508963 3436401
1595328 2471616 6593481
1607441 2472243 3519221
1610198 2510754 6231889
1610592 2481708 6719228
1609842 2476641 3332726
1635431 2513124 3715015
1646995 2530806 3594014
1611867 2489769 3368728
1637421 2515332 3620266
1611608 2487984 3603869
1601021 2456502 3375453
1599336 2466546 5877657
1672203 2564295 3171177
1610207 2484006 5099986
1594356 2437821 3406570
1612662 2488032 3602308
1651669 2536746 3430877
1621784 2487207 3617570
1558938 2421021 3062865
1608027 2493573 3619778
1627827 2504079 6816814
1609785 2497236 6313460
1615844 2491539 4473922
1606908 2487384 4504542
1644828 2517993 5945890
1626536 2499570 3127474
1647516 2538078 6862999
1570110 2420076 3464882
1625706 2520840 6164659
1622482 2477661 5918270
1615355 2477082 6583758
1577420 2431248 6111641
1635893 2516904 3562027
1611804 2482833 6045664
1626710 2506320 6342785
1612465 2476731 6418952
1610916 2485884 3576282
1610903 2470434 5915426
1606671 2481825 3525362
1634144 2500542 3588037
1655314 2544768 6765635
1614189 2491941 6269802
1612247 2474682 6866321
1615725 2503110 3670062
1661239 2560695 3640354
1621817 2499753 3597109
1626711 2497926 3711345
1618801 2483028 3542367
1640802 2545158 6578756
1597957 2449824 4460101
1617305 2494668 5786810
1604733 2462511 6227294
1664663 2569890 6425645
1579570 2414187 6293248
1549557 2397093 4169924
1624058 2496555 6427684
1611885 2489487 3538763
1604459 2480298 3624288
1602409 2466120 3496807
1639661 2538768 6306197
1635364 2512341 7084800
1618517 2483937 3325407
1596553 2477772 5138977
1571504 2417115 3452160
1567141 2417337 6227123
1640289 2537160 3498404
1656113 2553282 3795202
1635390 2497248 3826497
1620385 2508852 3263471
1592985 2447289 6057068
1614194 2481558 3455912
1619616 2505018 3460149
1625076 2503821 6663734
1596691 2464752 3710856
1669164 2565942 3761631
1634347 2506479 3597750
1579306 2436507 3606885
1631224 2514405 3587449
