149891 246075 1284267
149909 214698 899316
162525 297474 935670
157005 268377 1079456
154843 248229 1281802
160646 273237 937978
150846 248739 1320328
151365 247755 944861
151913 269091 857717
159742 224637 917000
164343 294366 852341
150637 248061 898579
159705 288450 1310458
160684 282426 1327198
151269 254613 1359482
165477 236652 1373022
147340 254418 1178867
159702 269016 1300235
161028 269445 959075
150268 238899 1227750
156003 276507 1332966
170340 307434 1307015
157726 226455 896052
166307 296499 1415001
153122 267057 874948
158724 255573 928053
148464 256866 1342784
155495 256119 916087
155090 253614 1328821
173180 271902 935763
149941 247113 1298341
149806 265584 1320842
163259 265161 1349845
150609 269055 938484
148876 232557 893714
168173 276789 925630
164019 265647 1204071
147084 236949 921529
150182 245685 1168252
146065 249078 1295428
157650 271728 1299430
149156 231771 1140480
146440 253380 1337290
157682 272451 1405313
164548 265077 950144
152247 247356 869362
159986 251610 1167940
153888 273573 894560
157734 244053 918285
153868 275904 1281838
180169 259815 1268708
153672 244350 1172888
158496 241551 1281511
153768 253314 879210
147144 254670 881940
151410 245334 911304
165987 278673 1257259
157437 278076 1406312
152224 262971 887725
158174 277737 1425633
146288 246987 1215787
153577 245925 986139
158277 267432 1195146
149766 237645 1290722
151504 251025 903868
155828 258033 1345051
151217 250887 933369
160151 266997 1261144
154221 246318 1251572
170338 256536 867586
162202 253455 1273692
167587 299238 910881
145862 227859 1193891
153072 256296 878358
155583 262404 1380300
150555 255504 1279399
149858 235644 1301655
157391 277506 1247122
150267 267363 1169861
160582 269355 1238438
162495 259731 982883
156890 251880 850548
150072 239406 1296293
156936 274188 929304
166845 241611 1051279
164190 253581 1227644
148182 241935 1209088
165265 271524 1417573
149311 239625 1288719
153261 245505 1325581
157248 272931 1341368
156360 260421 889461
159819 275061 939967
157865 265629 908335
157547 243468 1261603
152352 240864 1173571
147212 255948 943945
150541 236850 883114
156852 264288 971439
162110 235005 894017
