10058698 15457485 22894608
10243187 15714813 43031259
10130658 15599667 43809896
10146371 15590700 43822059
10119419 15525405 27429455
10163100 15610521 23798774
10135013 15611508 22802214
10006981 15378663 25618655
10162200 15721560 23218825
10183982 15653454 22564711
9940815 15266697 40658212
10171169 15660651 23601022
10171658 15561006 38874096
10142119 15598437 23561368
10230576 15687990 23400008
10168825 15709596 37207743
10077185 15494238 22409177
10103932 15509646 21869546
10151660 15660960 24604836
10157020 15659484 34443135
9996022 15343950 41618109
10144835 15614397 30245284
10253493 15680541 24521958
10102557 15682122 23685786
10232782 15775245 23050217
10065295 15491730 41808359
10036149 15407256 39837434
9979492 15376854 41828628
9998011 15420579 38785765
10073123 15499278 23092576
10005296 15353871 24005214
9980872 15326736 33326726
10065184 15485955 43519363
10062489 15486126 36346568
10014239 15437520 23247812
10208259 15707157 24134333
10140504 15571284 38470700
9988550 15355872 37766864
10069944 15480798 33526523
10087697 15508614 25212032
10200852 15720357 23056863
9961938 15319575 41382111
10118766 15631185 23793444
10270176 15775338 35874249
10000479 15430149 28483295
10169019 15605856 30514573
10066185 15570792 33221807
9825911 15182310 21893047
10156530 15699675 23362704
9967065 15338634 24887267
9968913 15343962 42515563
10109676 15542844 39705624
10031785 15400827 43354321
10183626 15663474 24226343
10019747 15435150 23112485
10004465 15432951 23387746
9942453 15297312 22748142
10102770 15533526 23360083
10037524 15483894 36664841
10015136 15364239 43172539
10090857 15502515 29340093
10027725 15418209 27625117
10118654 15512616 23617911
10152499 15569868 45010092
10058029 15474087 23974572
9990442 15431742 22384112
10046064 15493683 36516066
10064040 15494925 21894943
10050625 15432885 22955710
10047774 15425709 23126692
10084731 15476142 23584281
10136306 15501582 39380694
9880015 15204012 40729754
10010082 15396066 44100476
10113447 15554646 34959494
10022530 15411666 35119967
9918001 15295245 27546843
10047795 15477678 41645228
10183347 15690969 41947329
9970411 15349533 27416812
10166447 15686916 44682639
10079003 15552018 41036902
10001399 15432126 24478156
9926976 15285999 39483313
10208104 15762489 44633483
10287704 15848760 23976347
10099000 15531534 35263149
10086019 15529689 37228941
10135641 15618720 29914356
10088609 15513012 42606767
9993818 15387312 32771312
10058244 15526323 22767059
10005460 15404355 27224370
10051359 15406539 34463147
10267466 15775629 44848682
10111277 15601437 37807368
10162690 15716907 33163082
10029948 15370791 34844735
10158243 15644574 29141214
10027138 15380070 24680336
