3512790 9528 5456356
3535049 9678 5633048
3553629 9546 6028126
3470367 9747 5597325
3596010 9648 5860662
3565968 9594 6087315
3513285 9648 5740518
3524727 9585 8461813
3474852 9609 5731768
3533383 9546 10674366
3555167 9672 6005815
3590633 9639 5974232
3560462 9612 5733493
3591073 9618 6111218
3499559 9729 10270211
3560667 9585 7918272
3525770 9615 5603234
3533703 9564 10684439
3565130 9579 5853681
3539306 9684 11774519
3574491 9582 5966623
3522846 9615 5630786
3526019 9654 7782009
3602584 9648 11608080
3555844 9633 5950444
3555174 9651 11632004
3539337 9618 10884953
3483300 9594 5875806
3505400 9678 10704187
3610727 9540 11489112
3537752 9639 5818344
3538879 9600 5838781
3541737 9579 5705199
3559222 9624 11351233
3602043 9537 5986894
3525607 9633 5498603
3504951 9663 10362623
3606819 9564 8439467
3545522 9525 12314044
3576392 9591 5870818
3580145 9534 11868726
3506525 9630 9109158
3540420 9618 5398319
3575208 9615 5923897
3576457 9552 12073062
3562556 9657 9296771
3522544 9654 5790701
3498851 9582 7131364
3572654 9570 5962873
3522833 9633 11316879
3567202 9609 11129647
3553005 9591 11744544
3563551 9627 10092033
3603688 9507 5765362
3546379 9504 8307574
3543353 9567 5720572
3524663 9606 8677552
3496336 9792 10029582
3537220 9663 5794730
3522958 9675 10932252
3549069 9645 11646708
3527987 9591 6907595
3560925 9594 6068395
3583581 9513 9166605
3530801 9669 7658760
3501244 9618 5582498
3513875 9552 6055683
3512566 9609 5897114
3553668 9678 5672615
3522252 9639 11280576
3584658 9519 11533400
3562957 9531 11185377
3599791 9609 11418553
3590745 9609 8420924
3530443 9588 6206625
3493910 9690 5359595
3555210 9501 5805458
3468267 9741 6841428
3496998 9600 5834693
3526148 9654 5813318
3502886 9705 7562942
3583428 9486 11694066
3567954 9555 11090977
3591705 9612 12073700
3518814 9708 5703483
3525034 9615 5979393
3594673 9537 5920278
3496655 9699 5447463
3528242 9639 11221876
3558496 9639 7753818
3573984 9594 5942391
3552979 9618 5707892
3588655 9543 5731828
3548778 9591 6052898
3551987 9687 10710877
3474532 9675 5603629
3501816 9804 11075427
3526203 9516 10083861
3570474 9546 5568451
3562414 9657 5905179
