31582758 28992 77434732
31840574 28779 94484666
32306192 28593 73298461
31914586 28812 72216900
31635052 29025 95773542
31780320 28722 70588735
31897779 28920 52561139
31944308 29049 53835368
32081276 28875 64007303
32113128 28869 63845440
31812018 28749 60704082
31829376 28917 79526688
31518058 29196 52673034
31795135 28755 54003454
31957948 28875 52118967
31768525 28923 51708509
32238494 28701 85872317
31846408 28851 87733919
31712449 28908 76566388
31830702 28767 52534634
31932296 28737 89026234
31517062 28968 78784229
31753079 28899 74366751
31561960 29043 53417138
31704886 28908 71735585
31763165 28779 83160308
31907221 28974 95370272
31963360 28689 53967868
31880010 28956 54530854
31954691 28821 96304733
32198440 28782 53812375
31744149 28965 86618411
31725964 28923 83703848
31761536 28962 90699294
32017512 28803 64701224
31191758 29289 74069563
32176173 28815 91667833
31506523 29043 51824841
31804765 28785 66455083
31859173 28779 53009738
32089465 28980 55440405
31460004 28971 53623925
31499860 28977 53873278
31912872 28920 79845202
31770014 28674 62638144
31797553 28818 80888909
31854903 28914 88187193
31849407 28818 57861873
31791379 28911 60577899
31749500 28983 53459861
31847056 28725 53622015
31796465 28935 96834191
31477334 29142 53271136
31707712 29094 102391108
31686936 28956 52099127
31863424 29046 96873399
31910767 29013 81395152
31960464 28743 70070244
31887098 28698 93852771
31750648 28941 84400329
31702912 28800 72031431
31737958 28827 81126067
31744215 29073 84509353
31673380 28917 73578451
31851993 28944 61456516
31901437 28794 52860684
31950569 28794 83070740
32260644 28686 94945514
32034325 28974 85403303
31954570 28998 73374707
31677410 29049 73517114
31564874 28992 75279048
31729189 28971 52681026
31983310 28827 89574382
31823324 28767 52687390
31741843 28917 105829540
31547093 29187 60315494
31801623 29139 83950660
32081193 28890 85479223
31937118 28875 53344305
31694625 28743 65446034
32153363 28920 59295160
31921118 28791 76486530
31999934 28815 83148912
31682441 29202 51647617
31816195 28941 55037805
31980262 28890 52986588
31878648 28851 80743787
31845693 28827 72020087
31584892 29241 90332735
31924604 28836 90132383
31817208 28842 54480201
31489864 28965 67307958
31942759 28842 54076658
31778967 28773 73740960
31895717 28776 53875025
32153536 28860 62334637
31950015 28884 79317084
32066601 28770 78008386
32012230 28704 52514609
