230496 380388 1323840
216509 370086 1306670
242879 374358 1400973
247053 434742 2050746
215928 366762 1373013
225425 341208 1879315
230051 359523 1891054
227633 403716 1330290
228293 389940 1333654
216326 352116 1902722
234300 391587 1343491
229675 369813 1258334
250561 456963 1448202
215369 352467 1824506
243284 395289 2019439
250273 411522 2079262
228604 353154 1368656
219768 391269 1308995
216096 379134 1549628
228191 351762 1916847
213975 339174 1835004
227085 337773 1866183
227625 396381 1268181
218262 348588 1352785
226317 360507 1946433
223789 381921 1334570
218737 353352 1844693
238214 324447 1289292
231367 383568 1311139
247838 398244 2095028
228118 372864 1303853
227635 371673 1910611
237397 387270 1370718
222314 366321 1339621
240559 381105 1579721
222061 374427 1353259
220460 344577 1299693
225881 345351 1303681
226601 378072 1870762
226996 364179 1895313
225809 367197 1931317
220928 385593 1418701
225773 364536 1839606
221252 371004 1917346
217614 367872 1304399
224189 398349 1380633
215843 360228 1242967
219953 360099 1904636
236298 394011 1762193
226688 376176 1915790
233621 357939 1930054
259373 384483 1347330
222085 367437 1326921
238728 383391 2101755
246932 396831 1360502
216127 372609 1251411
236617 378216 1913588
241238 346383 1288609
238449 424998 1337469
214043 368913 1964959
226258 384492 1841910
230547 385503 1950101
236787 360180 1342281
222690 350259 1304888
243931 372579 1465345
233550 386382 1297935
218554 347871 1875868
223334 368865 1783915
221512 336840 1336245
246681 378171 1969548
221819 379452 1266735
224467 369237 1928676
235077 383769 1405121
222906 345615 1911997
231216 364863 1367596
233962 400236 1267188
214473 339324 1783979
225877 378342 1946454
228257 381873 2039342
220317 367077 1921203
218414 371226 1829120
221327 378093 1319871
226852 390510 1986290
218169 351225 1312852
228812 388305 1367208
222685 375660 1261376
228901 355005 1335398
228898 362868 1918639
217847 342831 1323716
229993 376449 1840710
226307 371481 2052300
259884 355545 2018279
223465 386358 2001426
235805 412602 2008881
220167 357288 1316103
219053 344658 1940114
244339 394521 1315571
245523 434499 1995274
217820 346794 1389148
226067 368016 1905143
