320169 524094 1457778
310796 531540 1430774
304287 523683 1377419
319997 528072 1393737
314231 477126 1375623
306806 492039 1396788
299621 494916 1349501
306428 498507 1408012
318111 511716 1390843
320791 492072 1451522
314209 533643 1410820
311764 467550 1364509
342029 606960 1413408
312677 484203 1403583
303882 521244 1378815
296568 474573 1400337
314097 547665 1441356
334451 499635 1408740
355817 622458 1475533
326650 516195 1367446
325212 564528 1429894
330569 484770 1403905
317896 534720 1365944
304159 488913 1404044
321700 534909 1366041
333356 578625 1445996
320335 503694 1385630
327327 537852 1388314
326058 532230 1360050
312104 499695 1453117
306829 493461 1377521
308480 516984 1377500
333911 523590 1448664
316436 545916 1419968
314001 535776 1387443
321127 533637 1463002
323324 508506 1361058
305294 524724 1391288
314002 499836 1374063
320257 558753 1405098
319093 508485 1377480
317545 477849 1350534
299797 498366 1428895
307023 497103 1373496
330549 568455 1403421
304915 513054 1395531
310530 508131 1364605
350858 617748 1461921
310555 523092 1428166
306299 518778 1430794
324044 495522 1413359
328188 515580 1401380
324207 503235 1441101
319992 562383 1410910
319110 511671 1388975
326746 556995 1427935
307011 499332 1365065
310698 513603 1403168
318708 471039 1399214
318191 493875 1378109
330850 516012 1380501
323858 501960 1351720
340830 544071 1412049
325859 516213 1432846
312520 551589 1386108
313130 480102 1401577
330228 623655 1465050
315245 484350 1362317
332617 528492 1401057
317600 491841 1403627
321046 516495 1366721
350624 544074 1444262
315935 512754 1383544
318707 476856 1404195
335533 504762 1412873
319178 538296 1429968
319840 558375 1398184
327144 623694 1406746
336069 541104 1436432
319663 532035 1374105
315673 521970 1469955
321764 500838 1380792
310644 513447 1384369
326090 583275 1436582
309183 498873 1349991
330430 533241 1372919
317363 533007 1369280
336123 495345 1379850
320704 551481 1482118
307838 486510 1350220
322053 553965 1355597
307441 517752 1397757
301250 496155 1423360
316553 506460 1471777
337527 639804 1388802
298695 479907 1376888
323430 558483 1471507
334280 511374 1433382
315573 505266 1418272
315071 525060 1376236
