275622 438518 17034930
281048 446406 18231599
271815 433399 10909971
280311 444823 11444486
274718 436605 11191684
270879 433147 10887498
275912 438262 11084916
274232 436918 11872977
272059 432868 16465760
260223 417739 16136996
270135 431143 10785358
274065 437050 10908254
265054 425356 10781941
272758 435203 11391975
277648 440671 10930884
270971 432099 16039669
268004 428478 12418307
266078 425759 10867283
274377 436336 11344076
266519 427173 13220196
276119 439867 17085089
276064 438540 17316029
269713 431360 10426252
283920 449405 11009402
273805 434773 11244346
270426 430182 11135854
279181 444769 16572276
272993 435073 16860583
267308 428160 17227275
268203 429969 10735084
270796 432512 10208570
271087 432112 12981127
269428 431226 10863306
275293 438695 11605336
269073 429617 11348679
269081 429161 11127020
268891 428884 11210014
264727 424884 10571640
277737 442896 12101982
268462 428507 10343979
282180 448817 11585803
282372 448309 10894659
268763 429481 10787892
271829 435218 10958737
277676 441989 17382297
274835 437077 11032465
268701 429988 15827189
271254 433179 11168643
271479 432349 11275822
272284 433936 11469018
264848 423435 17115162
267305 427233 10985857
268952 428588 15719295
263038 420986 10575506
273744 435122 14988798
274992 437599 11256198
275499 437890 11582917
268009 428202 13744865
278879 445358 18325895
265030 423233 10412822
281299 446174 17662198
267051 425806 10885538
266456 424771 10287068
273397 435991 10462863
275852 438157 10816750
275838 441019 10567838
270250 431699 10589614
265639 425637 10777004
277058 441584 10891171
273656 436519 13598194
276843 439550 11342487
270571 431182 17127669
262627 422385 10330608
277004 441500 10879869
267027 428000 10224508
271915 434494 10963311
271816 433941 17614927
273580 436757 17524533
266936 427316 16391967
263393 423642 10430205
274520 439576 15781594
280003 446030 17473167
269845 428617 10661699
278938 443989 10824794
269908 430722 11096249
267903 426305 10487705
270844 433337 10535136
268644 429653 10555942
273888 436896 16859681
265916 425916 16917000
274479 438047 15833939
277571 440098 10648049
282603 448863 11068411
278512 443113 11070187
278192 441129 12525889
265290 424870 17490714
270368 432327 11268297
267702 428263 10361544
265570 424190 10189748
262306 420396 10537397
