272039 494065 12548603
273319 496391 17721281
270984 491898 12329539
272764 494637 12322618
274411 497647 20462671
265515 482271 18962515
276463 500578 20371116
276673 501002 19689102
276736 500350 19149901
268382 487343 19242941
275475 499130 12066466
275527 498980 12312923
275852 500790 13510084
274116 496238 20599894
271070 491467 11434558
249189 457129 11810861
271121 492231 12277479
270665 490927 17036984
274079 498317 17178071
272081 494023 19817248
269312 488665 18911364
275172 498765 12963758
270495 490979 13000238
276507 500930 12509507
271160 492141 12726255
273667 496788 20557831
271647 493574 19125154
276332 500357 19549996
270837 492531 12432170
273992 496859 12674451
272994 494780 13789174
269880 490169 19689979
274211 496588 18468222
274543 497074 12303573
277347 502783 11848135
273190 494104 11872163
271126 492210 19676052
275551 499901 12279365
275093 499965 12743041
274415 497719 17469867
272768 494466 20286066
275579 498914 12996500
271650 491935 11996575
275436 500058 21917221
275448 499278 11806117
266279 484417 15089271
274530 498437 12778082
275572 500062 14241091
275522 500086 12395026
272733 495004 11999789
274997 499236 19605303
271154 491505 12120975
275078 499039 15598980
272642 494581 12086074
277247 501981 19797102
270707 492360 11964688
273739 497045 14766358
274511 497293 20202550
275406 500185 12299844
273277 496566 12683260
271114 491492 13750433
271698 492827 12359792
273656 496925 12746042
274248 499204 17479469
275405 498183 14646886
271441 493239 13758251
273953 496406 12409349
275047 497656 11584091
270595 491154 11718856
276626 501638 11955020
272914 495156 19698097
276272 501081 12002202
274311 497697 12225685
272876 495464 12196549
272422 493765 19292595
275456 500446 11950345
278183 504009 12163281
274113 496720 12517061
270138 491743 16472629
274564 498343 12664488
274505 497340 12225863
273588 495197 18101173
272666 494034 12538787
274714 497371 19167938
273432 494929 19652901
271024 493749 18469856
274939 499776 18206131
275748 500580 18511152
276041 499301 19271942
275027 498027 20620547
272025 493087 11647694
274828 498440 12525695
272124 494362 12354953
274941 498490 19757285
271389 493196 19783718
273292 495169 12201189
274320 496770 12890583
274648 498100 18328590
273881 497581 12485497
274160 496403 12322016
