1340816 2100354 54799624
1324964 2080214 72031967
1311061 2060807 85713235
1276502 2028008 84201028
1293246 2040459 77774167
1295289 2040353 53406818
1306003 2052913 54105906
1296109 2040713 54031974
1283122 2028996 81607162
1308286 2056962 55535922
1323819 2079267 76135041
1293376 2040257 84510819
1313316 2066567 54324324
1315542 2067455 68421652
1298206 2046607 50968398
1306564 2063633 58807473
1288278 2032804 52007217
1274510 2014468 52650416
1252382 1990666 83683576
1259983 2003645 50232646
1305723 2052933 54584924
1279644 2018779 51425049
1277177 2023285 69290448
1269492 2003735 77846456
1344521 2107070 56532188
1327838 2086350 56484392
1294063 2059976 52839138
1272357 2023026 69243357
1297289 2046139 75024948
1295457 2041988 76228962
1279176 2030964 59513839
1318830 2072473 83172807
1337815 2100937 53584033
1251453 1992239 51079720
1288419 2032436 91963165
1332195 2093413 66859003
1229150 1960577 49710486
1311898 2064923 52263716
1333070 2091434 87368788
1254225 1993595 54091449
1329817 2088727 54207821
1244415 1982431 50471603
1309748 2062633 55844718
1330353 2088713 54080137
1297174 2039004 75749924
1337831 2098987 58921903
1311308 2061042 53842786
1291012 2038420 74788216
1303659 2049477 87134148
1255688 2009733 51761855
1313987 2077036 64212662
1277282 2018292 56130206
1297324 2042917 87020435
1287982 2027311 72342234
1269228 2030146 53399676
1293062 2048159 54685882
1274668 2025484 54031102
1296560 2048940 55223471
1254729 1995411 73445620
1313911 2068491 75125849
1297309 2040425 65255994
1268357 2011863 60450026
1340134 2102417 55979885
1295441 2052719 55218303
1328058 2083146 56113553
1323439 2077840 54150033
1311559 2061801 58300206
1261976 2005514 51238570
1256069 2008252 55862348
1321496 2077376 56567099
1331818 2086909 66182083
1327091 2084686 57299259
1305719 2054412 53999681
1332351 2090082 53424360
1326803 2085662 55793366
1299251 2044320 52120419
1320719 2076405 67888070
1324679 2084527 59653798
1270306 2005883 56928948
1302149 2047869 54872037
1346931 2112102 58882949
1284307 2026510 82794714
1316668 2069158 90132787
1317365 2073081 80450287
1306779 2072741 52743454
1300877 2049885 56416555
1341519 2102811 60483046
1293102 2037350 54471624
1311088 2062344 54208424
1258231 2003060 55174289
1248022 1983551 64070497
1320847 2075525 53401412
1294742 2041682 83485111
1330279 2088477 74817932
1296153 2042014 52368103
1285803 2028495 52062011
1284173 2030950 53018209
1318684 2070009 52504914
1331254 2088211 53610669
1328559 2081360 64054960
