1490490 2357995 69502528
1553590 2421277 61126994
1560922 2450891 62638224
1572753 2452669 98882783
1552679 2422540 61756400
1565696 2440315 96347733
1612603 2506860 81119045
1576033 2457662 63156057
1542091 2405521 90771562
1619388 2513928 67594390
1433659 2276506 58821047
1540782 2421378 62379674
1615872 2512252 62658695
1597289 2482339 63141680
1606936 2495726 65461664
1493296 2363531 60043960
1582276 2461492 65104500
1584261 2468526 63765005
1558078 2434834 63440088
1580285 2460012 63586025
1545331 2425836 98084437
1527198 2390853 81230970
1571213 2452940 99561900
1489435 2360333 87573643
1491588 2369800 59818847
1626038 2520998 64935769
1597074 2485241 68279606
1613091 2505680 64826832
1509140 2369001 59389042
1591742 2481459 105700467
1600987 2492105 80819649
1581515 2462521 103136477
1612467 2510534 103973337
1612144 2501861 97584941
1582244 2467616 64187781
1582765 2471514 69876353
1521842 2393567 84940035
1561508 2441127 64261979
1574622 2454589 62915736
1481472 2343417 94566828
1570786 2453219 97548146
1581574 2458573 66174798
1573086 2457063 66088933
1529613 2403817 63188347
1588199 2474880 64642524
1618694 2515251 63727192
1566523 2443051 99936356
1591236 2476447 69955582
1593831 2481290 109174482
1618508 2517835 63900129
1550234 2422554 64905268
1571273 2463710 62640630
1610389 2504420 64546508
1606935 2496985 66814531
1604664 2492868 64106569
1509287 2373738 60139396
1596570 2481408 64389816
1598781 2489066 114126427
1580136 2465567 81010570
1566219 2441177 81113191
1568417 2448011 66507296
1623819 2520062 67001369
1572305 2455319 61843865
1595396 2485228 63214300
1583745 2466524 63284320
1606615 2503989 102292262
1570524 2447259 73062766
1595066 2482691 64831826
1573408 2453414 63929542
1580429 2460359 62648074
1498955 2367445 58761027
1555752 2427946 62182223
1541407 2409127 70506534
1633773 2535343 65119454
1597015 2482245 65122898
1588511 2474876 100491449
1596569 2482355 68377637
1570974 2451408 93195348
1567077 2439836 94289718
1527037 2403012 80591494
1496825 2358470 71185866
1606221 2493452 62803544
1493038 2358730 60133280
1560508 2431450 62372041
1617761 2513486 67181818
1622335 2516869 79325105
1581819 2464632 88631735
1435803 2293143 89645388
1445475 2308024 59942153
1462827 2316437 59372161
1496120 2362773 82739449
1608827 2500682 74758012
1549451 2415911 61419067
1543808 2416846 97818461
1623101 2521058 74850947
1571775 2452887 64006221
1608208 2502972 88776203
1582713 2464312 65670398
1428607 2288802 59225840
1542050 2412762 85910702
