1043402 1823836 54647608
1040037 1819235 53602763
996642 1748448 64344056
1037669 1814946 47053884
1037742 1812611 47879670
1047032 1828904 46951585
1025922 1791941 71618904
1042420 1823812 48353147
1039812 1818012 75286174
1039225 1814897 57739363
1036663 1810576 47945862
1040493 1816441 66721175
1046991 1829706 48594723
1038412 1816285 78525832
1037636 1813353 48450262
1043847 1824651 48352773
1041160 1820191 47495742
1033265 1805467 47840799
1039782 1817226 48582739
1026193 1794295 48282962
1042301 1821945 49512491
1043563 1822336 51839118
1035151 1812005 55073981
1038699 1817140 69690002
1038640 1814279 76595266
1040787 1820699 75862920
1037057 1815958 58153044
1038868 1816736 50470503
1044463 1827343 51098692
1037561 1812951 76700347
1044318 1823906 71066571
1039879 1814986 76952424
1035703 1812308 51132477
1034702 1808667 48686690
1035092 1810135 57150165
1033662 1805247 58708969
1039688 1817602 49674956
1038083 1814959 49580559
1046428 1827596 51529633
1042644 1819991 49828426
1044141 1826956 71238863
1038523 1812846 80242182
1045157 1829423 51723030
1044236 1826173 47285875
1041367 1820603 48481302
1044084 1824712 58879463
1034344 1808408 73841813
1036976 1812897 73688698
1029653 1803779 46443649
1034722 1812839 50956957
1042260 1822579 56361875
1038422 1816020 46507353
1040679 1817760 46685177
1042034 1819060 48767961
1037043 1813915 72954708
1042363 1821862 49720432
1042512 1823246 50899336
1038375 1816110 46347848
1038073 1817603 55735295
1038629 1816136 68064726
1039508 1817086 48772928
1042108 1822169 55705077
1041994 1821459 77371005
1036754 1813733 46683777
1041308 1821517 62416655
1039921 1818175 47238677
991202 1740224 46481172
1041400 1822823 50556781
1034940 1810352 49218127
1036292 1810307 52969102
1035789 1810286 48510827
1039250 1817727 50066839
1048895 1832601 50602462
1000339 1752279 46261311
1035076 1809579 50449910
1037778 1812734 70967560
1044597 1823487 64550920
995689 1750842 46547746
1034631 1806963 47324447
1036103 1812719 46284698
1037170 1811419 82296798
1046972 1828898 48457029
1044870 1825125 46874200
1034383 1809246 47364588
1040231 1817454 52031179
1042936 1822158 48346092
1036958 1812345 51125744
1044215 1825340 46745325
1047151 1831402 71706737
1038497 1814975 46463004
1032981 1807071 58453474
1041315 1822011 45817821
1039692 1816315 79706240
1038804 1815675 71324582
1046450 1827816 49284249
1041802 1820048 50389026
1042268 1822968 66548093
1040077 1817231 73901021
1042845 1823027 48797005
1039938 1819674 49831883
