338509 541782 13363822
341965 550107 13801864
333415 536499 21466891
328435 529979 22322971
344083 549106 15768664
318208 514382 13433190
330879 531500 17901516
328825 529413 13733135
345481 550862 14128152
338407 540137 13767425
323498 522894 14312507
301713 495102 13262548
319388 519771 12676567
324850 528588 15025157
330084 529504 13525451
325115 525143 13811564
322884 521090 18441438
307266 502115 13559895
313510 510304 20161426
321973 521149 13301624
330447 531665 20410687
331464 533335 17029028
322362 520340 13315878
330802 531687 14774113
311704 506364 19784347
339039 543066 18559571
331711 533318 14063859
317681 516326 13573612
355180 566547 15386706
334871 538027 15348181
325691 525586 21306781
317153 513383 13092391
338248 538622 21024037
313036 508031 13215580
329026 529694 13529894
338295 540623 17923018
306099 502689 12511695
326316 524502 13307931
335395 538485 14024203
316619 511882 12493508
342137 544716 21610680
316538 510916 20132378
331516 532145 22201288
316547 513123 13473864
334529 538077 19619695
339065 543169 21764974
354507 564880 16021429
317698 514529 12210126
317282 514233 20679008
336602 539882 14217877
323666 519584 16831296
307856 501467 14705676
326079 523461 16619410
326486 525666 20706241
318332 516668 20635462
323124 523491 21298725
341960 548564 14301457
312967 509563 12466162
343173 547443 20688489
308538 502681 12536551
333566 537940 14869695
338219 540264 24027286
324380 522201 19652692
317887 514627 13098350
324613 524980 15147247
331144 532793 14385576
312566 511821 19707028
322775 520415 20560080
306679 500348 18228137
328368 526301 13672545
334850 538554 13795547
307948 501503 20000151
308916 502442 13261800
313739 512887 12411424
325631 522296 13101630
319153 517055 13768065
344365 551106 22150801
335445 537720 14431530
341984 546356 18843830
359251 568234 14350621
345687 549238 16743222
345073 548281 13964119
339971 543792 13837145
322692 523335 12913316
310997 507881 12961388
327425 527043 17139048
316629 513292 12974839
335674 536961 13507881
325934 526003 13584880
322215 518983 12907568
328895 528663 14539378
316074 513583 21204287
323242 520246 13109169
303813 498687 20748907
317644 514123 13357788
338168 544484 21534132
334709 539547 15721571
344924 552909 22012708
339335 542975 21442474
329184 531551 18470587
