842894 1472771 38160315
840759 1468599 40126661
840996 1466923 38960745
843059 1472381 39265702
837091 1461831 62954486
845801 1478171 51104407
845735 1476141 41276610
840836 1467769 38898413
844222 1472290 40885957
840986 1466953 40422393
845826 1478520 50273757
843483 1472557 58446087
840994 1470366 39968342
844216 1473773 38689762
841699 1469280 52832212
845858 1474555 59012013
844392 1474791 49785647
844186 1474374 39474123
847514 1480959 51675796
846434 1478920 37993510
840991 1468680 38667676
844891 1477431 55239198
840035 1466542 44290664
846807 1478170 39982674
847851 1480036 51120989
846948 1480836 40136919
839627 1465303 40402275
843649 1474111 48411357
844033 1471226 45533784
846115 1477723 60154263
843598 1474273 57970013
841259 1468640 37909886
822865 1441703 36808713
836989 1463177 38620868
846405 1478520 41177151
837924 1466381 39415441
847151 1478598 60893025
845519 1474721 44369267
841144 1468980 49156308
839642 1463402 37617037
840337 1469942 38103147
844039 1474882 38294222
848979 1482802 40255862
838948 1465469 38671055
846434 1480597 39846001
835180 1456815 46095719
833678 1457468 38222770
843575 1473252 66630919
843908 1473602 38528168
845943 1477928 62322066
837120 1461710 40361171
846362 1477483 38481353
842325 1470015 50282650
843331 1474950 55429810
844203 1475002 38980494
849577 1484360 39955447
806450 1414343 38330613
843072 1474296 60279311
843163 1471067 38697310
837256 1463363 47950799
833050 1456527 55801320
829701 1450748 42177022
842204 1471400 50217317
837275 1461157 61181975
844763 1473444 43167185
840705 1470105 48620235
848519 1479662 38688797
843733 1471679 39667168
844771 1474930 40531252
842833 1471608 61509576
838195 1466953 62750694
838614 1465918 39712616
842519 1469909 55760038
841500 1467468 38968795
847653 1480288 61762529
842450 1468618 64214897
843067 1474043 46118563
838847 1466946 39054551
849040 1482951 56861228
838151 1465758 39015527
839598 1468366 45783715
844808 1476091 64963909
841929 1469602 40185827
838816 1464357 62732783
845976 1476305 44961625
835669 1459052 56728379
843966 1473855 37754685
841758 1473580 37696232
846228 1475084 58715190
841593 1469887 39763666
846202 1478290 39006766
847334 1477770 49530217
839511 1464826 39411982
839905 1467552 55078996
845354 1476110 38140536
837739 1463037 41615490
840122 1468401 57570980
840092 1467232 63670596
840231 1469212 40102377
847153 1479399 39793946
