1550867 2454969 61559332
1592610 2514391 77553432
1548181 2443270 96343986
1580049 2484548 82789999
1603007 2513420 65274312
1584118 2487673 65545013
1556282 2449903 94571471
1553895 2445755 94537800
1565556 2458386 63529065
1517223 2419106 68666852
1594013 2502805 67885798
1578074 2479126 63771675
1596493 2508619 69544728
1579265 2483745 74742012
1564241 2464469 63459268
1551359 2447523 63645641
1546644 2438000 62005969
1578311 2480268 62982400
1568878 2469048 63191259
1586535 2491266 64544783
1598841 2505156 86175830
1553400 2449217 106333204
1567920 2477645 63399724
1575560 2486346 83624844
1568211 2470751 84725710
1574828 2477186 63446304
1546389 2441928 63774267
1552008 2449007 70697720
1551952 2445755 66414073
1585435 2491521 68708831
1547282 2440820 65753866
1543883 2435706 84493999
1592991 2502133 68590472
1525698 2411696 62034671
1529249 2422729 88331916
1562568 2459658 82619381
1553743 2448750 75003748
1592776 2499614 81513187
1552465 2442235 107258317
1558772 2467199 68948063
1558444 2451673 68291959
1601365 2508337 85417320
1550852 2439853 65643226
1600161 2506509 71723608
1587105 2493728 67687125
1564544 2461225 82690973
1561447 2460387 64106212
1578391 2479200 66852218
1525062 2426487 65123812
1531486 2419566 72555290
1518972 2414760 92023725
1545422 2435317 94445965
1568180 2469416 93658371
1567282 2464091 66968890
1578284 2482731 71810480
1615019 2527167 69554619
1568968 2471170 74634379
1545856 2443214 65232183
1569673 2471343 82085854
1548645 2438039 67959820
1572502 2473373 63374186
1588286 2496523 66079051
1573463 2474516 66375370
1588570 2497050 78954084
1542637 2434166 64324868
1555816 2444226 61964748
1542822 2431867 64948742
1554308 2447646 83217905
1558617 2455028 65117155
1533163 2430651 63562371
1546569 2438040 87992858
1565892 2464510 72716543
1595768 2505496 100521649
1540357 2432056 64083136
1561107 2465136 69898083
1538965 2428120 74474510
1553509 2446164 82699047
1542931 2443861 64040813
1567188 2465223 92751958
1557179 2451311 63424253
1600862 2510661 104193758
1541512 2432665 70669575
1570194 2475197 63850748
1551656 2459308 62621686
1560921 2452908 64255174
1540874 2443452 98339650
1547196 2439417 85934176
1567432 2468047 64079940
1575344 2475272 67699334
1580819 2484513 63581974
1519305 2401732 64289012
1560688 2453976 96527765
1562598 2458050 110514782
1531534 2419811 60347352
1568082 2465386 64778279
1537317 2425606 62515283
1570410 2467083 66859279
1547555 2459220 85820320
1572841 2475548 64252653
1565790 2464525 62385827
