112903 185479 6454237
112542 185228 6708075
106986 179938 6682829
119558 193786 4636693
110684 182003 4283453
117069 189548 4088906
106445 177872 4488564
115939 189146 6229856
118559 192020 4694073
117946 191671 4511122
111497 182081 6732490
118017 192115 4583295
110512 183831 4523632
115141 187649 6639347
114381 187743 4414929
111429 183690 6320885
112085 184332 6866315
117254 189885 6933355
119534 193290 4333780
113352 185758 4285823
118446 191678 6742416
117671 191043 7341681
107008 179038 3742891
108100 179025 4247525
112155 184673 4194822
114081 187665 4213844
114780 187975 4189662
119985 193417 5224531
112940 186312 4483492
113438 186586 6586541
111067 182842 4146995
108667 180525 4003583
119465 193666 4480363
113090 185430 4131706
120735 194791 4548818
119922 193473 4611775
116684 190027 4490502
111571 183603 4073018
113117 185472 4487297
110527 181296 5884653
110637 182960 5407939
113888 185395 4158423
112679 185023 6365962
111485 183036 3963045
118808 192945 7040411
110958 182760 4961519
112202 184125 4272905
114786 186916 4028005
116914 189889 4194613
111618 184189 4133452
120325 194614 4063600
117338 191779 4450561
114838 187027 4180504
112456 184958 6976411
113526 185876 6659943
118151 191576 6222676
114426 186927 6083040
122764 196704 4656530
111285 183689 6733475
118539 192907 4409556
108824 180931 4420251
123785 198960 4511663
112582 185154 6537384
113067 185774 6776635
109935 181612 6750438
120174 194127 4694874
121620 196092 4736735
113391 186470 4354471
107772 179502 6461230
111657 183764 6917273
116969 190098 4781539
118437 191720 4354881
114849 188799 7174894
110278 182386 6296015
116172 188992 4434225
110737 183197 4013244
112242 185881 4856229
119244 193367 4287022
117569 190148 6907096
118896 192197 4491138
112830 185008 4527482
112267 184333 4470571
115451 187934 4164819
110789 182229 4016936
106720 177738 3857705
117854 190598 4622437
117506 190768 4345110
116669 188759 7505573
109171 180551 3875753
118814 191619 6712588
118087 192714 4540265
113000 185831 4393795
115948 188724 4624797
110717 182953 6702805
111669 183128 4463792
113980 187109 4918796
115728 188484 4170133
113770 187240 4355968
117195 190369 6455058
117257 190350 4376559
