737847 1290365 45979757
731557 1283788 33754284
747705 1308830 34486996
743928 1300775 43929629
723908 1268939 32682700
741990 1297758 34599232
739553 1296382 54369489
737906 1291748 34258626
743402 1300001 42338353
735503 1287785 32448414
742430 1298513 34139739
740870 1295246 53609861
738926 1293293 34189080
741653 1298564 33031805
743068 1299179 38323313
743232 1301895 34770505
744997 1302174 35039750
736554 1291337 33961830
734570 1284821 33364102
737285 1289712 34542121
737762 1291716 33002238
736097 1287167 33754156
738393 1292824 39916895
741400 1297417 34813625
739886 1296171 43933620
744401 1306190 33879294
740164 1296056 40092864
738581 1292345 33756517
741966 1298748 45217837
738633 1291599 40096505
739630 1293418 48658684
727426 1274124 32902252
740857 1296345 34289384
744362 1302554 33329322
741982 1297636 33431391
738165 1291201 32768816
739869 1295417 34658053
741224 1299732 34367387
738517 1292738 33914057
743192 1299517 41026631
741887 1299147 33460384
743431 1301056 36551679
740950 1296001 33409741
743283 1303282 41002325
735542 1288159 34422945
739433 1294154 55044226
740778 1297287 33205742
734413 1285537 34704084
744725 1303117 37300251
739572 1292782 33604589
742496 1298639 44812645
741459 1299477 34785700
739194 1293048 33342095
739879 1294614 34147591
742081 1296971 42966584
735757 1289031 33304923
743990 1303110 32876158
737212 1290855 33212950
739500 1296968 33478330
740267 1294100 51167896
741476 1298797 48657078
738820 1293922 34636293
722832 1267531 31346988
745505 1304478 34157138
744727 1304069 50621091
743250 1301478 40716287
741329 1295307 33066816
736864 1289078 32746960
737878 1290838 38415547
733955 1287428 38767265
745300 1304005 33068501
740584 1297038 42578032
741236 1296237 32996161
739906 1296423 46642213
739489 1294269 48575271
735318 1287669 35998799
742317 1298891 53106340
735480 1288684 53288927
737760 1291417 35899662
738128 1291396 38953134
741007 1295738 33500149
745169 1303220 40036163
744856 1302552 37600463
737836 1291285 34841191
744602 1303367 45759640
745457 1304173 37891042
732789 1284038 34764702
731459 1280704 32785948
744438 1303084 45071799
746186 1305818 32878583
732944 1282536 32569329
744898 1301905 49383262
745353 1302918 51819595
735286 1288441 34761214
739535 1295496 34419165
724092 1269351 47541757
745573 1304461 34557362
745022 1303353 46950236
745674 1303751 34392968
742796 1299630 34897095
