1098682 1743897 46671245
1180486 1844447 72201512
1147648 1800911 68805987
1131906 1782034 46842342
1128584 1779468 52630202
1159143 1819458 74284501
1111686 1758562 44884528
1045789 1682365 58376291
1142249 1797161 45224352
1055541 1687001 57634722
1125199 1765265 53090551
1066209 1709750 66956794
1135517 1786465 45955410
1140866 1792862 59167648
1123873 1769155 44929701
1172719 1829701 46115935
1090386 1745682 43834640
1176177 1834044 48263530
1137125 1792618 46967439
1147776 1801619 71506602
1114883 1769098 45765579
1142248 1797660 45199659
1138018 1787764 45636033
1144619 1794067 60548294
1142174 1798529 46562410
1190951 1856740 47905750
1150790 1805426 45882289
1208831 1878215 48051440
1137377 1786865 57184671
1117143 1760745 59073873
1120982 1767044 44821213
1133189 1784002 45737865
1124142 1772834 77033047
1139306 1791344 67235465
1153369 1807253 46664854
1126842 1772884 69071019
1140457 1792513 47483588
1148111 1800931 67204861
1093280 1741379 43174633
1168849 1823149 46128561
1157625 1818954 58021169
1079711 1723109 45768101
1135868 1783855 78310162
1165884 1821938 65163267
1147308 1798602 47012935
1149262 1800020 48337900
1130845 1780110 69037683
1149624 1802883 46424548
1166964 1834520 47254468
1140378 1796532 45706413
1105958 1747933 44958378
1138577 1791315 71638427
1148033 1802991 66857706
1159441 1816725 47719065
1147595 1804732 45579529
1043946 1672184 42142923
1134845 1784977 47016747
1056314 1691899 51302993
1128389 1779536 45733028
1142628 1797104 47193071
1087656 1737528 68570759
1135911 1786193 68216122
1170873 1834428 46462066
1126926 1769291 77498005
1117948 1766591 45353331
1153599 1811630 59392499
1157935 1811798 47372801
1138086 1790558 46908462
1083237 1730224 43059474
1145101 1800460 46117219
1088027 1736845 44096574
1146296 1801986 47366876
1137650 1793942 64109032
1118025 1764556 46690412
1150233 1807463 66133860
1102914 1743074 77886109
1134869 1783661 45229419
1181986 1842306 48847804
1063316 1701194 61676964
1147896 1804312 45549380
1153070 1805382 68637094
1058503 1696345 45366782
1154588 1805730 64667856
1153097 1812727 54390573
1147915 1799123 75193949
1119432 1765169 46123050
1152732 1806856 47420571
1133843 1786129 45889105
1145753 1804035 46282334
1085143 1729345 65930741
1170804 1831507 46166042
1148460 1807390 64713684
1154670 1808542 74213263
1130242 1777506 56020844
1143775 1796385 63573825
1133100 1778116 59716840
1141469 1795477 45465357
1127250 1772222 44666195
1106351 1757734 60498651
1145667 1804306 51390982
