54026 100366 1982637
54920 101806 2036990
53543 99065 1985635
53908 100077 2025654
53819 99349 2019765
54276 100904 2006237
53959 99913 1978764
53748 99290 1965604
53892 99887 1980608
53152 98741 1994372
54040 99759 2011472
53192 98694 1984806
54059 100335 2011749
51040 95042 1889589
54415 100455 1993039
54146 100223 1989009
54306 100674 1981414
53566 99476 1951634
53903 99959 2036621
53948 100088 2006573
54831 101578 2032600
53815 99543 1989695
53119 97994 1962054
54828 100755 2000513
54191 100313 1993110
54656 101689 2016921
54284 100335 2040211
54235 100036 2004107
53379 98762 1960337
54825 101755 2056586
53930 99855 2030054
54025 100162 1970483
53594 99169 1973432
51979 96115 1900593
53970 99924 2034369
53296 98779 1977796
54084 100072 2006327
53800 99914 2021715
54376 101047 2050482
54620 101089 2046248
53844 100023 2029292
54055 99683 2025414
53971 99968 2020435
53343 98567 2095861
54106 100179 1984857
53719 98968 1964816
54772 102042 2017871
53910 99903 1982202
52733 97625 1955369
53901 99500 1986073
54827 101489 2028225
54042 99885 1999576
54330 100645 2188195
51558 96179 1911732
53931 99647 2001557
54177 100394 2018532
54436 100927 2024923
54149 100442 2016136
54453 100651 2013157
54525 101297 2023830
53988 100254 1992906
54103 99921 2021330
54160 100125 1991382
53864 99841 1980444
53827 99521 2013330
54033 100049 2024117
54143 100647 2055413
54505 101458 2049174
54215 100135 2000738
53869 99417 1968261
54429 100843 2017413
53745 99730 1996868
54061 100177 1988615
54025 100005 2005718
54132 99890 2002488
54660 101469 2033430
53665 99018 2005151
53540 99197 2002846
54557 101099 2050191
53261 98661 1997728
54078 99873 1981489
54018 100005 1989167
54415 100421 1995318
53917 99795 2114863
54354 100513 2009452
53995 100057 2030999
54621 101233 2008556
53358 99002 1972107
53989 99978 1998973
54959 101425 2063265
54420 100485 2004573
53680 98737 1965784
53651 99485 1968249
54248 101302 2048819
53981 99696 2005730
53726 99337 1985834
54029 99839 1986518
54798 101757 2036312
54343 100830 1996839
53161 98394 1946955
