1745629 2723877 73544103
1557775 2474836 99003702
1665041 2612228 65902505
1687917 2647040 66281092
1589223 2513064 64027749
1671314 2619056 86644779
1618430 2551402 68229814
1706407 2675934 67910442
1594076 2526334 62928729
1607978 2544901 114844095
1635834 2590668 63746852
1644416 2593410 66701002
1682001 2638556 66529004
1668241 2615233 70790095
1611566 2555358 68385440
1589824 2518491 68202020
1595963 2533424 68168751
1646590 2597680 64486302
1620045 2577470 63118367
1678907 2637698 80165678
1581634 2508069 71435929
1727355 2700088 69497517
1625366 2569711 65017046
1627581 2571725 65307765
1587896 2524252 67455631
1760495 2747704 73866052
1686393 2645901 66433733
1677305 2645481 71445018
1700847 2664946 67761045
1682501 2639902 66748959
1581061 2501211 66459553
1722378 2699173 73028494
1622250 2572150 64982272
1679945 2634872 66765236
1716569 2687695 72937648
1622822 2574091 64716514
1596149 2531471 68409925
1723869 2689852 68742764
1768763 2750625 70060431
1599814 2546265 86615220
1672926 2617073 106751853
1667886 2615295 89206770
1611949 2555766 64636059
1590003 2522422 62993384
1650089 2590661 64596081
1724175 2699959 66262694
1661039 2618741 66054587
1623132 2564391 80533539
1592104 2529200 61606992
1603442 2528360 62821122
1611906 2549071 65047832
1588639 2523330 61763731
1548355 2463993 60562161
1618342 2561543 72570481
1657437 2608010 83204657
1632713 2575796 77168053
1627649 2582734 62625352
1614005 2547437 62080024
1572912 2495640 60496740
1668363 2623907 64644445
1556707 2484622 62367765
1705201 2670519 66673528
1617012 2557172 62745267
1655873 2603086 65049711
1553803 2470405 60703469
1634368 2577406 65466705
1684627 2645774 79312271
1639699 2589244 82135237
1734464 2706220 73005095
1718647 2684162 67208039
1641564 2591953 64210994
1588532 2519642 94310436
1661314 2612458 63488116
1612472 2551046 65430697
1682278 2641587 64995808
1599674 2534058 63581235
1655950 2600680 66445260
1581440 2507807 63422064
1676608 2633490 66837946
1591757 2520542 61705053
1630312 2570687 64977589
1605466 2545537 64383197
1704535 2669249 66242273
1626953 2577128 64206075
1616716 2554411 62324503
1653029 2597657 63999714
1587778 2519448 64678758
1643625 2592529 67005657
1714972 2675957 68240407
1606750 2545787 73399955
1646620 2589531 65326241
1620373 2552145 98617741
1649430 2604749 63715769
1692364 2656447 65210579
1599107 2531055 65198777
1642296 2589774 63749943
1758610 2741661 78935254
1609755 2543528 81135631
1651305 2597252 83177719
1781381 2767124 71569061
