374548 664047 17023541
373479 661982 27712118
373502 662023 25882951
374893 664094 16584673
373397 661110 17906255
375892 664631 16674529
375914 667431 21497525
366939 650893 26818827
371266 659592 22943092
376287 665884 22148663
373928 663197 26409223
371051 657316 24288847
370733 658073 16262642
372542 660386 16350196
361040 641571 26698485
375023 663863 17329676
376418 665371 27215114
371932 660455 26821712
375380 664301 17492371
373839 662369 17259260
374432 662777 17619806
374331 663072 17003486
374553 664523 16860860
374514 663993 17406075
374747 664468 19112639
376855 667598 17023775
374204 664340 17269239
375798 665503 27719013
375579 664569 17254708
371197 658052 16869354
372971 660036 16577931
359031 638147 25574851
371114 659204 26240370
374857 663525 17133111
372369 662386 16202186
374474 663726 25525302
376040 666103 27067807
374183 662907 16756082
370410 656605 18654484
376285 665963 18822825
371408 659038 17136926
373741 663249 25387165
373147 660113 16610181
373450 662226 27225448
372090 657965 23026894
368642 653772 26274555
373393 661857 28183291
371908 659235 17676344
373745 661891 22721286
374005 664721 26802866
374499 663899 27121918
367946 651334 16500289
372831 661962 16076619
376287 666288 26349430
372156 658638 28368473
373041 660847 25218457
374917 663641 27752549
373216 661739 20403279
369548 655993 16272492
375731 664633 27293080
377841 668345 18593634
374475 662430 21437679
372419 659754 17149263
373489 662392 17174033
373242 663838 25030744
375867 665550 16944274
375426 663995 17144777
373545 664182 25751321
377707 668949 26833559
375458 664097 15911266
375622 664888 27846426
374549 662245 19084018
377379 669315 22363020
374543 664515 19443024
371767 658923 23904566
375689 663741 16575807
370791 656932 27408522
376661 665331 24497230
375997 666289 21815145
370496 656264 16767499
375158 665370 16598228
376773 666712 18116579
374117 663276 17238362
365062 649622 16895198
373086 660929 16543749
376062 666145 23830905
371457 659759 19248688
373442 662327 23088326
372593 661116 16304682
374817 665213 26667596
370466 657188 19500437
374451 664293 23002514
375575 664724 26288731
374584 662558 27572839
372333 660311 16524600
371426 658137 27383172
377280 668583 24920374
374942 664559 27184143
374081 663158 20296025
373567 662795 16378904
