1374348 2145032 53883836
1373545 2143903 67189795
1308904 2067311 67457171
1369945 2134017 76565970
1377623 2146889 88155359
1391258 2171589 88387775
1395076 2170072 56673883
1313582 2078723 66815933
1391409 2162092 56162221
1317020 2062530 79969702
1354768 2116501 53674515
1353428 2118108 55913816
1333808 2089509 53302320
1371334 2141994 52682966
1396573 2172767 77105312
1392763 2169691 56106648
1372035 2139879 57105023
1357410 2113097 67887809
1387866 2164885 85528894
1346820 2104879 83340695
1384033 2157370 57062592
1362666 2125495 57784186
1362472 2122381 64985825
1381686 2154548 70794810
1369557 2139228 65623263
1388643 2165538 55123124
1330860 2084598 52842387
1341857 2102936 55812889
1379091 2148515 58444975
1420815 2204950 58334367
1415956 2197107 75097934
1371676 2138842 54456559
1386463 2158301 56252102
1352632 2113184 53697099
1374827 2142156 76492117
1389444 2159922 65643948
1359011 2118309 53715508
1333786 2088099 72160840
1377495 2147038 55648921
1408515 2192767 55333995
1392630 2166493 55643606
1361683 2127971 60822942
1345057 2102288 66717428
1393172 2170743 58069178
1356024 2117277 55658063
1397362 2173497 94123764
1420966 2203232 92197136
1405286 2186684 54168767
1341116 2100409 53861070
1399753 2179913 58109360
1359316 2127403 87053647
1373996 2143229 75429243
1350711 2109668 53694581
1369122 2132120 54863992
1356664 2121695 56275014
1354571 2124390 59277452
1373748 2147747 84655817
1395283 2171754 73415019
1361957 2125737 62431254
1410644 2190804 73626646
1356389 2117145 67417907
1350474 2114308 73112669
1372905 2142143 65257939
1363194 2127578 74300927
1383624 2159667 93565379
1356263 2124442 53606408
1358529 2120695 60889347
1385006 2157439 56140834
1376385 2146009 54706343
1367441 2128890 55060576
1374321 2143512 55387732
1380875 2145054 65088491
1388225 2163180 63271251
1366474 2138597 71217800
1381303 2154169 55379702
1375843 2144389 87053188
1379573 2152949 55408138
1389550 2157713 62302967
1377466 2155178 55727820
1372874 2140678 55059133
1355235 2121630 53802749
1416599 2199760 90889496
1404597 2183154 70917177
1318033 2067237 70958306
1354309 2118511 54850705
1377905 2149072 54326862
1378534 2146894 57357967
1407153 2184902 90372067
1368064 2133469 56191116
1381021 2151198 55901472
1372174 2141303 65296525
1399521 2173792 72171533
1372913 2139697 55588008
1402881 2183060 62292456
1360355 2130804 66577431
1361719 2123177 54289215
1370143 2138508 70902367
1348826 2110171 58473788
1421855 2208878 57562932
1403063 2179949 56915227
