1708060 2983692 102277438
1693032 2964156 76759331
1698020 2973767 88789859
1715950 3001137 115105913
1705321 2985601 75935302
1705259 2982824 100776747
1707987 2985248 85221739
1691962 2967788 118000274
1694968 2968960 83119975
1692445 2967316 82713190
1709971 2990251 76626683
1696607 2973083 78983611
1706495 2983969 81556868
1702391 2980745 79546226
1704315 2978474 129367500
1707626 2988101 96245445
1699319 2974019 95032428
1705563 2982771 79711792
1706043 2984998 79253112
1684424 2950320 76009815
1699781 2975681 129872977
1680730 2945020 94709690
1698984 2974679 96682102
1705771 2984382 76191452
1692652 2963657 78975667
1695214 2967628 116528681
1697320 2972888 79310373
1692754 2965831 80665531
1711713 2993053 100088612
1693426 2965735 78131519
1710257 2996381 95182330
1691620 2958062 87041327
1707343 2982549 76467187
1709616 2989450 84953695
1690637 2962269 86046899
1705077 2981627 77614967
1682344 2946072 103887334
1698905 2973803 108766151
1712369 2994486 99134198
1699224 2973520 99734477
1711403 2991655 88715552
1712108 2996246 127382265
1708165 2987215 102980315
1697524 2973462 79314894
1709315 2990471 93414043
1689568 2959684 76996252
1701079 2976939 84289610
1701770 2978427 76599902
1709132 2987531 83970525
1712262 2996770 76497644
1693827 2966016 104311783
1690237 2962859 91457319
1700902 2976930 77670442
1710452 2989213 78155456
1698122 2972605 109587852
1704913 2984949 77463627
1704768 2980028 89065954
1693239 2966894 106391794
1710588 2992648 77863800
1705033 2984095 76281702
1701126 2976669 76624807
1700231 2976138 78516530
1695950 2969673 76463926
1708821 2988082 85571599
1705113 2984255 86744340
1709828 2990936 84767891
1704484 2978409 80293535
1700882 2972342 76799049
1693624 2966723 83458980
1683636 2951209 106392104
1699076 2970574 78168935
1704060 2979300 80553333
1703108 2979314 87209276
1702099 2977533 111762760
1712010 2993299 128754278
1702634 2975339 81179153
1702538 2979307 86351623
1694443 2963293 77004487
1701435 2978397 82112337
1711372 2991588 102438452
1690588 2960493 107199191
1703917 2981385 77020603
1700376 2974447 86764738
1696095 2966040 78268569
1710849 2994519 83960522
1696245 2969265 94206002
1700723 2975427 80198687
1698876 2974520 118187531
1704461 2980093 92296796
1688007 2957291 103685154
1707385 2986850 78973444
1697037 2971907 128161043
1710186 2989213 82667586
1710886 2997644 79451774
1701223 2974004 80890787
1709313 2990870 89945263
1708607 2988229 109005439
1696042 2966198 95236370
1710663 2988430 83929861
1698242 2973522 76817934
