1234178 2163476 76375436
1243724 2181575 56720045
1225236 2151550 73168731
1235990 2167613 56352090
1212475 2129865 55171027
1236909 2170658 93610763
1240883 2177535 57696662
1227926 2153739 57308379
1220288 2143217 57790830
1222845 2144479 57690099
1236482 2168989 54776731
1237339 2171643 58014026
1236624 2170145 57425760
1235488 2164085 90524324
1236897 2169599 55289159
1237274 2172437 57874241
1239230 2176071 69034924
1233897 2165114 59663581
1239391 2173844 91504495
1238918 2174018 57492731
1223474 2147436 57033539
1234194 2162159 71912837
1230723 2159121 58791607
1236296 2168080 84043212
1234214 2165286 55402466
1238625 2173588 67689500
1219704 2142395 65858906
1223687 2146353 56570527
1227087 2152525 55653725
1234623 2167577 56528751
1235475 2168079 71983331
1229203 2159435 87800509
1238873 2174082 55083345
1227925 2155761 55586011
1230863 2162040 59963666
1228908 2155515 65491176
1237496 2167424 58065385
1242288 2180967 89058103
1232627 2162195 58957519
1223038 2145856 88797616
1230658 2162239 54701361
1202937 2116850 89263777
1237334 2170184 71690581
1237398 2170534 57823519
1243225 2179313 55515384
1234300 2164252 55769009
1241759 2177275 58390402
1232646 2163436 57599607
1238121 2174345 78518261
1231411 2161454 58597747
1232703 2164787 58404887
1240754 2175510 61616170
1238134 2170446 57635946
1235578 2164742 54867827
1229557 2157751 56615665
1238999 2173911 92614129
1230182 2157649 55346125
1232248 2162640 56796019
1239829 2174379 55094274
1239392 2174695 57072510
1232808 2164195 66311145
1218810 2141785 54029985
1239876 2175043 56784111
1230457 2159310 54997660
1230955 2159742 56431772
1236465 2167567 57069185
1219523 2142261 56440402
1235620 2167102 83400831
1232633 2162294 75448652
1238093 2172267 85199101
1239722 2174893 63962540
1236614 2170887 56279833
1239800 2175238 56339433
1238175 2171677 54949869
1236153 2169360 80822654
1220567 2142834 86495277
1240734 2177648 58674749
1229912 2159939 56427400
1235043 2164609 73895227
1229402 2156416 56158961
1228707 2155448 56926321
1230275 2159000 58622562
1208421 2125651 58963411
1237747 2171112 80846812
1231245 2158109 56716768
1228816 2158404 56167405
1235711 2167149 56223803
1237572 2171882 58867457
1236137 2169978 94358436
1229637 2159463 77713198
1236514 2168902 67998338
1236657 2169054 55547142
1231453 2161800 74356624
1222318 2147457 56868637
1232798 2162110 57697258
1236280 2169382 57850448
1222967 2145596 56022678
1229052 2154856 80632824
1238153 2171678 86966620
1241725 2176792 56687268
