336656 542629 20954175
349685 559070 21596714
344140 549681 21472775
323950 529120 13336509
346493 552126 18624735
344810 550842 17666596
346733 554963 14008647
351986 561849 14790834
325197 530578 20178825
350308 558786 21596693
322278 525666 19967435
359575 572037 14405968
346103 554656 13981744
336989 542482 13648442
337661 540482 13665448
339185 545043 13906364
349054 558266 14785126
351615 560643 13540573
332067 534305 21041293
334561 539290 15250935
351926 562745 14215490
351256 560237 22118325
341164 546743 13880470
346502 553524 13679819
358982 568584 14501360
351879 559640 23462673
353655 563588 22095659
357016 567410 14117137
342718 548031 13890629
355228 565622 19772285
351688 561148 14207899
335908 539057 13278115
332423 537664 17742796
340708 544770 18570999
337779 542498 13326573
326656 531263 17789292
346326 553237 14342122
345615 553443 21720011
346513 552167 14446935
331163 532115 13946616
342755 548290 13111322
352076 560340 14267949
347551 554110 13501540
323931 526056 19334409
344129 551949 13549983
354241 563740 13593582
360306 572349 16747527
329545 535547 20044020
344885 551420 21939409
362923 575229 23334817
354993 564556 14319895
359558 571925 19225841
341232 547291 21473214
353124 561024 22063740
345243 552751 13717879
335217 537348 13800094
348664 555115 22887575
331399 533790 14982600
318503 519546 13668181
327243 532333 21807429
357663 568830 23966678
358760 569358 15244000
347276 554408 19625617
344638 552240 14755307
332452 533763 19126132
340361 546528 13943678
345974 553587 13493155
333690 539052 13129555
337710 542091 17797915
354104 564048 14329525
339564 545289 14145760
335021 539450 19989479
348665 557543 14391796
341292 547400 15720736
355910 564705 18005044
345083 550920 13654457
354851 560942 13744467
354167 563184 20927418
330562 532897 12819546
337088 541939 23500915
351768 560025 13834223
315511 516649 15904699
341425 545887 14454279
360794 571844 17279325
348420 555928 19454420
347189 554843 13783972
336004 539492 18467740
342070 549093 17248459
342256 547252 14152515
341120 545947 13458390
342351 549224 17783723
323692 526403 13404625
347085 553374 15237611
337507 540922 13120374
354369 563738 23043630
361159 570874 16708576
355606 564924 13583504
339461 543834 13852673
347519 555665 14614770
350416 559207 13737078
