1495633 2327431 60680674
1406252 2211463 76246192
1461760 2275209 59693927
1442589 2253709 58346712
1432664 2244648 57112943
1466266 2290672 90963667
1488076 2308723 57852403
1434755 2247634 58668917
1384233 2185975 56592652
1448209 2257504 58268999
1475957 2298796 59654939
1440288 2258649 60741867
1466306 2288533 63201725
1457023 2278443 71765350
1430675 2242588 57615356
1457702 2277967 58762712
1396550 2200600 86119632
1504913 2332287 67486797
1419368 2224569 62647650
1400512 2203699 57610960
1416159 2225939 67364085
1425288 2234836 60307757
1439031 2251498 59980895
1408300 2211882 56325587
1463512 2286762 70029103
1382173 2186294 56507452
1427981 2239361 68172842
1444271 2258732 57400688
1438991 2249708 58016575
1400696 2203506 56365132
1421587 2228507 59145336
1429636 2240124 68245061
1441528 2249506 68104709
1380344 2173472 86709172
1420186 2227870 56557837
1440665 2253275 73534190
1492410 2315926 58160409
1434987 2246171 61557171
1483614 2304798 59435754
1430511 2239698 82718658
1401589 2206257 70609297
1449539 2267383 58781241
1416706 2227440 75932481
1448530 2263789 95750757
1464644 2286884 64632309
1472664 2299505 61214145
1437346 2252161 58265866
1420771 2233212 57529543
1484993 2317575 66939756
1445113 2262139 58547088
1466377 2288585 86426802
1400654 2203914 58532025
1451642 2275531 58765154
1466538 2289539 60367113
1427265 2239046 60159012
1418039 2223999 59156802
1457046 2275976 58857121
1446216 2258854 60143475
1425922 2228007 87510296
1417058 2222744 58567802
1439218 2263565 57073218
1417694 2222314 95741721
1464597 2285606 60043132
1436819 2244945 58162287
1421594 2232668 59404950
1437421 2253480 59394825
1419400 2227341 56843913
1459846 2278676 61497417
1411848 2215784 78344402
1471740 2299047 91542902
1439413 2250581 58440138
1457162 2276877 68674028
1433678 2251863 57341706
1430038 2238591 59074741
1436756 2249617 57187196
1486603 2310729 60314719
1381018 2174904 55583754
1410962 2219003 59421443
1441819 2256357 72593390
1428670 2239692 57417838
1493603 2324096 61304628
1409954 2211760 85656130
1470593 2285390 80648850
1454496 2273908 84708041
1438838 2253447 60547971
1461094 2282110 60188157
1485528 2317586 59974436
1419382 2220345 81107583
1449009 2268012 58570047
1438761 2247421 79690831
1373426 2174957 60180348
1442640 2253838 58351442
1458124 2282111 64628060
1411069 2212250 61412782
1508126 2337630 63669625
1399289 2198926 55524341
1449311 2265585 74425237
1393025 2191941 67558232
1422936 2232127 89865696
1463850 2285804 61989073
