283318 505698 12039737
285510 508494 11963308
285983 510457 21166571
286290 511608 12766027
286381 511259 20561012
281707 503511 18569701
285421 509488 13693429
287219 512647 12407580
286101 509954 14110696
286951 511268 13912010
283104 504298 18288062
286104 510914 12786535
285200 509376 16122988
284214 506586 12814490
283881 506493 12636776
282671 504467 12452530
285505 509631 20847164
283404 507061 12905418
283629 506877 13246477
286098 508989 12040521
287292 513571 12169105
282157 503108 12047509
287498 514509 20901730
283002 506702 19663582
286210 511119 12514070
284886 509149 12275609
286107 511392 12500970
281945 502362 11989842
285610 509990 12981708
284510 508445 12967453
285873 510203 12972655
288375 514655 12606293
286030 510038 13382149
283702 507731 11575020
282999 506187 16623554
285727 509834 13088863
279038 499201 12583709
284736 509130 16221366
283708 505724 12557239
284246 507308 15595239
283996 506984 12244140
286190 511402 20876909
284706 508084 12529572
284555 507330 12879683
284023 506765 12169336
287943 514315 12766135
283828 507565 13763902
283915 506899 12278657
282651 504947 13885194
287525 513372 13327634
285851 509695 15372136
285656 512636 13185340
286716 510874 19638047
285750 509578 19967895
284876 509243 20078905
286450 511058 12331405
285073 506810 18850924
280374 500489 20439323
285623 508484 13072574
285377 509538 13015869
283947 507476 12720856
284984 509397 12041793
282894 504612 12784905
286223 510882 20632692
285958 510529 12997531
283454 505635 12785509
282992 504465 12330212
285612 509268 12493081
287079 511418 13324193
282121 503748 12783265
282120 503216 12368767
285727 509554 12741505
285105 508231 12961112
281811 503733 12947791
287304 512440 12457404
280695 501722 12333712
284540 508536 15164093
285840 509383 12327558
285741 508883 12642519
284838 509501 12388688
286208 511599 20859200
285661 509669 12755034
280354 501435 11697837
285555 509849 12801392
287374 512342 14790797
283528 506699 13180637
286263 512309 13117813
286351 510928 21282647
283051 505690 18917555
284765 509766 12329045
287211 513597 16180264
284722 508293 12083571
283371 505484 12840603
279662 499429 12858299
284429 507889 12286311
286087 510042 12222719
285626 510299 20401713
286450 512157 13617231
284599 507248 15832072
287168 512913 13930716
