1224166 1923207 49216568
1267602 1982271 81130155
1297813 2022607 52577554
1281088 2002958 76742191
1232324 1935842 51720536
1263109 1978217 50692701
1225021 1926000 82723473
1303092 2033717 52861651
1269004 1987398 73020306
1244290 1951419 69962505
1297690 2026280 62151522
1290302 2014273 53866346
1271439 1986589 52757990
1276702 1993684 81075864
1228210 1929841 48608190
1201167 1900252 76934041
1288515 2013215 54795622
1266756 1982172 50282224
1288166 2007398 71116345
1297986 2022834 54255092
1273070 1990815 73644589
1271505 1990971 49854849
1221640 1922995 75952934
1196196 1890804 48004023
1289058 2008808 57622201
1252204 1965180 52148356
1200843 1910884 60515511
1280087 1998025 80903285
1314628 2050782 54771814
1270778 1988879 51293158
1319527 2049793 52823034
1286420 2003786 52635053
1287396 2004356 52988959
1184782 1887758 48140657
1267892 1984610 58116046
1234999 1938231 50332866
1296853 2021668 89441161
1298572 2024290 53335757
1286029 2008324 83033401
1269270 1985589 72211615
1302648 2028201 88224156
1307285 2035446 91258001
1241847 1950748 60431781
1241742 1947944 50370702
1262664 1979121 82187400
1262374 1975727 50083930
1292311 2016393 54798419
1237990 1946444 72668549
1328323 2064503 54129893
1180195 1884013 69424757
1287547 2007244 82663263
1321168 2050151 54509680
1282794 2003274 68833581
1274224 1995746 71902146
1270837 1983875 52549714
1206315 1917441 60707670
1301579 2026468 55281279
1297409 2019679 83813205
1283158 2001108 50801158
1269647 1986171 53008595
1265137 1979769 50604585
1294782 2018047 83148261
1231543 1934975 63963120
1194709 1893326 49579683
1275883 1993356 52135229
1241101 1948005 79752958
1241937 1948915 51535880
1275533 1994783 53092768
1248077 1958146 48076543
1296619 2019044 53607607
1267871 1983499 50660659
1244504 1953556 52243639
1270463 1986572 51993988
1275595 1992395 80958687
1286562 2009064 50611909
1273887 1990754 51478078
1252238 1966272 51641670
1284144 2001280 68519815
1266585 1978360 64743664
1226643 1931393 64270374
1299252 2022157 77073163
1273812 1993506 49521671
1264858 1978042 73347275
1276579 1995503 54996406
1175408 1876492 69409904
1285710 2005397 53124821
1308877 2037568 54755189
1253380 1961424 60865322
1291000 2012222 79298742
1275952 1989318 50901762
1267365 1979921 69971111
1288704 2006327 70487988
1228764 1933128 74043056
1265471 1978538 72401386
1226672 1928911 47930160
1282350 2007489 52276605
1299794 2023426 80690003
1190284 1894066 48028569
1226218 1931421 64179966
1247218 1949832 59867078
