1436870 2298765 58347487
1479543 2324543 77711574
1515785 2379895 106511431
1550830 2424421 63731928
1471794 2344944 60528911
1495671 2352040 86933546
1504729 2362029 60563118
1449585 2294316 66097803
1471076 2319455 65665497
1488809 2345272 63563276
1499322 2356145 63473721
1497916 2357772 63543886
1500462 2359620 59898658
1508706 2367542 60516045
1485300 2333142 62054350
1449720 2297651 65550110
1441191 2279056 59126096
1491467 2347037 61822199
1444101 2282876 66825950
1444192 2283754 88508926
1525478 2403924 96348025
1470432 2318818 95266305
1537764 2413715 110388461
1458566 2303125 58805591
1522522 2387776 62573177
1487209 2336334 90424420
1513667 2389114 92570198
1433591 2278518 60649416
1413457 2258213 58481060
1534737 2405894 63071371
1519811 2381165 60698298
1550923 2425005 78567704
1485562 2334046 74240311
1446894 2312465 79489093
1501824 2360485 59444984
1503647 2376006 77069659
1468451 2320837 61037845
1487157 2350751 61462323
1487105 2336179 61857718
1498278 2355489 83561230
1472263 2319889 62029258
1475631 2337890 85423324
1472467 2334956 60647350
1483084 2334947 61026185
1508677 2371665 79386423
1455748 2296695 77444308
1434946 2290953 78048650
1471978 2318489 62319227
1519845 2385263 89563196
1495405 2352058 64515976
1468157 2312086 61864992
1498292 2354347 59501917
1467529 2312028 58728428
1468423 2315409 82930554
1473583 2321897 60424554
1513860 2376508 63117522
1509767 2368127 73147445
1518343 2396056 62851083
1497240 2362851 81307131
1475231 2321538 59988497
1384518 2217558 55733083
1439979 2277133 66848737
1466913 2329085 72015921
1495866 2350566 98298740
1506974 2365147 63244330
1512108 2371094 60882854
1464661 2309130 61998837
1479286 2326762 61539357
1490663 2347583 60724727
1457926 2299807 82579178
1510119 2367013 59744866
1525009 2389187 97071972
1482626 2333485 59064916
1429409 2289948 94730990
1452796 2317578 57877430
1489696 2348757 62270343
1500178 2357288 61845940
1539231 2414835 89898286
1474620 2321312 56236416
1496427 2348850 81408295
1504104 2389083 62592066
1515127 2379241 58852597
1514180 2381767 61699983
1437193 2273507 58741965
1482345 2334561 74416677
1494208 2361478 61546421
1485680 2335034 85500747
1496351 2354745 61965219
1447450 2288229 92573380
1502608 2355389 75555336
1543270 2413431 63046804
1559636 2436591 75505892
1498009 2357023 83114474
1499661 2356434 68594085
1527147 2392558 62975875
1544660 2415432 65258495
1495294 2370470 91887991
1459688 2304300 60211617
1536954 2402301 63652128
1485646 2338156 61938761
