917025 1624836 42405160
915853 1623759 41451578
912649 1617234 41491091
918139 1626892 42097924
915142 1621159 41020258
911199 1617527 43112123
917549 1628421 43206350
916307 1623078 50696047
917761 1627437 41787625
912866 1618489 41461746
914875 1620373 53866019
914206 1623337 52751100
911996 1615240 42427660
907450 1608944 44553788
914994 1621570 42351263
915914 1623649 58203130
919405 1630728 41382496
914530 1620528 57190616
916006 1625164 41478968
911716 1616052 41474307
911053 1616710 41171787
910223 1614601 40670627
910501 1613197 42416277
913430 1619957 42163990
914084 1620757 64201137
916747 1625149 64858750
904749 1607959 51957442
914928 1623622 47954083
915299 1621914 42067492
908570 1611060 67133063
916068 1626355 42485269
906752 1608621 42429264
911446 1616573 41232312
911622 1615752 68861849
915107 1622856 40772531
916413 1624491 41826489
910508 1613574 51664670
919371 1630962 65817418
915315 1622091 49631431
913277 1617560 43123030
909282 1611519 42688456
914338 1622194 41295079
914478 1620254 40761826
914442 1619661 46218120
909369 1610685 40612988
912910 1619346 53016269
915693 1624280 42291761
911873 1619673 40282509
905149 1605180 47675364
917869 1625384 40854020
903956 1604718 42606053
906597 1610756 47472767
865704 1545669 40786676
912251 1618290 43668157
909785 1615709 54635648
918784 1630069 41627476
915618 1621451 43482800
919126 1628965 42507496
909589 1614296 48092232
909667 1612064 54951800
915776 1626730 41589184
917891 1627697 59318923
910299 1616161 43741895
916273 1624123 43094438
908102 1611242 53186550
907249 1609121 54771989
912562 1619232 60348261
914743 1623875 40474838
914363 1620520 54284714
913280 1621043 41282883
911157 1616031 41257978
910748 1618411 47901683
917749 1628553 43168379
908613 1612238 67189491
910181 1615257 42458369
921679 1633781 41401452
912193 1615442 65943931
911126 1617932 68278016
910223 1612745 41338255
906816 1610062 44854458
912645 1617545 41188189
915449 1625921 69237396
919327 1629777 66726502
911153 1616455 43023132
911584 1616286 44449526
915028 1621923 42815232
903990 1605263 53685115
913487 1618374 40772989
911028 1617240 57883623
915094 1624278 42450640
915129 1622328 42043626
909709 1616531 42566089
908907 1612468 45871183
915166 1623100 54184954
914068 1622467 41354676
909781 1611735 65108251
912036 1616391 54094534
914744 1621216 42786492
914859 1620816 56867195
909461 1612600 68804512
